0.9994435906410217,-0.0028559232596307993,0.035268574953079224,0.004947016015648842,0.9994730353355408,-0.04080504924058914,-0.031005684286355972,0.04017958790063858,0.988125741481781
1.0005959272384644,-0.004240216687321663,0.030908534303307533,0.006095278542488813,0.9995402097702026,-0.04425937682390213,-0.03006354533135891,0.04278172552585602,0.990847110748291
1.0008924007415771,-0.005703214090317488,-0.02644927240908146,0.007354983128607273,0.9994509220123291,0.048275552690029144,0.026149729266762733,-0.04623795300722122,0.9919165968894958
1.000170350074768,-0.006425538565963507,0.019179750233888626,0.008562104776501656,0.9986900687217712,-0.05343328043818474,-0.016548030078411102,0.050484489649534225,0.9908108711242676
0.9988866448402405,-0.003283633617684245,0.04479818791151047,0.00508904829621315,0.9998906254768372,-0.028432747349143028,-0.04232492670416832,0.030399849638342857,0.9933934211730957
0.9995745420455933,0.015939662232995033,-0.04230169951915741,-0.017225999385118484,0.9996204376220703,-0.028190206736326218,0.04143185168504715,0.031085357069969177,0.9965068101882935
1.0003550052642822,-0.014021252281963825,0.012257110327482224,0.014201143756508827,0.9987857937812805,-0.05085892230272293,-0.010654730722308159,0.05176921933889389,0.9969831705093384
1.0002121925354004,-0.012615235522389412,0.015204806812107563,0.013033580966293812,0.9988700747489929,-0.05101955682039261,-0.01352374441921711,0.05143929645419121,0.9971345663070679
0.9999743103981018,-0.012995241209864616,0.02035490795969963,0.013821225613355637,0.9988614320755005,-0.04952329769730568,-0.018015166744589806,0.04956530034542084,0.9970988035202026
0.9992976784706116,0.011800264939665794,0.04080428555607796,-0.013471224345266819,0.9994661211967468,0.03540327027440071,-0.038374073803424835,-0.035952989012002945,0.9970329403877258
0.9995077848434448,0.0116919269785285,0.0372328981757164,-0.013517073355615139,0.999226987361908,0.03944063559174538,-0.03502693772315979,-0.03946038335561752,0.9970391988754272
1.0000739097595215,0.007612188346683979,-0.03171690180897713,-0.009266712702810764,0.9989652037620544,-0.04467044770717621,0.030843986198306084,0.04447850212454796,0.9967987537384033
1.0004475116729736,0.008732950314879417,-0.025270147249102592,-0.01011352613568306,0.9988507628440857,-0.04811254143714905,0.0249792467802763,0.04834349453449249,0.9963444471359253
0.9997774362564087,-0.008634943515062332,-0.037835221737623215,0.010788639076054096,0.9996256828308105,0.03993232548236847,0.03706465661525726,-0.039062026888132095,0.9953976273536682
0.9987844228744507,-0.004434038884937763,-0.048533499240875244,0.005903653334826231,1.000070571899414,0.022446567192673683,0.0477418415248394,-0.025643961504101753,0.9974123239517212
0.9987698793411255,0.013944786041975021,0.049394380301237106,-0.014702864922583103,0.999693751335144,0.016542185097932816,-0.04916613548994064,-0.019313974305987358,0.9983709454536438
0.9987767934799194,0.012528753839433193,0.047659315168857574,-0.01332819927483797,0.9995977878570557,0.022241154685616493,-0.04717186465859413,-0.02460896037518978,0.9985748529434204
0.9986252188682556,0.011106195859611034,0.0467197448015213,-0.011671668849885464,0.9996700286865234,0.025228992104530334,-0.046068206429481506,-0.026841435581445694,0.998734176158905
0.9983728528022766,0.010797930881381035,0.04679013043642044,-0.011199342086911201,0.9995298385620117,0.02571892738342285,-0.04622746258974075,-0.02676817774772644,0.9990662336349487
0.9981375336647034,0.010138669982552528,0.045199353247880936,-0.010521060787141323,0.9994661211967468,0.02900967001914978,-0.0447162501513958,-0.0296271201223135,0.9993203282356262
0.9980101585388184,0.011874387040734291,0.04133715480566025,-0.012626592069864273,0.9993505477905273,0.0339038223028183,-0.0410684235394001,-0.034163303673267365,0.9995020627975464
0.9980883598327637,-0.01291824970394373,-0.040507830679416656,0.013842268846929073,0.9992243647575378,0.03457430750131607,0.04044020548462868,-0.034865349531173706,0.9994826316833496
0.9983600378036499,0.012737156823277473,0.03704607114195824,-0.013841082341969013,0.9990917444229126,0.03842224180698395,-0.03670257702469826,-0.03891075775027275,0.9992296099662781
0.9988082051277161,0.012003296054899693,-0.02974584326148033,-0.013471189886331558,0.9989516735076904,-0.0447109155356884,0.028871657326817513,0.04524839669466019,0.998763382434845
0.9994869828224182,0.010810487903654575,-0.024811528623104095,-0.01241582166403532,0.9986964464187622,-0.04804666340351105,0.02370292879641056,0.048562563955783844,0.9980527758598328
1.0000584125518799,0.008832832798361778,-0.024015376344323158,-0.010427594184875488,0.9988055229187012,-0.048857416957616806,0.023303039371967316,0.04922725632786751,0.9972096681594849
0.9995278120040894,-0.010543784126639366,0.03964553400874138,0.012511651031672955,0.9997652173042297,-0.036990974098443985,-0.039262399077415466,0.037469491362571716,0.9962083101272583
1.0007925033569336,-0.0066952770575881,0.009491201490163803,0.006148960441350937,0.9987205266952515,0.05506248399615288,-0.007972109131515026,-0.0541389063000679,0.9951169490814209
0.9985002279281616,-0.006381848361343145,-0.05275512859225273,0.007324238773435354,0.9998652338981628,0.013675686903297901,0.051926836371421814,-0.01685563288629055,0.9991449117660522
0.9995286464691162,-0.015016254037618637,-0.0015982030890882015,0.014758417382836342,0.9982960224151611,-0.052436463534832,0.004271576646715403,0.05282692611217499,0.9996392130851746
0.9984148740768433,0.013360687531530857,0.050213512033224106,-0.01373245008289814,0.9995726943016052,0.014742123894393444,-0.05050820857286453,-0.017229653894901276,0.9995269179344177
0.9983473420143127,0.011738999746739864,0.0506872721016407,-0.011484029702842236,0.9997214674949646,0.014508767053484917,-0.05108869820833206,-0.0162346251308918,0.999560534954071
0.9980632662773132,0.008996346034109592,0.04910013824701309,-0.008905663155019283,0.999653160572052,0.020837953314185143,-0.04964900761842728,-0.021593762561678886,0.9998077750205994
0.9979456067085266,0.010012728162109852,0.04692009836435318,-0.010241345502436161,0.9995699524879456,0.02470593899488449,-0.04812898114323616,-0.024749385192990303,1.0000890493392944
0.9978641271591187,0.010542918927967548,0.04578862711787224,-0.01093194168061018,0.9995604753494263,0.026244837790727615,-0.047651369124650955,-0.025699593126773834,1.0002840757369995
0.9979295134544373,0.010676334612071514,0.043756891041994095,-0.01133015751838684,0.9995045065879822,0.02918495051562786,-0.046248212456703186,-0.028466837480664253,1.0003334283828735
0.9981345534324646,0.012106360867619514,0.03914088383316994,-0.013190609402954578,0.9993230104446411,0.0345335453748703,-0.04182820022106171,-0.03393268957734108,1.0003128051757812
0.9983328580856323,0.013254005461931229,0.037180669605731964,-0.01427021436393261,0.9992139935493469,0.03637046366930008,-0.03968971222639084,-0.03608483448624611,1.0002169609069824
0.9984845519065857,0.013311400078237057,0.0341767892241478,-0.014365886338055134,0.9990277290344238,0.03950091823935509,-0.03617165610194206,-0.03956132382154465,1.0000152587890625
0.9986535310745239,0.012398610822856426,0.029368780553340912,-0.013446922414004803,0.9988589882850647,0.04374103620648384,-0.030641842633485794,-0.04428130388259888,0.9997271299362183
0.9988009929656982,0.011313831433653831,-0.02568132057785988,-0.012261190451681614,0.9987965822219849,-0.046633679419755936,0.02599620632827282,0.047519490122795105,0.9992136359214783
0.9991545677185059,0.009700561873614788,-0.027232006192207336,-0.010791699402034283,0.998935878276825,-0.04662970453500748,0.026729168370366096,0.04752608761191368,0.9984102845191956
0.9997632503509521,0.010264256969094276,-0.02523147314786911,-0.011892502196133137,0.9989724159240723,-0.04800477623939514,0.02432938851416111,0.048630859702825546,0.9974693059921265
0.9995988011360168,-0.009125781245529652,-0.035129059106111526,0.011196172796189785,0.9994977116584778,0.04254450276494026,0.034214381128549576,-0.04209854453802109,0.9965175986289978
0.9984520077705383,-0.00832937192171812,-0.05467001348733902,0.00897742249071598,0.9997672438621521,0.006395410280674696,0.05366592854261398,-0.008980615995824337,0.999355673789978
0.9982003569602966,0.015351342037320137,0.052719101309776306,-0.01536779385060072,0.99953693151474,0.002455162350088358,-0.05276498943567276,-0.00468094227835536,0.9998524188995361
0.998207688331604,0.012472898699343204,0.0524648018181324,-0.012332824990153313,0.9997519254684448,0.0064844246953725815,-0.05319225415587425,-0.0083455890417099,0.9997734427452087
0.9981158971786499,0.008671657182276249,0.05151111260056496,-0.008702593855559826,0.9997987747192383,0.013225682079792023,-0.05255090445280075,-0.014302296563982964,0.9998316764831543
0.9980508685112,0.010205964557826519,0.05074110999703407,-0.010200629010796547,0.999977171421051,0.01365957036614418,-0.0526571087539196,-0.013838403858244419,1.0000040531158447
0.9980418682098389,0.009843735024333,0.04856713488698006,-0.010362745262682438,1.0000020265579224,0.01948726922273636,-0.05124766752123833,-0.01898234151303768,0.999994158744812
0.9981076121330261,0.010996521450579166,0.045740459114313126,-0.012101387605071068,0.9998977184295654,0.0242321714758873,-0.04919664189219475,-0.02335011027753353,0.999894917011261
0.9981973767280579,0.011876886710524559,0.0441264882683754,-0.013189475983381271,0.9998384118080139,0.026056203991174698,-0.04816170036792755,-0.024867044761776924,0.9998436570167542
0.9984339475631714,0.012042747810482979,0.04240172356367111,-0.013402477838099003,0.9997119307518005,0.028380010277032852,-0.0468171089887619,-0.027238616719841957,0.999794065952301
0.998701274394989,0.013029932044446468,0.03818856179714203,-0.014730550348758698,0.9995086789131165,0.033369556069374084,-0.042805857956409454,-0.03260704502463341,0.9997957348823547
0.9988977909088135,0.0146219776943326,0.03507297858595848,-0.016255002468824387,0.9993855357170105,0.036356136202812195,-0.03960160166025162,-0.03600519895553589,0.9997465014457703
0.9989310503005981,0.014769483357667923,0.0326765812933445,-0.016255270689725876,0.9991865158081055,0.03907155245542526,-0.03662216663360596,-0.03900178521871567,0.9996034502983093
0.9989844560623169,0.013428975827991962,0.028839513659477234,-0.014641216956079006,0.9989895224571228,0.042988382279872894,-0.03199436515569687,-0.04324713721871376,0.999488890171051
0.9990752935409546,0.012786210514605045,-0.023864293470978737,-0.013717073947191238,0.9987787008285522,-0.04662023112177849,0.025957904756069183,0.04727711156010628,0.9993390440940857
0.9990222454071045,0.011701323091983795,-0.02407010644674301,-0.01238028984516859,0.9987604022026062,-0.047393571585416794,0.024783721193671227,0.04823298379778862,0.9989847540855408
0.999444842338562,0.010079077444970608,-0.01963834837079048,-0.010901911184191704,0.998742401599884,-0.050293419510126114,0.019057411700487137,0.05113900080323219,0.9982768893241882
0.999768853187561,0.01023333054035902,-0.02362208627164364,-0.011726684868335724,0.9990041255950928,-0.04895514249801636,0.022680435329675674,0.049489572644233704,0.9974110126495361
1.0004304647445679,-0.007868187502026558,-0.016199955716729164,0.006972456816583872,0.9986584186553955,-0.05315231531858444,0.01598689705133438,0.052464038133621216,0.9964909553527832
0.9985786080360413,-0.010767090134322643,-0.05517793446779251,0.010569102130830288,0.9998126029968262,-0.0031388686038553715,0.054100506007671356,0.0004650197515729815,0.9990747570991516
0.9982232451438904,0.016764027997851372,0.05307675898075104,-0.01658499985933304,0.999555230140686,-0.002684743609279394,-0.0526069737970829,0.0008796193287707865,0.9996835589408875
0.9980823397636414,0.01415266003459692,0.052949219942092896,-0.01403876207768917,0.9997336268424988,0.0006187665276229382,-0.053375765681266785,-0.00207194359973073,0.9998631477355957
0.9980953335762024,0.008306480012834072,0.05315176770091057,-0.008192724548280239,1.0000263452529907,0.005151947494596243,-0.05441940203309059,-0.0060499864630401134,0.9998351335525513
0.9982083439826965,0.008415755815804005,0.051408831030130386,-0.00891436729580164,1.000058650970459,0.01171956118196249,-0.05345546081662178,-0.012182102538645267,0.9997915625572205
0.9982795119285583,0.010222070850431919,0.05020003765821457,-0.011020352132618427,1.0002014636993408,0.012754110619425774,-0.053046684712171555,-0.012776792980730534,0.9996249675750732
0.9984797835350037,0.010188508778810501,0.0481346920132637,-0.011350651271641254,1.0002057552337646,0.017597652971744537,-0.05179893225431442,-0.017451902851462364,0.9993149638175964
0.9987121224403381,0.01174873672425747,0.04508310928940773,-0.013353675603866577,1.0000866651535034,0.022808032110333443,-0.049235906451940536,-0.022548271343111992,0.9990814328193665
0.9988656044006348,0.012476450763642788,0.04335596412420273,-0.014349144883453846,0.999956488609314,0.025124963372945786,-0.04785493388772011,-0.024683181196451187,0.9990946054458618
0.9992371797561646,0.012858635745942593,0.041467733681201935,-0.014807683415710926,0.9998040199279785,0.027815813198685646,-0.046186864376068115,-0.02751987613737583,0.999066174030304
0.999647855758667,-0.013740469701588154,-0.03623129799962044,0.015887362882494926,0.999474287033081,0.03403184190392494,0.040998704731464386,-0.034492749720811844,0.9990100860595703
0.9998593330383301,0.015363805927336216,0.031563952565193176,-0.01740916259586811,0.9992905259132385,0.03813304007053375,-0.03616134822368622,-0.03908379748463631,0.9988399147987366
0.9997357726097107,0.015894390642642975,0.030635401606559753,-0.017783747985959053,0.9992772340774536,0.03937315568327904,-0.034832585602998734,-0.0401204414665699,0.998598575592041
0.9996134638786316,0.014774722047150135,0.02849498763680458,-0.016341527923941612,0.9991400241851807,0.04216945171356201,-0.032117657363414764,-0.0426408126950264,0.9985529184341431
0.9994556307792664,0.013902207836508751,-0.026591507717967033,-0.015128380618989468,0.9989233016967773,-0.04436458274722099,0.029473964124917984,0.0447436161339283,0.9987201690673828
0.999180793762207,0.012271354906260967,0.030323350802063942,-0.013155419379472733,0.9988815188407898,0.043057601898908615,-0.032175175845623016,-0.04340887814760208,0.9988425970077515
0.9991440176963806,0.011275796219706535,0.032328419387340546,-0.011952823959290981,0.9988945126533508,0.042629726231098175,-0.03270639106631279,-0.04337899386882782,0.9986091256141663
0.9994760751724243,0.009567083790898323,-0.029633790254592896,-0.010807476006448269,0.9990360140800476,-0.04549182951450348,0.028973203152418137,0.04634148254990578,0.9979599118232727
1.0002416372299194,0.0076101007871329784,0.007306566461920738,-0.008324327878654003,0.9987133145332336,0.054865963757038116,-0.006623538676649332,-0.054398927837610245,0.9971611499786377
1.0002936124801636,-0.008111539296805859,-0.022063076496124268,0.00673253508284688,0.9987273216247559,-0.051357999444007874,0.021463390439748764,0.050301577895879745,0.9965418577194214
0.9982032179832458,0.0044807326048612595,-0.05552767217159271,-0.0037241631653159857,0.9999716877937317,0.00911838747560978,0.054809242486953735,-0.007632093038409948,0.9989941716194153
0.9981347918510437,0.015562002547085285,0.05326501652598381,-0.01532069407403469,0.9997376203536987,-0.005975829903036356,-0.052546583116054535,0.004683046136051416,0.9995514750480652
0.9979361295700073,0.007602644618600607,-0.05407196283340454,-0.007475868333131075,1.0000598430633545,0.0036928104236721992,0.0546354204416275,-0.0025880218017846346,0.9998641014099121
0.9981638789176941,0.009025827050209045,0.052954256534576416,-0.00888476986438036,1.0002412796020508,-0.0014495053328573704,-0.05474141612648964,0.0007477221661247313,0.9998157620429993
0.9983037114143372,0.009286194108426571,0.051953334361314774,-0.009766850620508194,1.0002117156982422,0.005210578441619873,-0.054360516369342804,-0.005782265216112137,0.999617874622345
0.9984579086303711,0.010780930519104004,0.05085542052984238,-0.01137333270162344,1.0002706050872803,0.00678552221506834,-0.05392950400710106,-0.007184701040387154,0.9993408918380737
0.9987813830375671,0.011379304341971874,0.04958522692322731,-0.012161476537585258,1.0002385377883911,0.010656009428203106,-0.05315440893173218,-0.010804490186274052,0.9989439249038696
0.9990949034690857,0.01264140009880066,0.04737389460206032,-0.013884359039366245,1.0000624656677246,0.016499148681759834,-0.0510886013507843,-0.016488656401634216,0.9987775087356567
0.9992012977600098,0.012921921908855438,0.045756902545690536,-0.014515641145408154,0.9998816847801208,0.019985709339380264,-0.049694258719682693,-0.019955681636929512,0.9988647699356079
0.9993815422058105,0.012515402399003506,0.044147688895463943,-0.014132914133369923,0.9997565746307373,0.023443199694156647,-0.04822249338030815,-0.023681411519646645,0.9988604784011841
0.9996597766876221,-0.013261990621685982,-0.04013452306389809,0.014985056594014168,0.9995772242546082,0.029549339786171913,0.04413833096623421,-0.030468588694930077,0.9986749887466431
1.0000158548355103,0.014690263196825981,0.03168340027332306,-0.016284586861729622,0.9992306232452393,0.03824920207262039,-0.03515064716339111,-0.03992073982954025,0.9984803795814514
0.999874472618103,0.015610739588737488,0.031058408319950104,-0.017289774492383003,0.9992530345916748,0.03892596438527107,-0.03414272516965866,-0.04029074311256409,0.9983336925506592
0.9998324513435364,0.014985600486397743,0.028358817100524902,-0.016557825729250908,0.9991441965103149,0.04187159985303879,-0.031075429171323776,-0.042899083346128464,0.9982594847679138
0.9997409582138062,0.01478766929358244,0.027445297688245773,-0.01625141315162182,0.9990424513816833,0.043218858540058136,-0.029865296557545662,-0.043926991522312164,0.9983237981796265
0.9994871020317078,0.013454488478600979,0.02943136915564537,-0.01460146252065897,0.9989632964134216,0.04303668811917305,-0.03142062947154045,-0.0434817373752594,0.9984492659568787
0.9992062449455261,0.012423642911016941,0.03387108072638512,-0.013204109854996204,0.998986005783081,0.040811192244291306,-0.0348760224878788,-0.04121888801455498,0.9984897375106812
0.9993438124656677,0.011324238032102585,-0.027740737423300743,-0.012062626890838146,0.998915433883667,-0.04624907672405243,0.027341535314917564,0.04697557911276817,0.9982046484947205
0.9998282194137573,0.00837432686239481,-0.019440442323684692,-0.009467429481446743,0.9988440275192261,-0.051407650113105774,0.018445491790771484,0.051459621638059616,0.9976458549499512
0.9993035197257996,-0.0092827333137393,0.040926508605480194,0.010813599452376366,0.9996650815010071,-0.03715760260820389,-0.039840925484895706,0.037254851311445236,0.9971162676811218
0.9985132217407227,0.015892770141363144,0.052956946194171906,-0.015078331343829632,0.9996127486228943,-0.013160309754312038,-0.05177900195121765,0.011441688984632492,0.9988277554512024
0.9979001879692078,0.007631438784301281,0.05454682558774948,-0.007376332767307758,1.0000474452972412,-0.010018908418715,-0.05350774899125099,0.008997281081974506,0.9993982315063477
0.9978815317153931,0.007793189957737923,0.05329751968383789,-0.007477911189198494,1.000109314918518,-0.008941615000367165,-0.05428731068968773,0.007861612364649773,0.999968945980072
0.9982574582099915,0.00935429148375988,0.05222592502832413,-0.00896512158215046,1.0002158880233765,-0.007522543426603079,-0.054280538111925125,0.0066537982784211636,0.999837338924408
0.9983896017074585,0.009932679124176502,0.05198248475790024,-0.010112732648849487,1.0002119541168213,7.298498530872166e-05,-0.05443865433335304,-0.0010130483424291015,0.9997116923332214
0.9986329674720764,0.010854487307369709,0.05129150301218033,-0.010975256562232971,1.0002413988113403,0.002081221668049693,-0.054361578077077866,-0.002702644094824791,0.9993689656257629
0.9989888668060303,0.011515217833220959,0.05060023069381714,-0.01194766629487276,1.000182867050171,0.006767404265701771,-0.05373471602797508,-0.006868353579193354,0.9989446997642517
0.9991621971130371,0.012781771831214428,-0.04813408851623535,-0.013992151245474815,0.9999575614929199,-0.015744535252451897,0.0512004978954792,0.01586327515542507,0.9988752007484436
0.9992773532867432,0.01293913647532463,0.04557149484753609,-0.014474773779511452,0.9996976852416992,0.021510759368538857,-0.04880772531032562,-0.02193901501595974,0.9990094304084778
0.9993776082992554,0.012618510983884335,0.04354499652981758,-0.014118409715592861,0.9995772838592529,0.025195496156811714,-0.046908531337976456,-0.026053516194224358,0.9990300536155701
0.9995834827423096,-0.013504508882761002,-0.038946088403463364,0.014943229034543037,0.9994364380836487,0.031466107815504074,0.04208485037088394,-0.032939761877059937,0.9988763332366943
0.999824583530426,0.014684369787573814,0.02959878370165825,-0.01608666032552719,0.9990997314453125,0.04012049362063408,-0.032265324145555496,-0.04210284352302551,0.9987850785255432
0.999678909778595,0.015815850347280502,0.029911411926150322,-0.017404209822416306,0.9990850687026978,0.039699360728263855,-0.03263331204652786,-0.041393667459487915,0.9987128376960754
0.9995396733283997,0.015558687970042229,0.030321713536977768,-0.01717708446085453,0.9991130828857422,0.03993524610996246,-0.03293147310614586,-0.04129164665937424,0.9986165761947632
0.9995300769805908,0.015859315171837807,0.029881710186600685,-0.01743844710290432,0.999108076095581,0.04073384404182434,-0.03213020786643028,-0.041902415454387665,0.998466432094574
0.9994110465049744,0.01454131118953228,0.031182119622826576,-0.01594623550772667,0.9991143345832825,0.04100874066352844,-0.03299550712108612,-0.041809260845184326,0.9983802437782288
0.999012291431427,0.013343984261155128,0.04263003543019295,-0.014388701878488064,0.9994041323661804,0.030743183568120003,-0.043804317712783813,-0.030942635610699654,0.9983485341072083
0.9986976981163025,0.012460608035326004,-0.053629592061042786,-0.012488504871726036,0.999556839466095,4.1705079638632014e-06,0.05403473228216171,0.0003415154933463782,0.9982866048812866
0.998902440071106,-0.011834058910608292,0.04809412360191345,0.010805307887494564,0.9995505213737488,0.02549798972904682,-0.04839269816875458,-0.024485191330313683,0.9980525374412537
0.9985952973365784,-0.009702684357762337,0.05512169748544693,0.009784098714590073,1.0001333951950073,-0.005566941108554602,-0.054143693298101425,0.006550443824380636,0.9976218342781067
0.9994696974754333,-0.008340644650161266,-0.031801532953977585,0.007170422002673149,0.9988870024681091,-0.04660651460289955,0.032465189695358276,0.044295184314250946,0.9962432980537415
0.9992826581001282,-0.015439633280038834,-0.04870929941534996,0.014486541040241718,0.9994753003120422,-0.02280309610068798,0.04791853576898575,0.021897166967391968,0.9967933893203735
0.9985946416854858,0.014134428463876247,0.05240815505385399,-0.013139820657670498,0.999589741230011,-0.016511019319295883,-0.05124225467443466,0.01518384087830782,0.9986001253128052
0.9977277517318726,0.010167689062654972,0.052909739315509796,-0.009497011080384254,0.999872624874115,-0.014829378575086594,-0.0521557480096817,0.013712406158447266,0.9995306730270386
0.9979847073554993,0.009619670920073986,0.051498014479875565,-0.008891403675079346,0.999957263469696,-0.014788462780416012,-0.052985645830631256,0.013636128976941109,0.9999825358390808
0.9983991980552673,0.011453787796199322,0.05070848762989044,-0.010770875960588455,0.9999845027923584,-0.012796904891729355,-0.05293412134051323,0.011893325485289097,0.9998745918273926
0.9984382390975952,0.011802507564425468,0.051278505474328995,-0.011564983054995537,1.0000882148742676,-0.006213105749338865,-0.05393914133310318,0.005326759535819292,0.9998352527618408
0.9987280964851379,0.01171248871833086,0.05132615193724632,-0.011511933989822865,1.000299096107483,-0.0026882251258939505,-0.05442192032933235,0.0021083673927932978,0.9993545413017273
0.998904287815094,0.011836893856525421,0.051280587911605835,-0.012129824608564377,1.0003026723861694,0.003901734249666333,-0.05399077385663986,-0.004027985036373138,0.9989233016967773
0.9989551305770874,0.012864623218774796,0.04908585920929909,-0.014032619073987007,1.0000131130218506,0.014104252681136131,-0.05163031816482544,-0.01434494461864233,0.9989662766456604
0.999004602432251,0.012679812498390675,0.047169655561447144,-0.014110693708062172,0.9997935891151428,0.018773792311549187,-0.05004296824336052,-0.01925544999539852,0.9991888403892517
0.999127984046936,0.012562707997858524,0.04441172629594803,-0.01395889651030302,0.9996346831321716,0.02395624853670597,-0.04758435860276222,-0.024935992434620857,0.9992635846138
0.9992526173591614,-0.0134017588570714,-0.041266828775405884,0.01476654689759016,0.9995498657226562,0.028450381010770798,0.04453008994460106,-0.02982901595532894,0.9991551637649536
0.9995040893554688,0.014386958442628384,0.03298318386077881,-0.015989217907190323,0.9991938471794128,0.03735175356268883,-0.035998035222291946,-0.039289139211177826,0.9990485906600952
0.9993851780891418,0.015157903544604778,0.033122461289167404,-0.01691828854382038,0.9991707801818848,0.03696750849485397,-0.03627954050898552,-0.03865394368767738,0.9989281892776489
0.999260425567627,0.015447422862052917,0.03325790911912918,-0.01718253456056118,0.9991714954376221,0.03700374811887741,-0.03632942959666252,-0.03844687342643738,0.9988425374031067
0.9991750121116638,0.016403350979089737,0.035057440400123596,-0.01802946627140045,0.9992701411247253,0.035456955432891846,-0.03780033811926842,-0.03668147698044777,0.9986757636070251
0.9992120862007141,0.015708014369010925,0.03401997685432434,-0.01712862402200699,0.9992466568946838,0.037632282823324203,-0.03612550348043442,-0.03869014233350754,0.9984987378120422
0.9987723231315613,-0.014501573517918587,-0.04886540398001671,0.015064602717757225,0.9997103810310364,0.017798852175474167,0.050364188849925995,-0.01778228208422661,0.9983659982681274
0.9989611506462097,-0.013419860042631626,-0.04642431065440178,0.012674685567617416,0.9993748664855957,-0.026189332827925682,0.046919140964746475,0.026426611468195915,0.9983265399932861
0.998965322971344,-0.012415938079357147,0.045276325196027756,0.011568858288228512,0.9993908405303955,0.02988968975841999,-0.04560012370347977,-0.02909950353205204,0.9982576370239258
0.9992810487747192,0.010793866589665413,-0.04088766500353813,-0.009394762106239796,0.9993388056755066,0.03701704367995262,0.04126077517867088,-0.03562144562602043,0.997927188873291
0.9994878172874451,-0.008358195424079895,-0.03635922819375992,0.006808365695178509,0.9991504549980164,-0.04285363107919693,0.03631899505853653,0.04094742238521576,0.9974639415740967
0.9996134042739868,-0.01627715677022934,0.04380696639418602,0.015126959420740604,0.999397873878479,0.03027748502790928,-0.04349483922123909,-0.029313577339053154,0.996310293674469
0.9987032413482666,0.012172389775514603,0.0518006794154644,-0.011208191514015198,0.9996098279953003,-0.019065210595726967,-0.050474803894758224,0.018119020387530327,0.9983528256416321
0.9977630972862244,0.011412248015403748,0.05170412361621857,-0.010887891985476017,0.9996979236602783,-0.0173483919352293,-0.051174964755773544,0.01625211350619793,0.999625027179718
0.9980392456054688,0.010212198831140995,0.05015288293361664,-0.009266686625778675,0.9999241828918457,-0.01817694492638111,-0.051845718175172806,0.016914991661906242,1.000076413154602
0.9984555840492249,0.010449469089508057,0.049961380660533905,-0.009479601867496967,0.9999401569366455,-0.015825560316443443,-0.05238712206482887,0.014841347932815552,0.999944806098938
0.9985423684120178,0.01066366396844387,0.05052284523844719,-0.00995465088635683,1.0000436305999756,-0.012072943150997162,-0.053428858518600464,0.011258887127041817,0.9997509717941284
0.9988006949424744,0.00992494449019432,0.05103418603539467,-0.009193617850542068,1.0001994371414185,-0.00985488761216402,-0.053993746638298035,0.00935735460370779,0.9992243647575378
0.9988287687301636,0.01112288050353527,0.05158600956201553,-0.010761876590549946,1.0002690553665161,-0.005248415749520063,-0.05397394299507141,0.00508370716124773,0.9989486932754517
0.998741090297699,0.012206188403069973,0.050807591527700424,-0.012928356416523457,1.0001213550567627,0.007899478077888489,-0.05311782658100128,-0.008256064727902412,0.9990950226783752
0.9987552762031555,0.013001129031181335,0.04899011179804802,-0.014112433418631554,0.9999513030052185,0.013182028196752071,-0.051811009645462036,-0.013677430339157581,0.9993384480476379
0.9990358948707581,0.012754634954035282,0.04499127343297005,-0.014070306904613972,0.9996931552886963,0.02246668003499508,-0.048342473804950714,-0.02354186400771141,0.9993667006492615
0.9991760849952698,-0.013908205553889275,-0.04170400649309158,0.015266399830579758,0.999544620513916,0.02715754136443138,0.04524874687194824,-0.028617236763238907,0.9992590546607971
0.9993985295295715,0.013987720012664795,0.0349983386695385,-0.015547002665698528,0.9992645382881165,0.03525131195783615,-0.038318902254104614,-0.037280526012182236,0.9990758299827576
0.9993090629577637,0.014269224368035793,0.0343174934387207,-0.01609271764755249,0.999179482460022,0.03568728268146515,-0.03782014548778534,-0.03756248578429222,0.9989426732063293
0.9991182684898376,0.014057482592761517,0.03568689897656441,-0.015816975384950638,0.9992874264717102,0.03451378643512726,-0.03940480947494507,-0.03609410300850868,0.998786985874176
0.9990402460098267,-0.014645176939666271,-0.03852203115820885,0.01606052741408348,0.9994770884513855,0.031790591776371,0.04208869859576225,-0.03294410556554794,0.9984965324401855
0.9990465044975281,0.01435751374810934,0.03899163380265236,-0.01557683851569891,0.9994952082633972,0.03253311291337013,-0.041846465319395065,-0.03331977128982544,0.998293936252594
0.998865008354187,-0.013806518167257309,-0.04838468134403229,0.014316829852759838,0.9997286796569824,0.01896841637790203,0.05026940628886223,-0.018774352967739105,0.9982274174690247
0.998936116695404,-0.01260655838996172,-0.04888364300131798,0.011970817111432552,0.9995306730270386,-0.021447574719786644,0.04933292418718338,0.021928679198026657,0.998293399810791
0.9989486932754517,-0.0120840547606349,-0.044831838458776474,0.011266205459833145,0.9994028806686401,-0.03060595691204071,0.045078713446855545,0.029982635751366615,0.9983451962471008
0.999199390411377,0.012726916931569576,0.03970857709646225,-0.011444232426583767,0.9992405772209167,-0.03766299784183502,-0.04011630639433861,0.03616888076066971,0.9982987642288208
0.9993271231651306,-0.008238174021244049,0.038947515189647675,0.006631761789321899,0.9992412328720093,0.04029330611228943,-0.03904961049556732,-0.03845788538455963,0.9979984164237976
1.0000128746032715,-0.01646319404244423,0.041044820100069046,0.015406523831188679,0.9993731379508972,0.03351413458585739,-0.04047368839383125,-0.03293641284108162,0.9950795769691467
0.9991235136985779,-0.008194591850042343,-0.04079652577638626,0.006804871838539839,0.9991888403892517,-0.03841042518615723,0.03925947844982147,0.037448324263095856,0.998166561126709
0.997734546661377,0.012552124448120594,0.04823073372244835,-0.011876886710524559,0.9995504021644592,-0.02508935146033764,-0.047647926956415176,0.024110913276672363,0.9996928572654724
0.99809330701828,0.011389735154807568,0.04662764072418213,-0.009993225336074829,0.9997721314430237,-0.025305574759840965,-0.04873299598693848,0.024138087406754494,1.0002864599227905
0.9986061453819275,0.01079756859689951,0.046596381813287735,-0.009369665756821632,0.999811053276062,-0.02334454096853733,-0.04956488311290741,0.022628402337431908,1.0000722408294678
0.9988589882850647,0.01041074562817812,0.04703506827354431,-0.009041285142302513,0.9998475909233093,-0.02187853865325451,-0.05044833943247795,0.021330179646611214,0.9997117519378662
0.9992040395736694,0.009142599999904633,0.045389458537101746,-0.007558087352663279,0.9997672438621521,-0.025686439126729965,-0.048415977507829666,0.025801248848438263,0.9992110729217529
0.9990236759185791,0.010461462661623955,0.04728877916932106,-0.009069506078958511,0.999912679195404,-0.021678904071450233,-0.04980924725532532,0.021967148408293724,0.9991161823272705
0.9986703991889954,0.011922829784452915,0.05002320930361748,-0.011247441172599792,1.0001335144042969,-0.012201067991554737,-0.052596285939216614,0.012435588985681534,0.9992437958717346
0.9985231161117554,0.012871774844825268,0.050702229142189026,-0.01296386867761612,1.000235676765442,-0.0010371515527367592,-0.0539017878472805,0.0010979704093188047,0.9993987679481506
0.998849093914032,0.01276777870953083,0.04767570272088051,-0.0138233108446002,0.9999375939369202,0.015581835061311722,-0.05140769109129906,-0.01626761071383953,0.9992984533309937
0.9991484880447388,0.013111978769302368,0.0439462810754776,-0.014380286447703838,0.99966961145401,0.023505983874201775,-0.04787563532590866,-0.02471049875020981,0.9990959167480469
0.9993117451667786,-0.012114613316953182,-0.039154909551143646,0.013534178026020527,0.9994621872901917,0.031120356172323227,0.04297301173210144,-0.03283890709280968,0.9988727569580078
0.9991385340690613,-0.01224115863442421,-0.03973587602376938,0.01393849216401577,0.9994452595710754,0.030097395181655884,0.0437544509768486,-0.031609371304512024,0.9987425804138184
0.9989374876022339,-0.012380409985780716,-0.04272010922431946,0.013908623717725277,0.9996732473373413,0.025645554065704346,0.047076549381017685,-0.026660216972231865,0.9984495639801025
0.9990224242210388,-0.01317138597369194,-0.045896101742982864,0.014135695993900299,0.9998847842216492,0.020368553698062897,0.04988064989447594,-0.020652690902352333,0.9979736804962158
0.9990148544311523,-0.013887264765799046,-0.04630834609270096,0.01482913177460432,0.9998691082000732,0.021074499934911728,0.04933338239789009,-0.021097060292959213,0.997795581817627
0.9989064931869507,0.013497492298483849,-0.05192205309867859,-0.013569447211921215,0.999890923500061,-0.004187964368611574,0.05367853492498398,0.0032498256769031286,0.9978716373443604
0.9989280104637146,0.011421681381762028,-0.05184923857450485,-0.011142111383378506,0.9996472001075745,0.013814019039273262,0.052170172333717346,-0.014473873190581799,0.9981662631034851
0.9988511800765991,-0.010646456852555275,-0.050680454820394516,0.010181352496147156,0.9995979070663452,-0.020325716584920883,0.050604626536369324,0.01983998343348503,0.9983869194984436
0.9989802837371826,-0.012863487005233765,-0.04297370836138725,0.01187252625823021,0.9993087649345398,-0.03393353521823883,0.04297338426113129,0.03233962506055832,0.9986345767974854
0.9989868998527527,0.010351784527301788,0.04365713149309158,-0.008856000378727913,0.9993493556976318,-0.03440970554947853,-0.043836288154125214,0.03234546631574631,0.9985136985778809
0.9997521638870239,-0.0163707472383976,0.03736518323421478,0.014971527270972729,0.9995222091674805,0.038566164672374725,-0.03434682637453079,-0.03760945796966553,0.9921655058860779
0.9991102814674377,-0.0069754356518387794,-0.04532337561249733,0.00562719302251935,0.9993745684623718,-0.033415455371141434,0.043394364416599274,0.032955102622509,0.9976951479911804
0.9976757764816284,0.014202110469341278,0.04401511326432228,-0.012975698336958885,0.9994154572486877,-0.03159742429852486,-0.042973943054676056,0.03057970106601715,0.9997087717056274
0.9981441497802734,0.01249354612082243,0.04192976653575897,-0.010834353975951672,0.9994938969612122,-0.03196868672966957,-0.04470575228333473,0.031005192548036575,1.00053071975708
0.998885452747345,0.011728301644325256,0.041825633496046066,-0.010087497532367706,0.9996363520622253,-0.030290896072983742,-0.045403528958559036,0.029941078275442123,1.0001015663146973
0.9992589950561523,0.01140563189983368,0.042535990476608276,-0.009994173422455788,0.9996175765991211,-0.028809765353798866,-0.046499770134687424,0.028709137812256813,0.9996981024742126
0.9995951056480408,0.009221925400197506,-0.03979470953345299,-0.007661654148250818,0.9994205832481384,0.033329714089632034,0.04309111461043358,-0.03389223292469978,0.9992403388023376
0.9994077682495117,0.010220879688858986,-0.03985750302672386,-0.008612006902694702,0.9994403719902039,0.033078137785196304,0.04268397018313408,-0.03392316773533821,0.9992372393608093
0.9991942048072815,0.012286358512938023,-0.04031132906675339,-0.010789179243147373,0.9995989203453064,0.031473226845264435,0.043195854872465134,-0.03265867754817009,0.999319851398468
0.9991005063056946,0.013289179652929306,-0.041051626205444336,-0.011629855260252953,0.9997442364692688,0.029422001913189888,0.04429459944367409,-0.031169617548584938,0.9993193745613098
0.9992926716804504,-0.014635474421083927,0.03695622459053993,0.012977209873497486,0.9996426701545715,0.03342689946293831,-0.039847321808338165,-0.03626411035656929,0.9990594387054443
0.9993087649345398,-0.013853314332664013,-0.039503540843725204,0.015458506532013416,0.99947589635849,0.029885580763220787,0.04312271624803543,-0.031876835972070694,0.9988937377929688
0.9990363717079163,-0.011534078046679497,-0.04207967594265938,0.013053935952484608,0.9995819926261902,0.027246322482824326,0.04590044915676117,-0.028659358620643616,0.998757004737854
0.9987182021141052,-0.011590258218348026,-0.04551652446389198,0.013016545213758945,0.9997590184211731,0.02079138159751892,0.04969039559364319,-0.021639149636030197,0.9985828399658203
0.9985475540161133,0.011184103786945343,0.05021575838327408,-0.01141867320984602,1.0001128911972046,0.003245627973228693,-0.05452477186918259,-0.0024458367843180895,0.9980893731117249
0.9989486336708069,0.011118179187178612,0.05070323497056961,-0.011314744129776955,1.0000730752944946,0.005385732743889093,-0.05422615632414818,-0.004625380504876375,0.9976003170013428
0.9989169836044312,0.011966045945882797,-0.051712311804294586,-0.012057241052389145,1.000112771987915,-0.0023108902387320995,0.05408018082380295,0.001437418395653367,0.9975094795227051
0.9989650845527649,0.01221635565161705,-0.052208561450242996,-0.011916356161236763,0.9999994039535522,0.007307716645300388,0.05341517552733421,-0.008385486900806427,0.9975826144218445
0.9989588856697083,0.009673282504081726,0.052573513239622116,-0.009447385556995869,0.9997243881225586,-0.013334915041923523,-0.05250854790210724,0.014062137342989445,0.9979826211929321
0.9988487958908081,0.00937806349247694,0.05120807886123657,-0.008835861459374428,0.9996835589408875,-0.020273232832551003,-0.050728049129247665,0.019871899858117104,0.9984310269355774
0.998770534992218,0.01467481255531311,0.046573251485824585,-0.013773123733699322,0.9993796348571777,-0.028169846162199974,-0.04613124951720238,0.026660237461328506,0.9989464282989502
0.9987434148788452,0.010520677082240582,0.04609481617808342,-0.009095492772758007,0.9994034767150879,-0.030850067734718323,-0.04624291881918907,0.02888595126569271,0.9989708662033081
0.9996445178985596,-0.01709745265543461,0.043833743780851364,0.015360619872808456,0.9992536902427673,0.030853912234306335,-0.04319622367620468,-0.03010755404829979,0.9968123435974121
0.9979224801063538,-0.013229632750153542,-0.04466629773378372,0.011677117086946964,0.9993174076080322,-0.031047597527503967,0.043220940977334976,0.030436530709266663,0.999362587928772
0.9980407953262329,-0.01195383071899414,-0.03929140791296959,0.010693682357668877,0.999249279499054,-0.03531322255730629,0.04211186245083809,0.03481711819767952,1.0005509853363037
0.999123215675354,0.010434486903250217,-0.03783643618226051,-0.008763996884226799,0.9994450211524963,0.03542014956474304,0.04179209843277931,-0.035263873636722565,1.0000466108322144
0.9996746778488159,0.009301932528614998,-0.03690585121512413,-0.00777993630617857,0.9993817210197449,0.036046434193849564,0.04105024039745331,-0.03655949980020523,0.9996051788330078
1.0000466108322144,-0.007532255724072456,-0.03189614415168762,0.006235077977180481,0.9991162419319153,-0.04097880423069,0.03525410592556,0.042308490723371506,0.9992247819900513
