0.9999128580093384,0.00048602669266983867,-0.0007100363145582378,-0.0004193188506178558,1.0001156330108643,-0.0005826574051752687,0.0014790219720453024,0.0008984582964330912,0.9940792322158813
1.0004640817642212,0.00020034401677548885,-0.0013874259311705828,-8.307513780891895e-05,1.0002813339233398,-0.0010627445299178362,0.0003835617972072214,0.0009233460295945406,0.9957535862922668
1.000552773475647,-0.00015773237100802362,0.001589632360264659,0.0003277920186519623,1.0003318786621094,0.001628136495128274,-0.00023260853777173907,-0.0012456030817702413,0.9966009855270386
1.000243902206421,-0.00035145925357937813,-0.0015964832855388522,0.0007565830019302666,1.0000277757644653,-0.001981095178052783,0.0011315735755488276,0.0015796065563336015,0.9963929653167725
1.0000699758529663,0.0003595103626139462,-0.0008054101490415633,-0.0005218336591497064,0.9998262524604797,-8.421208804065827e-06,0.0008013749611563981,0.0004997819196432829,0.9946761727333069
1.0006954669952393,-0.00013876456068828702,0.0003986941010225564,-6.592064164578915e-05,1.0000547170639038,4.620776599040255e-05,0.00035858340561389923,0.0016196598298847675,0.9972048401832581
1.0006126165390015,-0.0005995325627736747,-0.0004705300380010158,-3.983370334026404e-05,1.0001261234283447,-0.0003369127807673067,0.0005520862177945673,0.0015070141525939107,0.9977470636367798
1.0005778074264526,-0.0005554202361963689,-0.00016045564552769065,8.05075469543226e-05,1.000185489654541,-0.0008513553184457123,0.0004789733502548188,0.0014955408405512571,0.997962474822998
1.000509262084961,-0.0003878112183883786,0.0001318175345659256,6.314907659543678e-05,1.0001167058944702,-0.0012012384831905365,0.0006513363332487643,0.0014279758324846625,0.9980432391166687
1.0004806518554688,8.442254329565912e-05,0.0006419518613256514,-0.0003091900725848973,1.0000355243682861,0.0012133667478337884,0.00012377341045066714,-0.001436881604604423,0.9981232285499573
1.0004709959030151,0.00016437913291156292,0.00034929977846331894,-0.00037257184158079326,1.000053882598877,0.001342850737273693,9.772876364877447e-05,-0.0013181940885260701,0.9983088374137878
1.0004985332489014,-1.1472353435237892e-05,0.0002580911386758089,-0.00011374262248864397,1.0000228881835938,-0.001366932992823422,0.00023127261374611408,0.001466088811866939,0.9985260963439941
1.0005303621292114,-2.7333384423400275e-05,0.000679827353451401,-8.407901623286307e-05,1.0000523328781128,-0.001376728410832584,1.6846737707965076e-05,0.0017335924785584211,0.9984618425369263
1.0003587007522583,-0.00020744191715493798,0.000282675726339221,0.0005621762829832733,1.0002789497375488,0.0020746539812535048,0.00022682816779706627,-0.0014590054051950574,0.9981012940406799
1.0003798007965088,0.00020497273362707347,0.0007464584778062999,-0.0002897580270655453,0.9999914765357971,0.0001773023686837405,0.00038303129258565605,-0.0009298144723288715,0.9963662624359131
1.0006632804870605,9.595624578651041e-05,0.0003429959760978818,-0.0004925888497382402,1.0001721382141113,0.0002609266375657171,-0.0007796931313350797,-0.0013052173890173435,0.997551441192627
1.000557780265808,9.766138100530952e-05,0.0008065106230787933,-0.0004971066955476999,0.9999814629554749,0.00042440168908797204,-0.0007097749039530754,-0.001321848831139505,0.9979234933853149
1.0004501342773438,4.473241278901696e-05,0.0010142928222194314,-0.00017265194037463516,1.0000067949295044,0.0005109678022563457,-0.000637838791590184,-0.00117791339289397,0.9982814192771912
1.000257134437561,9.477121056988835e-05,0.0010625228751450777,-0.00010328865027986467,0.9999153017997742,0.0005729335825890303,-0.0008306774543598294,-0.0012664491077885032,0.9985659122467041
0.999956488609314,0.00021776567155029625,0.001050808816216886,-5.089436308480799e-05,0.9999889731407166,0.0007134705665521324,-0.0008317476604133844,-0.0012128804810345173,0.9986914992332458
0.9997917413711548,0.0003122386406175792,0.0009732472244650126,-0.00024282520462293178,1.0000547170639038,0.0009088750230148435,-0.0008360189385712147,-0.001316344947554171,0.9988545179367065
0.9998206496238708,-0.0002504831936676055,-0.0009057893767021596,0.0003591575659811497,0.9999992251396179,0.000981984194368124,0.0009046787163242698,-0.0013486044481396675,0.9989411234855652
0.9999213218688965,0.0001998776861000806,0.0006654711323790252,-0.0003232677117921412,1.0000015497207642,0.0010667573660612106,-0.0007831519469618797,-0.001444361638277769,0.9989899396896362
1.0000182390213013,0.0001973979960894212,-0.0003566542000044137,-0.0003504017658997327,1.0000159740447998,-0.0012195530580356717,0.0005666846409440041,0.0016559093492105603,0.9989632964134216
1.0001897811889648,0.0001067741250153631,-7.778952567605302e-05,-0.0003665261319838464,0.9999061226844788,-0.0012672205921262503,0.00035633385414257646,0.0016435885336250067,0.9989053606987
1.0003408193588257,-2.7520831281435676e-05,0.0002606386842671782,-0.00028860822203569114,1.0000537633895874,-0.0013373639667406678,0.0001727226044749841,0.0016608885489404202,0.9988408088684082
1.0002312660217285,3.033072061953135e-05,6.762838893337175e-06,0.00031200822559185326,1.000326156616211,-0.0017071024049073458,-0.0006465848418883979,0.0017287090886384249,0.9985388517379761
1.0003780126571655,-0.00011599433491937816,0.0022504248190671206,0.00010623990237945691,1.0001347064971924,0.001240152632817626,-0.0007389160455204546,-0.0013792397221550345,0.9982689619064331
1.0002434253692627,5.6775581469992176e-05,0.0009994469583034515,7.760555718050455e-07,1.0001894235610962,0.0002897218510042876,0.0005929236067458987,-0.0006179407355375588,0.996412456035614
1.0001568794250488,-0.0006432699738070369,-0.0002033819182543084,7.897542673163116e-05,1.0004631280899048,-0.0001852493005571887,0.0009256458724848926,0.00128551188390702,0.9979410171508789
1.0005073547363281,0.00016995602345559746,0.0011157536646351218,-0.00043022457975894213,1.0000008344650269,0.00026110876933671534,-0.0008471024339087307,-0.0011673524277284741,0.9983096718788147
1.0001314878463745,6.904788460815325e-05,0.0013045378727838397,-0.00020038339425809681,0.9998379349708557,0.00017680945165921003,-0.000976814772002399,-0.0010832760017365217,0.9985188841819763
0.9998447299003601,0.00027999503072351217,0.0012359104584902525,-7.101507799234241e-05,1.0000137090682983,0.0003554330032784492,-0.0010075245518237352,-0.0010228179162368178,0.9986715912818909
0.9997033476829529,0.0003339531540405005,0.0012108784867450595,-0.00017568928888067603,1.0000425577163696,0.000542150461114943,-0.0010982869425788522,-0.0010635553626343608,0.9988623857498169
0.9996458888053894,0.0002320180064998567,0.0010467793326824903,-0.00023764872457832098,1.0000485181808472,0.0006599335465580225,-0.001252637361176312,-0.0011335163144394755,0.9988950490951538
0.999737024307251,0.00021722237579524517,0.000786702090408653,-0.00026448260177858174,1.0000312328338623,0.0007810471579432487,-0.0012159626930952072,-0.0011337754549458623,0.998849630355835
0.9998872876167297,0.00031381583539769053,0.0006273127510212362,-0.0002831540768966079,0.9999987483024597,0.0008596745901741087,-0.0010687620379030704,-0.001343331066891551,0.998836100101471
0.9999542236328125,0.0002947418834082782,0.0006541004404425621,-0.0002813799073919654,0.9999854564666748,0.0009055290138348937,-0.000907478854060173,-0.0013357135467231274,0.9988673329353333
1.0000009536743164,0.0002588318893685937,0.0005753563018515706,-0.0002730492560658604,1.0000009536743164,0.0010019089095294476,-0.0007218738319352269,-0.0014323984505608678,0.9989980459213257
1.0000110864639282,0.00023877713829278946,0.00042281686910428107,-0.0002284390211571008,0.999965250492096,0.0011177880223840475,-0.00044051615986973047,-0.0016056860331445932,0.9990336298942566
0.9999629855155945,0.00017741516057867557,-0.0002829228469636291,-0.0001433428406016901,0.9999650716781616,-0.001160203362815082,0.0003171788703184575,0.0015830200864002109,0.9990144371986389
1.0000245571136475,0.00011290238762740046,-0.00021488903439603746,-0.0001730339863570407,1.0000295639038086,-0.0012160034384578466,0.0004367163637652993,0.001553376205265522,0.999067485332489
1.0001990795135498,4.358073965704534e-06,5.704615978174843e-05,-0.00036135478876531124,1.0001161098480225,-0.0014085479779168963,0.00023188252816908062,0.0017079386161640286,0.9989964365959167
1.0002071857452393,-0.0001444274530513212,-5.689433965017088e-05,0.0004866415401920676,1.0002667903900146,0.0019896840676665306,0.00039087541517801583,-0.0015482006128877401,0.9986950159072876
1.0004618167877197,-8.449995220871642e-06,0.0009347658487968147,0.00018663510854821652,1.000083088874817,0.00018731899035628885,0.0013571459567174315,-0.0006560016772709787,0.9972258806228638
1.00062894821167,0.00010432252020109445,0.000750930979847908,-0.00031726117595098913,0.9999687671661377,-1.87776968232356e-05,-0.0008181222365237772,-0.0008829309954307973,0.9981120824813843
1.000301480293274,9.518847946310416e-05,0.001347348210401833,-0.0002974971430376172,0.9998243451118469,7.331355300266296e-05,-0.0010552012827247381,-0.0008448170265182853,0.9987042546272278
0.9998288750648499,0.000298357626888901,0.001398702384904027,-4.3934160203207284e-05,1.0000147819519043,0.0002570666838437319,-0.0012873178347945213,-0.0008127582259476185,0.998849093914032
0.9995421767234802,0.0002550162607803941,0.001153785502538085,-0.00017996954557020217,0.9999774694442749,0.0003068226214963943,-0.001475668279454112,-0.0007876210147514939,0.9988643527030945
0.9996516108512878,0.00028093557921238244,0.0007503399974666536,-0.00017167029727716,0.9999974370002747,0.00042031111661344767,-0.0014551104977726936,-0.0008446553256362677,0.9987972974777222
0.999670147895813,0.00035707553615793586,0.0005520945996977389,-0.00027506164042279124,1.0000168085098267,0.00046547624515369534,-0.0014271546388044953,-0.0010001461487263441,0.9987426996231079
0.9996924996376038,0.00029949264717288315,0.00043125206138938665,-0.00030369797605089843,1.0000444650650024,0.0005054633948020637,-0.0014011592138558626,-0.0011061738478019834,0.9986410737037659
0.9998359084129333,0.0003327372542116791,0.0003779769176617265,-0.00028938890318386257,1.000048279762268,0.0006242405506782234,-0.0012533848639577627,-0.0011130297789350152,0.9985687136650085
0.9999076724052429,0.00037515259464271367,0.00040957628516480327,-0.0002948140900116414,1.0000455379486084,0.000762366980779916,-0.0010720872087404132,-0.001332318875938654,0.9985712170600891
0.9999001622200012,0.00037008736399002373,0.00048065194278024137,-0.0003327987215016037,0.999975860118866,0.0008477498195134103,-0.0009388025500811636,-0.0013384969206526875,0.9986464977264404
0.9998766779899597,0.0003104421484749764,0.0004608037415891886,-0.0003329468017909676,1.0000001192092896,0.0009333958732895553,-0.0008372837328352034,-0.0013790498487651348,0.9988729953765869
0.9998716115951538,0.00025974580785259604,0.0003403013397473842,-0.00030337690259329975,0.9999788403511047,0.0010742597514763474,-0.0006512749823741615,-0.0014983958099037409,0.9990750551223755
0.9999338388442993,0.00020682145259343088,-0.00018311139137949795,-0.0002846915158443153,0.9999935626983643,-0.0011749162804335356,0.00036287587136030197,0.0016219851095229387,0.9991500973701477
0.9999523162841797,0.0002288822433911264,-0.0001652280188864097,-0.00019148419960401952,0.9999739527702332,-0.0012325632851570845,0.00030883096042089164,0.0015937874559313059,0.9991674423217773
1.0000492334365845,0.0001378723100060597,-1.822039484977722e-05,-0.00017680253949947655,0.9999810457229614,-0.0012733907205983996,0.0001413243153365329,0.0016266800230368972,0.9991871118545532
1.000144600868225,3.2336899380425166e-07,8.844115654937923e-05,-0.0003553299175109714,1.0001540184020996,-0.001456329133361578,0.00017761865456122905,0.0017342198407277465,0.999060332775116
1.0003602504730225,-0.00010288064368069172,-0.0017771448474377394,9.001765283755958e-05,1.0000441074371338,-0.0010864424984902143,0.001038260874338448,0.0013708596816286445,0.9987066388130188
1.0003550052642822,-0.00021188681421335787,0.0010243544820696115,0.0003607796679716557,1.000002145767212,0.0001272914232686162,0.00038375076837837696,-0.0005785957328043878,0.9956336617469788
1.0006531476974487,0.00014252879191190004,0.0007265297463163733,-0.00029186290339566767,0.999977171421051,-0.00024944753386080265,-0.0010282982839271426,-0.0006022853776812553,0.9980301260948181
1.000204086303711,0.0002595398691482842,0.0015631901333108544,-0.00035187925095669925,0.9999192953109741,-2.009134004765656e-05,-0.0011669551022350788,-0.0005205743946135044,0.9988535046577454
0.9995900392532349,0.0001703540183370933,0.0013964221579954028,-0.0001827341184252873,1.0000324249267578,0.00013249217590782791,-0.0015906465705484152,-0.0005693770362995565,0.9989752769470215
0.9996667504310608,0.00023960859107319266,0.0009154794388450682,-0.00018048232595901936,1.0000683069229126,0.00027188335661776364,-0.0015475638210773468,-0.0006620024796575308,0.9988374710083008
0.9997109174728394,0.00022761152649763972,0.0005656528519466519,-0.00021923650638200343,1.0000420808792114,0.0002958641271106899,-0.0015761135146021843,-0.0007803337648510933,0.9986472725868225
0.9997277855873108,0.0002508210309315473,0.00021695774921681732,-0.00025073220604099333,1.000045657157898,0.00037459019222296774,-0.0014480950776487589,-0.0008281065966002643,0.9984368085861206
0.999823272228241,0.00034303375286981463,1.312461699853884e-05,-0.00030039172270335257,1.0000121593475342,0.0003423751622904092,-0.0013059258926659822,-0.0010336394188925624,0.9983644485473633
0.9998681545257568,0.0003132956917397678,-1.4345180716190953e-05,-0.00026009228895418346,1.0000479221343994,0.00039303782978095114,-0.001227201079018414,-0.001147696515545249,0.9983395934104919
0.9999439716339111,0.00037632358726114035,8.63588647916913e-05,-0.00023953139316290617,1.000042200088501,0.0005626286729238927,-0.0010853782296180725,-0.0011671074898913503,0.9983342289924622
0.9999285936355591,-0.00038141972618177533,-0.0001558391231810674,0.0003114401479251683,1.000032663345337,0.0007026566890999675,0.0008791316649876535,-0.0013987424317747355,0.9983776807785034
0.9998940229415894,0.0003514195268508047,0.00017061289690900594,-0.00039233037387020886,0.9999729990959167,0.000756989698857069,-0.0007173103513196111,-0.0015123680932447314,0.9984355568885803
0.9998483657836914,0.00028128200210630894,0.0001513709721621126,-0.00039486668538302183,0.9999915361404419,0.0008227817015722394,-0.0007448812830261886,-0.0014478438533842564,0.9986057877540588
0.9998539686203003,0.0003051996463909745,7.645564619451761e-05,-0.0003312208573333919,1.0000211000442505,0.000989688909612596,-0.000690545653924346,-0.0014804283855482936,0.9988488554954529
0.9998807907104492,0.00028894227580167353,-8.708622772246599e-05,-0.00025575244217179716,1.0000128746032715,-0.0011384731624275446,0.0006073242402635515,0.0015345049323514104,0.9990423917770386
0.9999247193336487,0.0002660592435859144,0.0002570241049397737,-0.00019661210535559803,1.0000159740447998,0.001248145243152976,-0.000659393088426441,-0.0014929384924471378,0.9991757273674011
0.9999995827674866,0.0002862040710169822,0.00042782677337527275,-0.0001720720320008695,0.9999129176139832,0.0012429532362148166,-0.0006060978048481047,-0.0014724151697009802,0.9992719292640686
1.0000778436660767,2.115079269060516e-06,-0.00027241097996011376,-0.00019364370382390916,1.0000708103179932,-0.0013053898001089692,0.00045594951370730996,0.0016399744199588895,0.9992372393608093
1.0002305507659912,5.292550486046821e-05,-0.0007572064059786499,-0.00030945596517995,1.0001527070999146,0.0016241134144365788,0.00033679124317131937,-0.0016191198956221342,0.9989792108535767
1.000360369682312,-0.0001414358412148431,-0.002145401667803526,-1.0754445611382835e-05,1.0000194311141968,-0.0009532468393445015,0.0011402005329728127,0.0012360226828604937,0.99863600730896
1.0007320642471313,0.00014666226343251765,-0.001126653514802456,-5.429807060863823e-05,1.0002501010894775,-2.6507583243073896e-05,0.00010133174509974197,-0.0003034663386642933,0.9972230792045593
1.0003464221954346,0.00038322803447954357,0.001474960008636117,-0.00039752438897266984,0.9998762607574463,-0.00021826359443366528,-0.0011168940691277385,-0.00032182654831558466,0.9985269904136658
0.9995105266571045,0.00013618991943076253,-0.0014659722801297903,-0.00015182838251348585,1.000054955482483,7.712488149991259e-05,0.001605697558261454,0.0002494330401532352,0.9989321231842041
0.9995930194854736,0.00028414453845471144,0.000805634364951402,-0.00016379197768401355,1.0000265836715698,-5.8914611145155504e-05,-0.0017532533966004848,-0.0003152865683659911,0.9987877011299133
0.9998059868812561,0.0002950534981209785,0.0004541774687822908,-0.00017525715520605445,1.0000966787338257,6.865036266390234e-05,-0.0016105027170851827,-0.00048633976257406175,0.9985775351524353
0.9998130202293396,0.00023131757916416973,0.00023198754934128374,-0.0002723422658164054,1.0000805854797363,0.00011710807302733883,-0.0015983945922926068,-0.0006257364875636995,0.998371958732605
0.9999470710754395,0.00019809548393823206,-9.200249223795254e-06,-0.00031292258063331246,1.0001003742218018,0.00015273474855348468,-0.0013486556708812714,-0.0007196288788691163,0.9982222318649292
1.0001044273376465,0.0002688287349883467,-0.00010576217755442485,-0.0003390665224287659,1.0000778436660767,0.0001639515976421535,-0.0012241628719493747,-0.0009601612691767514,0.9982309341430664
1.0001044273376465,0.0002684969804249704,-5.675888678524643e-05,-0.00028332570218481123,1.0001044273376465,0.00030487944604828954,-0.0011845061089843512,-0.0010524492245167494,0.9982582330703735
1.000097393989563,0.00030850901384837925,6.309102172963321e-05,-0.00028640878736041486,1.0000828504562378,0.0005343446973711252,-0.0011202250607311726,-0.0011015759082511067,0.9982691407203674
1.0000524520874023,-0.00032977142836898565,-0.00012695709301624447,0.00033147947397083044,1.0000211000442505,0.0006481493473984301,0.0009829184273257852,-0.0012893513776361942,0.9982603788375854
1.0000728368759155,0.00036134416586719453,7.84809744800441e-05,-0.000356189877493307,0.9999909400939941,0.0006772917695343494,-0.000638420635368675,-0.001500378013588488,0.998299241065979
1.0001300573349,0.00026375928428024054,0.00011331055429764092,-0.0003583623911254108,1.0000039339065552,0.0007368585793301463,-0.0006130455294623971,-0.0014966820599511266,0.9984481930732727
1.000126600265503,0.0003042500466108322,4.015923695988022e-05,-0.0003171319840475917,1.0000756978988647,0.0009572945418767631,-0.0005664124619215727,-0.0015005712630227208,0.9986408352851868
1.0000499486923218,0.00029831205029040575,5.318505282048136e-05,-0.00029495442868210375,1.0000475645065308,0.001174155157059431,-0.0005668570520356297,-0.0015385817969217896,0.998821496963501
0.9999611973762512,0.0002962942235171795,0.000148681370774284,-0.00022466415248345584,1.0000282526016235,0.0013236685190349817,-0.0006594138103537261,-0.0014609656063839793,0.9990041851997375
0.9999001026153564,0.0003236857883166522,0.00040196534246206284,-0.0001499998616054654,0.999947190284729,0.0013416620204225183,-0.0007467263494618237,-0.001373071689158678,0.9992238283157349
0.9999373555183411,0.00018886376346927136,-0.00026247321511618793,-0.00016105650865938514,0.9999582171440125,-0.0013515312457457185,0.000441341515397653,0.0016237542731687427,0.9992915987968445
1.000068187713623,-3.9179681152745616e-06,0.0001756693673087284,-0.00023371336283162236,1.0001211166381836,-0.001518252189271152,0.00010540974471950904,0.0016715651145204902,0.999153196811676
1.0000864267349243,-0.00012414241791702807,0.00045075235539115965,0.00019392833928577602,1.0003421306610107,-0.0019141907105222344,-0.0008392939926125109,0.001597475609742105,0.9988610148429871
1.0007381439208984,0.0004129247390665114,0.0007849791436456144,4.3595515307970345e-05,0.9999280571937561,-0.0005379170179367065,-0.0009359065443277359,-0.0002148865896742791,0.9976850152015686
0.9996989369392395,0.0001937850029207766,0.0014411875745281577,-0.00033012693165801466,0.9998820424079895,-7.621056283824146e-05,-0.0013755325926467776,-1.7393702364643104e-05,0.9987038969993591
0.9995004534721375,0.00026235482073388994,0.0008706439402885735,-3.1986306566977873e-05,1.000054121017456,-0.00021754010231234133,-0.001761446357704699,-0.0001369293313473463,0.9988591074943542
0.999802827835083,0.00023702080943621695,0.00035536204813979566,-0.00016557452909182757,1.0000255107879639,-0.00013665681763086468,-0.00169252825435251,-0.0001952569728018716,0.9986003637313843
0.9999127388000488,0.00023626151960343122,0.00017544189176987857,-0.0001966241397894919,1.0000667572021484,-8.23892405605875e-05,-0.0016264449805021286,-0.00043642305536195636,0.9983978271484375
0.9999729990959167,0.00018958775035571307,8.181799057638273e-05,-0.0002655369171407074,1.0000673532485962,-6.786137237213552e-05,-0.0014648385113105178,-0.0005234278505668044,0.9982593059539795
1.0000600814819336,0.0001740955631248653,-8.369540410058107e-06,-0.00025021916371770203,1.0000687837600708,-3.570687840692699e-05,-0.0012784259160980582,-0.0006614902522414923,0.9982728958129883
1.0001885890960693,0.00027389859315007925,-1.6835349015309475e-05,-0.00024651188869029284,1.0000427961349487,-2.291991768288426e-05,0.001174276345409453,0.0009778112871572375,0.9983282685279846
1.0002005100250244,0.00026897917268797755,0.00013996567577123642,-0.00023256594431586564,1.0000897645950317,0.00022244905994739383,-0.001084985793568194,-0.0011137934634462,0.9983152747154236
1.0002083778381348,0.00027012015925720334,0.0002491361228749156,-0.00025546070537529886,1.0000656843185425,0.00046773828216828406,-0.0010145751293748617,-0.0011745329247787595,0.9982974529266357
1.0002222061157227,-0.00029490419547073543,-0.0002949928166344762,0.00027084077009931207,1.0000125169754028,0.0006158108590170741,0.0007869748515076935,-0.0013685934245586395,0.9982733130455017
1.0001935958862305,0.00041482073720544577,0.00025058287428691983,-0.00024164050410035998,0.9999948143959045,0.0006996453739702702,-0.00043415569234639406,-0.0015261233784258366,0.9983094930648804
1.0001569986343384,0.00032007123809307814,0.0003443339664954692,-0.0002989848144352436,0.9999850988388062,0.000729864405002445,-0.000524053059052676,-0.001548177213408053,0.9984337091445923
1.0001376867294312,0.0003017318667843938,0.0003206607361789793,-0.000344705767929554,1.0000507831573486,0.000888920680154115,-0.0005814358009956777,-0.0015189863042905927,0.9985877275466919
1.0001095533370972,0.00027357263024896383,0.00028189385193400085,-0.0003730321768671274,1.0000622272491455,0.0011078971438109875,-0.000561076623853296,-0.0015515349805355072,0.9987302422523499
1.000063180923462,0.0002688014938030392,0.0002455789071973413,-0.00031284973374567926,1.0000666379928589,0.0013117945054545999,-0.0006489334045909345,-0.001489200396463275,0.9988685846328735
1.0000355243682861,0.00026811694260686636,0.0006861687870696187,-0.0002512308128643781,1.0000011920928955,0.0013046860694885254,-0.0010568236466497183,-0.001142396591603756,0.9990852475166321
0.9999985694885254,0.00017660651064943522,-0.001345358439721167,-0.00029375278973020613,0.999920129776001,-0.0005655679851770401,0.0015748274745419621,0.0003983197675552219,0.9992586970329285
1.0000271797180176,-0.00021055107936263084,0.0014333693543449044,0.00011678734881570563,1.000059962272644,0.00012655816681217402,-0.0016035432927310467,-0.00028844564803875983,0.9992682337760925
1.000154733657837,-0.000398561853216961,0.0015917220152914524,0.00018123461632058024,1.0002270936965942,-0.0010256101377308369,-0.0015132499393075705,0.0007411106489598751,0.9990434050559998
0.9999446868896484,-1.718374915071763e-05,-0.002006047172471881,-0.0002346350665902719,0.9999567270278931,-0.000563639507163316,0.002397764241322875,0.0008676123688928783,0.9975830316543579
1.000549554824829,-0.00047550888848491013,0.001286451006308198,0.000726550817489624,1.0001904964447021,0.0002916084777098149,0.0002577038249000907,0.0001842073252191767,0.9951910376548767
1.000585913658142,0.0005228347145020962,0.0009104039636440575,-0.00017635028052609414,0.9999769330024719,-0.00029266500496305525,-0.0008132202201522887,-4.503807213041e-05,0.9981864094734192
0.9994144439697266,0.00010465329251019284,0.0011228283401578665,-0.0003510362876113504,0.9999641180038452,-0.00023461173987016082,-0.0016687596216797829,-0.00016481148486491293,0.9989315271377563
0.9998044371604919,0.00024390392354689538,0.0004192245251033455,-0.00010989276779582724,1.0000600814819336,-0.00032452569575980306,-0.0016648672753944993,4.3977292079944164e-05,0.9987716674804688
0.9999160170555115,0.00018923974130302668,0.00020301254699006677,-0.00022747073671780527,1.000044584274292,-0.00027238434995524585,-0.0016082435613498092,-0.00019151298329234123,0.9986481070518494
0.9999591112136841,0.000178421862074174,8.299372711917385e-05,-0.00021356763318181038,1.0000189542770386,-0.00020637744455598295,-0.0015737200155854225,-0.0004552199097815901,0.9984926581382751
0.999937117099762,0.0002244707429781556,-1.6869751561898738e-05,-0.00020764896180480719,0.9999732971191406,-0.00014112443022895604,-0.001485636574216187,-0.00045256776502355933,0.9983410835266113
1.0000437498092651,0.0002829463337548077,-4.25708458351437e-05,-0.00019311273354105651,1.0000053644180298,-8.720839105080813e-05,-0.0014003736432641745,-0.0005254296702332795,0.9983303546905518
1.0001763105392456,0.0003542388731148094,0.00013245396257843822,-0.00022241848637349904,1.000028133392334,-9.22411709325388e-06,-0.0012666141847148538,-0.0008583589806221426,0.9983641505241394
1.000178337097168,0.00034422538010403514,0.0003679688961710781,-0.00022419852029997855,1.0000667572021484,0.00018926968914456666,-0.0011946270242333412,-0.0010086859110742807,0.9983309507369995
1.0001845359802246,0.0003314178029540926,0.0005545672029256821,-0.00024728354765102267,1.0000699758529663,0.0004342370084486902,-0.001078188419342041,-0.0011079319519922137,0.9982797503471375
1.0001425743103027,-0.0003138994215987623,-0.0006351127522066236,0.0002705107908695936,1.0000241994857788,0.0006035575643181801,0.0009522191830910742,-0.0012297480134293437,0.9982752799987793
1.0000863075256348,0.0003937383589800447,0.0005399489309638739,-0.00028445347561500967,0.9999829530715942,0.0007408374804072082,-0.000638267956674099,-0.0014719718601554632,0.998332679271698
1.000064492225647,0.0003232628514524549,0.0005945112206973135,-0.00029591278871521354,0.9999849200248718,0.0007506483234465122,-0.0006652982556261122,-0.0014991769567131996,0.9984295964241028
1.0000895261764526,0.00033289732527919114,0.0005870024324394763,-0.00030909813358448446,0.9999993443489075,0.0008368524140678346,-0.0007198593812063336,-0.0014817517949268222,0.9985659718513489
1.0000903606414795,0.00027551292441785336,0.0006230726721696556,-0.00036574117257259786,1.0000449419021606,0.0009432187071070075,-0.000779464200604707,-0.0014675883576273918,0.9987208247184753
1.0000900030136108,0.0002850407618097961,0.0005096957320347428,-0.00033096506376750767,1.000102162361145,0.0012038710992783308,-0.0007173322956077754,-0.0014831210719421506,0.9988504648208618
1.000066876411438,-0.0002604078908916563,-0.001118741580285132,0.0002620760933496058,1.0000507831573486,0.001042489311657846,0.0012992791598662734,-0.0008907018345780671,0.9990134835243225
0.9999610781669617,-0.0001677330583333969,-0.0015710160369053483,0.00029663671739399433,1.0000059604644775,-0.00019434368005022407,0.0015234302263706923,0.00043309220927767456,0.999198317527771
0.9999263882637024,-0.00018041394650936127,0.001454042736440897,0.0002501815906725824,1.0000470876693726,0.0003710572200361639,-0.001495477044954896,-0.0004947985871694982,0.999323308467865
1.0002601146697998,0.00018950049707200378,-0.0015860171988606453,-0.00014175208343658596,1.0000423192977905,0.0005650338716804981,0.001658342662267387,-0.0006955547141842544,0.9991632699966431
1.000274658203125,-5.940021583228372e-05,-0.0022340314462780952,-6.109278911026195e-05,1.0000824928283691,-0.0005772097501903772,0.001747179077938199,0.0007610108586959541,0.9984541535377502
1.0006335973739624,-0.0003350414626765996,-0.0013040382182225585,0.00032937503419816494,1.0002410411834717,0.00024462229339405894,-0.0005905638099648058,-0.00017375301104038954,0.9960044026374817
1.0004847049713135,0.0004459494957700372,0.000792906794231385,-0.0001437673345208168,0.9999868869781494,-0.0002070745686069131,-0.0007623222190886736,0.0003655494947452098,0.9984515309333801
0.9993904232978821,0.00016871283878572285,0.0008478595409542322,-0.00038941673119552433,0.9998815059661865,-0.0002624015905894339,-0.0019756273832172155,-2.1204234144533984e-05,0.9990646839141846
0.9998634457588196,0.0002713571593631059,0.00019005595822818577,-0.00014952753554098308,1.0000331401824951,-0.00039541773730888963,-0.0016242250567302108,0.00018701888620853424,0.9986717104911804
0.999951183795929,0.0002569528587628156,0.00011293393617961556,-0.00015320218517445028,1.0000360012054443,-0.0003131816629320383,-0.0015874269884079695,9.65342260315083e-05,0.9986751675605774
0.9998964667320251,0.00022808712674304843,1.3053007933194749e-05,-0.0001371683756588027,1.0000361204147339,-0.00019158312352374196,-0.0016692786011844873,-0.00011190251098014414,0.9985987544059753
0.9999702572822571,0.000206984332180582,-0.0001067111297743395,-0.0001426198286935687,1.0000410079956055,-4.683942097472027e-05,-0.001615004613995552,-0.00016024609794840217,0.9983972311019897
1.0001575946807861,0.0002235429419670254,-4.873241778113879e-05,-0.00022070613340474665,1.000018835067749,-3.831413050647825e-05,-0.0014923283597454429,-0.00028763580485247076,0.9982853531837463
1.0002676248550415,0.00034165356191806495,0.0002660462923813611,-0.0002223799383500591,1.0000252723693848,-1.4297392226580996e-05,-0.001273168483749032,-0.0006588117103092372,0.9983137249946594
1.0002256631851196,0.0003487384528852999,0.0005821026279591024,-0.000277476676274091,1.0000264644622803,8.36317558423616e-05,-0.0012488020583987236,-0.0009104535565711558,0.9983232021331787
1.0001671314239502,0.00036817503860220313,0.0008044512942433357,-0.0002752765722107142,1.0000791549682617,0.00034475940628908575,-0.0010522052180022001,-0.001098000560887158,0.9982367753982544
1.0001171827316284,-0.00031939425389282405,-0.0008633058168925345,0.0003133443824481219,1.0000437498092651,0.0005214405828155577,0.0009251119918189943,-0.0012255391338840127,0.9982458353042603
1.0001094341278076,0.0003584135847631842,0.000753989617805928,-0.0002805782714858651,1.000002384185791,0.0007518423954024911,-0.0006516466964967549,-0.0013772511156275868,0.9983486533164978
1.0000733137130737,0.00030090808286331594,0.000742056523449719,-0.0002587400667835027,1.000009298324585,0.0008102325955405831,-0.0007228431641124189,-0.0015078599099069834,0.9984474182128906
1.0000351667404175,0.00030492679798044264,0.0007471654680557549,-0.00023738005256745964,1.0000030994415283,0.0008986134198494256,-0.000919264042750001,-0.001460248720832169,0.9984609484672546
0.9999832510948181,-0.00025810880470089614,-0.0007980929804034531,0.0002650699170771986,1.0000005960464478,0.0009400841663591564,0.0010317628039047122,-0.0012775935465469956,0.9985728859901428
1.0000102519989014,0.00030920226708985865,0.000758600712288171,-0.0002366135740885511,1.000133991241455,0.001145076472312212,-0.0010459211189299822,-0.0013224829453974962,0.9987488389015198
1.000044822692871,-0.0002732218708842993,-0.0012054858962073922,0.00021766955615021288,1.0000560283660889,0.001093565602786839,0.001324778189882636,-0.000850033713504672,0.9989315867424011
0.9999839663505554,-0.00018930138321593404,-0.0017080060206353664,0.00026600403361953795,1.0000126361846924,-6.158094765851274e-05,0.0015268888091668487,0.0002672618138603866,0.9991685748100281
0.999897301197052,-0.0001649313053349033,-0.001547990832477808,0.0003385211748536676,1.0000571012496948,-0.0005034918431192636,0.0014385952381417155,0.0004886526730842888,0.9993506073951721
1.0002107620239258,0.00020838786440435797,0.0015608209650963545,-0.00013912146096117795,1.0000524520874023,-0.0007468773401342332,-0.0015964400954544544,0.0006631655851379037,0.999272346496582
1.000329852104187,-0.00010514391033211723,0.0022813091054558754,9.914862312143669e-05,1.000067114830017,0.0006435856339521706,-0.0016014432767406106,-0.000738464412279427,0.9988079071044922
1.0006580352783203,-0.00017120905977208167,-0.0012993920827284455,0.00010132089664693922,1.0001747608184814,0.0006721012759953737,-0.0006893370882607996,-0.0006238208152353764,0.9962537288665771
1.0004680156707764,-1.9870100004482083e-05,-0.0008706851513125002,0.0001598322414793074,0.9999951124191284,-0.00045160274021327496,0.0003902873722836375,0.0006549606332555413,0.9984777569770813
0.9994125962257385,7.280593854375184e-05,0.0007489644922316074,-0.0004649184993468225,0.9999405741691589,-0.0003120237961411476,-0.0019497651373967528,0.0002387600834481418,0.9989928603172302
0.9998924136161804,0.00018031334911938757,5.771256110165268e-05,-0.00018279971845913678,1.0000102519989014,-0.0004595249192789197,-0.0016165495617315173,0.00035331377875991166,0.9985498189926147
1.0000056028366089,0.0002137913543265313,2.8220561034686398e-06,-0.00014435221964959055,1.0000282526016235,-0.00036056796670891345,-0.0015287091955542564,0.00036719386116601527,0.9985179305076599
0.9999499917030334,0.00019158844952471554,-6.465940532507375e-05,-0.00012448050256352872,1.0000585317611694,-0.00021840998670086265,-0.0016328392084687948,0.00031467268127016723,0.9984749555587769
1.000121831893921,0.00015799779794178903,-6.328827294055372e-05,-0.00012658123159781098,1.0000609159469604,-5.178908759262413e-05,-0.0014767989050596952,0.00040255984640680254,0.9983938336372375
1.000171184539795,0.000120290438644588,8.955327211879194e-05,-0.00022842295584268868,1.0000534057617188,-6.390152702806517e-05,-0.001549918088130653,0.00017203792231157422,0.998329758644104
1.0003149509429932,0.00020615769608411938,0.0004627828311640769,-0.0002832822210621089,0.9999963641166687,-0.0001405634538969025,-0.0013641132973134518,-0.00010975892655551434,0.998319149017334
1.0001603364944458,0.00027818334638141096,0.0007308324566110969,-0.00033609705860726535,0.9999450445175171,-0.00013087883417028934,-0.001492955256253481,-0.0005133696831762791,0.9983181953430176
1.0001049041748047,0.00038333889096975327,0.0009322274127043784,-0.0002810217847581953,1.000046730041504,0.00010323261813027784,-0.001212850445881486,-0.0009169564000330865,0.9982174634933472
1.0000226497650146,0.0003324084391351789,0.0009922077879309654,-0.000276939885225147,1.0000725984573364,0.00038217310793697834,-0.0010193032212555408,-0.001101209782063961,0.9982520937919617
1.0000014305114746,-0.0003220612998120487,-0.0009087355574592948,0.0002395629562670365,1.0000633001327515,0.0007279243436641991,0.0008657478028908372,-0.0012130247196182609,0.9983723163604736
1.0000061988830566,-0.0002733413130044937,-0.0009259116486646235,0.0002471592742949724,1.0000265836715698,0.0007895999005995691,0.0010132907191291451,-0.001351282000541687,0.9984400868415833
0.9999604821205139,-0.000222408416448161,-0.0009506784263066947,0.0002275914594065398,1.0000672340393066,0.0008108830661512911,0.0011965124867856503,-0.0012586592929437757,0.9983726143836975
0.9999322295188904,-0.00024817633675411344,-0.000989855034276843,0.00019422270997893065,1.0000131130218506,0.0008473463240079582,0.0012339312816038728,-0.000963497266639024,0.9984509348869324
1.0000354051589966,-0.00037067243829369545,-0.0010241665877401829,0.00011740373156499118,1.000085473060608,0.0010351312812417746,0.0012878923444077373,-0.001062230090610683,0.9986386299133301
1.0001050233840942,0.00026399269700050354,-0.0015635292511433363,-0.00016148270515259355,0.9999663829803467,-0.0007959656650200486,0.0015306504210457206,0.0004416877345647663,0.9988012909889221
0.9999473094940186,0.0001232460344908759,-0.001793242758139968,-0.00026942265685647726,0.9999629259109497,-0.00020204017346259207,0.0014877943322062492,-0.00012197667092550546,0.9991226196289062
0.9999327659606934,-0.00019275919476058334,-0.001659434987232089,0.0002768387203104794,0.9999423623085022,-0.00016863978817127645,0.0015721474774181843,0.00023771704582031816,0.9993523359298706
1.0001533031463623,-0.00031425710767507553,-0.0016446893569082022,0.00016382285684812814,0.9999362826347351,-0.0006113204290159047,0.0015821019187569618,0.0006131718982942402,0.9992651343345642
1.0003472566604614,0.00025797015405260026,0.0022698799148201942,-0.00020244599727448076,1.0000150203704834,-0.0004522482631728053,-0.0016723059816285968,0.0005750637501478195,0.9988700151443481
1.0003324747085571,3.0882398277753964e-05,-0.0009996985318139195,-0.00028233203920535743,1.0001046657562256,0.0010834537679329515,0.00034855614649131894,-0.0013011331902816892,0.9950222969055176
1.0005583763122559,-0.0001905842946143821,-0.000957887910772115,0.0001935042964760214,1.0000115633010864,-0.0003382397990208119,0.000483690295368433,0.0008434592746198177,0.9983158707618713
0.9994093775749207,0.00022604629339184612,0.0007960635120980442,-0.00035260486765764654,1.0000540018081665,-0.0005012794281356037,-0.0018026402685791254,0.000564189744181931,0.998813807964325
0.9999045133590698,0.00012109996168874204,0.0001186034205602482,-0.00024768951698206365,0.999960720539093,-0.0004829638928640634,-0.00153955421410501,0.0005314345471560955,0.9984297752380371
1.0000110864639282,0.00012475608673412353,3.235274562030099e-05,-0.00021250906866043806,1.0000196695327759,-0.000443222961621359,-0.0014454306801781058,0.0004930741270072758,0.9983565211296082
1.0000163316726685,0.00012928071373607963,-1.4238768017094117e-05,-0.00019316599355079234,1.000062346458435,-0.00037307158345356584,-0.0014680636813864112,0.0004131717432755977,0.9983296990394592
1.0001896619796753,0.00010993975593009964,-5.902063276153058e-05,-0.00018278419156558812,1.0001025199890137,0.00025203812401741743,0.00126941769849509,-0.0006008583004586399,0.9983795881271362
1.0001705884933472,0.00010597371147014201,-0.00025080612977035344,-0.00023036528727971017,1.000118374824524,0.0002851438184734434,0.0014426636043936014,-0.0005676433793269098,0.9984011054039001
1.0002226829528809,0.00013546014088205993,-0.0005439374945126474,-0.00033616385189816356,1.0000770092010498,0.0004396529693622142,0.001312756328843534,-0.0004263468727003783,0.9983893632888794
1.0000052452087402,0.00016240699915215373,-0.0006480862502939999,-0.00036200840258970857,0.9999973773956299,0.000530850316863507,0.0015593079151585698,-0.00039712502621114254,0.9983376860618591
1.0000234842300415,-0.00020746032532770187,0.0005273096030578017,0.0003941896720789373,0.9999707341194153,0.0007371854153461754,-0.001428541843779385,-0.0005650839302688837,0.9982412457466125
0.9999751448631287,-0.00032269200892187655,-0.0008396819466724992,0.0002251415717182681,1.0000582933425903,0.00044892189907841384,0.000850214040838182,-0.0012959456071257591,0.9983400106430054
1.0000321865081787,-0.0003042575262952596,-0.000892999058123678,0.00016942707588896155,1.000049352645874,0.0006599884363822639,0.001027664402499795,-0.001202562008984387,0.9984472990036011
1.0000197887420654,-0.00022725347662344575,-0.0010491226566955447,0.0002290023403475061,0.999976634979248,0.0006039364961907268,0.0013158150250092149,-0.0011242525652050972,0.9984714388847351
0.9999687075614929,0.0001780519960448146,0.0011959322728216648,-0.00011844925029436126,1.0000840425491333,0.0003421295259613544,-0.001670877798460424,-0.0005318602197803557,0.9983760714530945
1.000061273574829,0.00018382845155429095,0.001219641650095582,-0.00013329072680789977,1.0000801086425781,0.0006241450319066644,-0.0015009497292339802,-0.00046559987822547555,0.9984492659568787
1.0002390146255493,0.00023262087779585272,-0.0014846960548311472,-0.0001351746905129403,1.0000876188278198,-0.000712571432814002,0.001622587675228715,0.00044579169480130076,0.9986230731010437
1.0001959800720215,0.00013446241791825742,-0.0019255935912951827,-0.00018304894911125302,1.000040888786316,-0.0005098744295537472,0.0017074105562642217,9.248593414667994e-05,0.9986811280250549
