1.0923877954483032,0.08647649735212326,-0.09829796850681305,0.028935227543115616,1.0686850547790527,8.964673179434612e-05,-0.12274252623319626,-0.12641581892967224,0.5535200238227844
1.0833137035369873,0.11008010059595108,-0.07924557477235794,-0.038341883569955826,1.0328675508499146,-0.006588391959667206,-0.004789975471794605,-0.14508700370788574,0.6978608965873718
1.0423511266708374,0.08657369017601013,-0.06876644492149353,-0.06057612970471382,0.9903510212898254,-0.06598500162363052,0.0331466905772686,-0.048988062888383865,0.893491268157959
0.882084846496582,0.017423443496227264,-0.1306769847869873,-0.1489901840686798,1.0116876363754272,-0.15582586824893951,-0.02612532116472721,0.022928884252905846,0.9189983010292053
1.0271172523498535,0.0425332672894001,-0.2175908237695694,0.008032957091927528,1.0732362270355225,0.07271775603294373,-0.0847887173295021,0.0021058700513094664,0.5833024382591248
0.9597360491752625,0.0272055733948946,-0.20641839504241943,-0.043187521398067474,1.0610076189041138,0.04785590618848801,0.006867513060569763,-0.053629059344530106,0.8336926698684692
0.9556385278701782,-0.029849186539649963,0.14904390275478363,0.04355121776461601,0.9566761255264282,-0.10368286073207855,-0.05552912503480911,0.02210824377834797,0.9268619418144226
0.9557868242263794,-0.022744981572031975,-0.14963537454605103,-0.030043836683034897,0.972099244594574,-0.08585245162248611,0.08014524728059769,0.04014739394187927,0.951732873916626
0.9530338644981384,-0.014856348745524883,-0.13845235109329224,-0.009809502400457859,0.998528003692627,-0.05296734720468521,0.09574656933546066,0.0696268081665039,0.9777686595916748
0.9965152740478516,-0.0037413514219224453,-0.12162502855062485,-0.03477223962545395,1.0136806964874268,-0.05091530829668045,0.11786579340696335,0.08079717308282852,0.9959276914596558
0.9948083758354187,0.024696486070752144,-0.0953187495470047,-0.08127452433109283,0.9890034198760986,-0.1031288206577301,0.047882337123155594,0.10447932779788971,0.9820214509963989
0.9888024926185608,-0.02966647408902645,-0.15047678351402283,-0.006242239847779274,1.0085256099700928,-0.018313396722078323,0.023311177268624306,-0.009806863963603973,0.6788286566734314
0.9870508909225464,-0.01724897511303425,-0.09128792583942413,-0.008112713694572449,1.016760230064392,-0.008546493016183376,0.04044051468372345,-0.06841626763343811,0.7231325507164001
0.9520416259765625,0.010004899464547634,-0.0966230183839798,-0.005937646143138409,1.0218267440795898,-0.019805632531642914,0.03448411077260971,-0.036247674375772476,0.8190380334854126
0.9260930418968201,-0.027246778830885887,0.1588878631591797,-0.03817351162433624,0.9965172410011292,0.02053835615515709,-0.03563317656517029,0.014507974497973919,0.8547334671020508
0.9871957898139954,-0.03153439983725548,-0.16636843979358673,-0.05225066840648651,1.0180139541625977,-0.06632763892412186,0.059116099029779434,0.021530888974666595,0.8737154603004456
0.9916529655456543,-0.011107766069471836,-0.0683368518948555,0.026606382802128792,0.980483889579773,0.14098995923995972,0.058287184685468674,-0.07739585638046265,0.9247214198112488
1.003984808921814,-0.0077851866371929646,-0.03260451927781105,0.03070199117064476,0.9771496057510376,0.1451926976442337,0.02606917917728424,-0.11104411631822586,0.9585084319114685
0.9933477640151978,-0.01878851093351841,-0.05138674005866051,0.01888948492705822,0.9825360178947449,0.12781020998954773,0.037629108875989914,-0.11366576701402664,0.9704261422157288
1.001295566558838,0.021486325189471245,-0.07492022216320038,-0.0236582700163126,0.9929233193397522,-0.09448917955160141,0.06515903770923615,0.09935634583234787,0.9767703413963318
0.9953869581222534,0.025331174954771996,-0.07614220678806305,-0.026737995445728302,0.9957253932952881,-0.08419133722782135,0.06350793689489365,0.09320534765720367,0.9806072115898132
0.9947205781936646,0.02456532046198845,-0.07975473254919052,-0.031304486095905304,0.9970356225967407,-0.0861716940999031,0.07491278648376465,0.08787351846694946,0.9844805002212524
0.9967071413993835,0.016164137050509453,-0.07981909066438675,-0.03583582118153572,0.995795726776123,-0.09628570079803467,0.049092959612607956,0.09511950612068176,0.9802876114845276
1.0020188093185425,-0.0009956199210137129,0.08019369840621948,-0.007808523718267679,1.02158522605896,0.10887657850980759,-0.028392137959599495,-0.0598418265581131,0.8097226023674011
1.0088324546813965,-0.0337202362716198,-0.06299198418855667,-0.008863992989063263,1.0084842443466187,-0.025764258578419685,0.13173331320285797,-0.02899581752717495,0.8759347200393677
0.9628269076347351,0.01919839344918728,-0.04382398724555969,-0.016529638320207596,1.0061910152435303,-0.04240072891116142,0.11538536846637726,0.030452392995357513,0.9509522318840027
0.9820437431335449,-0.022501381114125252,0.09675229340791702,0.00920829363167286,0.995844841003418,-0.028613168746232986,-0.09915556013584137,0.010019062086939812,0.9558759331703186
0.9792531132698059,-0.011713472194969654,0.11063296347856522,0.014500652439892292,1.0010465383529663,-0.050853315740823746,-0.09988179802894592,0.044055815786123276,0.9534075856208801
0.9972560405731201,0.009258448146283627,-0.08651148527860641,-0.030655689537525177,0.9931986927986145,-0.09840564429759979,0.08133658021688461,0.0850408747792244,0.9569461345672607
0.998992383480072,-0.019206108525395393,-0.06906066089868546,0.023690564557909966,0.989130973815918,0.10939136147499084,0.0675562173128128,-0.09563698619604111,0.9648459553718567
0.9920001029968262,-0.018541865050792694,-0.06728425621986389,0.022722654044628143,0.9919817447662354,0.1022888645529747,0.06224287673830986,-0.09664622694253922,0.9700092673301697
0.9960439801216125,0.01773039437830448,-0.07281161844730377,-0.022637145593762398,0.995664119720459,-0.09510225057601929,0.06518764793872833,0.09758894145488739,0.9764083623886108
0.9963163137435913,0.01793457753956318,-0.0718189999461174,-0.021938715130090714,0.9961468577384949,-0.09312539547681808,0.06287608295679092,0.09991217404603958,0.9823445677757263
0.9964261054992676,0.016116062179207802,-0.07039237022399902,-0.026803001761436462,0.9958522915840149,-0.09557473659515381,0.0648181140422821,0.10110137611627579,0.9879739284515381
1.0044094324111938,0.010023508220911026,-0.06331530213356018,-0.024330036714673042,0.9933564066886902,-0.10145239531993866,0.04997068643569946,0.10398318618535995,0.9838197827339172
0.9746928215026855,0.012882816605269909,-0.15152736008167267,-0.013449924066662788,1.0115877389907837,-0.06482206284999847,0.045703206211328506,0.03268268704414368,0.9311743378639221
0.9948911070823669,0.007552298251539469,0.06768513470888138,0.013399440795183182,1.0414206981658936,0.067762590944767,-0.04937095195055008,-0.07320623099803925,0.9197309017181396
1.0084724426269531,0.03607505187392235,-0.053529128432273865,-0.01785026118159294,0.9967359304428101,-0.03528951108455658,0.12251181155443192,0.04043274000287056,0.9464446902275085
0.9866111278533936,-0.017494579777121544,-0.08593461662530899,0.02524823695421219,0.9931167960166931,0.024860581383109093,0.13148662447929382,-0.042186886072158813,0.9555709958076477
0.9909735918045044,0.01322425901889801,-0.09333088994026184,-0.026307828724384308,0.9938524961471558,-0.053529173135757446,0.1125468984246254,0.05238939821720123,0.9604412913322449
0.995315432548523,0.008050579577684402,-0.06468630582094193,-0.022670844569802284,0.9926356077194214,-0.0995878055691719,0.06113649904727936,0.09158302843570709,0.9681269526481628
0.9989879131317139,-0.012037649750709534,-0.04406505823135376,0.01756465621292591,0.9884186387062073,0.11289314925670624,0.04831796884536743,-0.1072038784623146,0.9677872061729431
0.9971528649330139,-0.01686878129839897,-0.03613858297467232,0.018456419929862022,0.9903781414031982,0.11179529130458832,0.0364765003323555,-0.11235915869474411,0.973824679851532
0.9944907426834106,-0.013476934283971786,-0.05472297593951225,0.019862573593854904,0.9928995966911316,0.10521002858877182,0.050200313329696655,-0.10768779367208481,0.9774291515350342
0.9975274205207825,-0.01330806128680706,-0.058866191655397415,0.016820263117551804,0.9945108890533447,0.10467718541622162,0.050803735852241516,-0.10894192010164261,0.9808869361877441
0.999955952167511,-0.012627043761312962,-0.05841632932424545,0.02012263610959053,0.9948607683181763,0.1039063110947609,0.05452046915888786,-0.10791662335395813,0.9864857792854309
1.010233998298645,0.004616742953658104,-0.04598376899957657,-0.015423882752656937,0.9934104681015015,-0.10493768006563187,0.04394475743174553,0.10899464786052704,0.9833413362503052
0.9891682863235474,0.007472556084394455,-0.102645643055439,-0.010487129911780357,1.0038467645645142,-0.05711625888943672,0.07568540424108505,0.044138774275779724,0.9833181500434875
1.0037299394607544,0.001344072399660945,-0.08705279231071472,-0.002575928345322609,0.9984651207923889,-0.03966730833053589,0.08331432938575745,0.04084256291389465,0.9668135046958923
0.9948562979698181,0.0008530199993401766,-0.07752970606088638,-0.0009957377333194017,0.9984357357025146,-0.04767394810914993,0.08054187893867493,0.050526686012744904,0.9544714093208313
0.9976620674133301,0.0011763572692871094,-0.058774713426828384,-0.020981328561902046,0.988332211971283,-0.07083254307508469,0.07818995416164398,0.0915546715259552,0.9606605172157288
0.9994634389877319,0.012480251491069794,-0.018222572281956673,-0.016735106706619263,0.9821856021881104,-0.10252095013856888,0.019137518480420113,0.12189352512359619,0.9715303182601929
0.9973923563957214,-0.015277867205440998,0.024739138782024384,0.012942585162818432,0.9895830750465393,-0.11110585927963257,-0.027108030393719673,0.11223584413528442,0.9747334718704224
0.9993594288825989,-0.013900349847972393,0.02247479557991028,0.012231643311679363,0.9911993145942688,-0.1118721216917038,-0.020854733884334564,0.11342097073793411,0.9791288375854492
0.9975382685661316,-0.010250705294311047,-0.034800935536623,0.01539873518049717,0.9910311698913574,0.10977546870708466,0.030220864340662956,-0.11281279474496841,0.9798785448074341
0.9962651133537292,-0.007890792563557625,-0.04569956660270691,0.013723800890147686,0.991549015045166,0.10918236523866653,0.038364626467227936,-0.11269202828407288,0.9797334671020508
1.0018553733825684,-0.008788298815488815,-0.04976526275277138,0.014605610631406307,0.9918971061706543,0.10692676901817322,0.04759509861469269,-0.11186866462230682,0.984761118888855
1.0189623832702637,0.00029287824872881174,-0.026336349546909332,-0.008989926427602768,0.9912335872650146,-0.10523322224617004,0.035148605704307556,0.11302600055932999,0.9823841452598572
0.992631733417511,0.0025321966968476772,-0.07385002821683884,-0.008635791018605232,0.9958701729774475,-0.05181220918893814,0.0846942737698555,0.05443524196743965,1.0158119201660156
0.9982531070709229,-0.0080790463835001,-0.010380730964243412,0.00754723371937871,0.9965946078300476,-0.08983086794614792,0.015961352735757828,0.09087968617677689,1.0029596090316772
1.000767469406128,0.008474661968648434,0.051214564591646194,-0.011308160610496998,0.9993951320648193,0.06880595535039902,-0.0513492077589035,-0.07807938754558563,0.9899749159812927
0.9994401335716248,0.0036566525232046843,-0.019236112013459206,-0.020529238507151604,0.9939374923706055,-0.09367980062961578,0.02032432332634926,0.102951280772686,0.9834120273590088
0.9971672892570496,0.004505303222686052,-0.026621893048286438,-0.010997073724865913,0.9918001890182495,-0.10609672218561172,0.021946370601654053,0.11675188690423965,0.979385256767273
0.9985123872756958,-0.010673864744603634,0.027347208932042122,0.006705041509121656,0.9882852435112,-0.10399450361728668,-0.0155117716640234,0.12648995220661163,0.9735152125358582
0.9987871050834656,-0.012293578125536442,0.03298578038811684,0.012791385874152184,0.9854978919029236,-0.1004057303071022,-0.02689623460173607,0.12561894953250885,0.9722002148628235
0.9993113279342651,0.007575719151645899,-0.03919763118028641,-0.013953601941466331,0.9883178472518921,-0.10327516496181488,0.0348210446536541,0.11703827232122421,0.9772870540618896
1.0010552406311035,0.004937019664794207,-0.041801568120718,-0.006189652252942324,0.9855841398239136,-0.09895619004964828,0.040662940591573715,0.11518342047929764,0.9822314381599426
1.024783730506897,0.00220481981523335,-0.013220235705375671,-0.005381515249609947,0.9819722771644592,-0.09046712517738342,0.028498496860265732,0.1207909807562828,0.9752711653709412
0.9960027933120728,0.0034510905388742685,-0.05130011588335037,-0.008583909831941128,0.9883540272712708,-0.04956155642867088,0.08835626393556595,0.06984689086675644,1.04567289352417
0.9996635913848877,0.006432834547013044,0.04267500340938568,-0.013252661563456059,1.000863790512085,0.06814367324113846,-0.046125758439302444,-0.09668989479541779,1.034137487411499
0.997504711151123,0.004178427625447512,-0.017867790535092354,-0.01009341236203909,0.9963594675064087,-0.09875406324863434,0.004993304144591093,0.10578081011772156,1.0119003057479858
0.9997822046279907,0.006063561420887709,-0.0283699631690979,-0.0044804844073951244,0.9916656017303467,-0.1014598086476326,0.03464354947209358,0.09346707910299301,1.0078872442245483
0.9973384141921997,0.0010296135442331433,-0.025280341506004333,-0.003388553624972701,0.9941421151161194,-0.09937089681625366,0.014632581733167171,0.08022595196962357,1.006747841835022
0.9988319873809814,0.0006084635388106108,-0.035608720034360886,-0.007420468144118786,0.9974782466888428,-0.09671840816736221,0.025886911898851395,0.08989652991294861,0.9915426969528198
1.0008565187454224,0.008812224492430687,0.04106820002198219,-0.015551716089248657,0.994239091873169,0.0968991369009018,-0.03179114684462547,-0.10584176331758499,0.9843219518661499
1.002213478088379,0.008804934099316597,0.04197275638580322,-0.008845577016472816,0.9976952075958252,0.09351444244384766,-0.040842048823833466,-0.11071638762950897,0.9814965724945068
1.016628623008728,0.01805640384554863,0.023655377328395844,-0.014573085121810436,1.0077265501022339,0.09162762016057968,-0.02741914615035057,-0.10710224509239197,0.9723713994026184
1.005125641822815,-0.01142070535570383,-0.02943786233663559,-0.011307569220662117,0.9868431091308594,-0.058885470032691956,0.10800858587026596,0.036028336733579636,1.0733952522277832
0.998187243938446,0.0013626358704641461,0.040460918098688126,-0.007513144984841347,0.9872710704803467,0.08115411549806595,-0.08008184283971786,-0.09304460138082504,1.0264524221420288
1.0159716606140137,0.015610071830451488,0.025940803810954094,-0.013121926225721836,0.9941385388374329,0.08584997057914734,-0.07767432183027267,-0.09780331701040268,1.0628275871276855
0.9979752898216248,0.01440558210015297,0.00644034706056118,-0.019738109782338142,0.9941815137863159,0.08476625382900238,-0.03599800169467926,-0.08557509630918503,1.0976678133010864
0.9971389174461365,0.015858227387070656,0.017762040719389915,-0.022509444504976273,0.992723822593689,0.09072946012020111,-0.0273258239030838,-0.07606681436300278,1.073584794998169
1.0032732486724854,0.007585523650050163,-0.013251314871013165,-0.016800688579678535,0.9934974312782288,0.10245786607265472,-0.018230600282549858,-0.07803411781787872,1.0324480533599854
1.0035649538040161,0.02328268438577652,0.03984016180038452,-0.028552250936627388,0.9917585253715515,0.08923433721065521,-0.033922456204891205,-0.08643005043268204,1.0140892267227173
1.0037591457366943,0.007891610264778137,-0.001142455032095313,-0.01264367625117302,0.992089033126831,-0.10550817102193832,-0.0012205312959849834,0.10261144489049911,0.9950444102287292
0.9983440637588501,0.018817659467458725,0.01805468648672104,-0.014335784129798412,0.9938474297523499,0.08926329016685486,-0.028367022052407265,-0.04726138338446617,1.2230119705200195
1.0040520429611206,0.004853428341448307,-0.009724368341267109,-0.013139019720256329,0.9951613545417786,0.09701729565858841,-0.06816332042217255,-0.07111027091741562,1.2060514688491821
1.0061091184616089,0.01015594881027937,-0.0278568547219038,-0.015400667674839497,0.9957868456840515,0.10365866124629974,-0.04757862165570259,-0.0705093964934349,1.1781890392303467
0.9999870657920837,3.6200408430886455e-06,1.9131744920741767e-05,2.781699731713161e-05,0.9999542236328125,-7.203569839475676e-05,-1.4506351817544783e-06,1.9629396774689667e-05,1.0000063180923462
0.9999632835388184,-2.4771095922915265e-05,-3.7429548683576286e-05,-8.908371819416061e-05,0.9999287128448486,-8.386022091144696e-05,1.4096211998548824e-05,4.16801922256127e-05,1.0000133514404297
0.9999707341194153,-3.233090683352202e-05,-6.625901733059436e-05,-0.00011555499077076092,0.9999249577522278,-0.00011862176324939355,4.193845597910695e-05,7.120182999642566e-05,1.000016450881958
1.000001311302185,-3.431222648941912e-05,-6.289266457315534e-05,-0.0001561454264447093,0.9998859763145447,-0.0001663726579863578,4.524191899690777e-05,0.00010935774480458349,1.000020146369934
1.0000569820404053,-1.6947202311712317e-05,-3.64200932381209e-05,-0.00011393140448490158,0.9998397827148438,-0.00020921319082845002,3.27913548971992e-05,0.00014810780703555793,1.0000232458114624
1.0000569820404053,1.825705658120569e-05,-1.8341550457989797e-05,4.6006061893422157e-05,0.999823272228241,0.00021173439745325595,-8.354896635864861e-06,-0.00013178320659790188,1.0000202655792236
0.9999420642852783,3.649997233878821e-05,8.116613753372803e-05,0.0002004785492317751,0.9999305009841919,-0.00015057814016472548,-3.96621398977004e-05,7.428096432704479e-05,1.000011682510376
0.999898374080658,-8.099966362351552e-05,-0.00010093270248034969,4.380934842629358e-05,1.0000181198120117,1.1076007467636373e-05,5.3143405239097774e-05,-1.0885380106628872e-05,1.000009298324585
0.9999518394470215,-8.079285908024758e-05,-7.052936416584998e-05,1.4885706150380429e-05,1.0,-7.643770004506223e-06,3.4688899177126586e-05,-2.4890334771043854e-06,1.0000042915344238
0.9999765753746033,6.366263551171869e-05,4.4518354116007686e-05,-1.1468041520856787e-05,0.9999951124191284,-9.87943622021703e-06,-2.1133831978659146e-05,-9.171456554213364e-07,1.0000015497207642
0.9999881982803345,3.338894384796731e-05,-3.143049980280921e-05,-7.913667104730848e-06,0.9999983906745911,8.952858479460701e-06,1.7733076674630865e-05,-3.613155001858104e-07,1.0000008344650269
0.9999940991401672,9.05541492102202e-06,2.9483690013876185e-05,-1.6803568314571748e-06,1.0000015497207642,-1.1415499102440663e-05,-1.7317024685326032e-05,6.799893981224159e-06,1.0000001192092896
0.9999971985816956,-1.2530956155387685e-05,-8.594803512096405e-05,-8.457217336399481e-05,0.999989926815033,-0.00014526050654239953,-1.9046306988457218e-05,-1.682333640928846e-05,0.9999555349349976
0.9999608397483826,-9.21656010177685e-06,-5.140432404004969e-05,-8.560523565392941e-05,0.9999532699584961,-8.856896602082998e-05,1.844139478635043e-05,-1.0969597497023642e-06,1.0000026226043701
0.9999801516532898,-8.203308425436262e-06,-1.5881521903793328e-05,-2.1265388568281196e-05,0.999958872795105,-6.180618947837502e-05,5.695208074030234e-07,1.0779397598525975e-05,1.000005841255188
0.9999715685844421,-1.6018315363908187e-05,-9.202388355333824e-06,-4.427372186910361e-05,0.9999412298202515,-7.370374805759639e-05,2.9889677080063848e-06,2.4784854758763686e-05,1.0000120401382446
0.999965488910675,-4.9045742343878374e-05,-3.484410262899473e-05,-8.976410754257813e-05,0.9999080896377563,-7.863817154429853e-05,4.0639060898683965e-05,6.513156404253095e-05,1.0000234842300415
0.9999383687973022,-9.445283649256453e-05,-4.871338023804128e-05,-0.00014649507647845894,0.9998642206192017,-8.703702042112127e-05,7.998381624929607e-05,0.0001078279092325829,1.000038743019104
0.9999717473983765,-0.0001371404796373099,-4.877304672845639e-05,-0.00019216905639041215,0.9997814893722534,-0.00012434083328116685,0.0001214904768858105,0.00017588335322216153,1.0000579357147217
1.0000368356704712,-0.00014206320338416845,-1.926922232087236e-05,-0.00018035677203442901,0.9996985793113708,-0.0001308571663685143,9.191714343614876e-05,0.00025552092120051384,1.000067949295044
1.0000269412994385,0.00016249340842477977,9.623533514968585e-06,0.0001720006694085896,0.9996641874313354,-0.0001359111920464784,-1.4260642274166457e-05,0.00022782832093071193,1.0000733137130737
1.0000413656234741,5.1834998885169625e-05,1.2220279131724965e-05,-0.00018324317352380604,0.9996417760848999,0.00016410727403126657,-2.8897164156660438e-05,-0.00011160139547428116,1.000053882598877
0.9997515082359314,-6.796037632739171e-05,-9.779891115613282e-05,9.30966270971112e-05,1.0000351667404175,2.144508653145749e-05,5.597444032900967e-05,2.741734661526607e-08,1.0000303983688354
0.9998441934585571,-9.139536268776283e-05,-6.645894609391689e-05,1.194515516544925e-05,1.0000156164169312,2.562706413300475e-06,2.8855334676336497e-05,1.0149913975965319e-07,1.0000183582305908
0.999902606010437,7.30316387489438e-05,-4.4983287807554007e-05,9.787460840016138e-06,1.0000083446502686,4.389602054288844e-06,1.6176254575839266e-05,-4.819657988264225e-06,1.0000114440917969
0.9999294877052307,3.567880412447266e-05,-2.7855439839186147e-05,1.669690027483739e-05,1.0000064373016357,7.871152774896473e-06,6.879139618831687e-06,-4.844080649490934e-06,1.0000066757202148
0.9999416470527649,3.69714052794734e-06,-2.555755418143235e-05,1.853942740126513e-05,1.0000063180923462,1.0028663382399827e-05,1.295643073717656e-06,-7.325896604015725e-06,1.0000016689300537
1.000011920928955,3.0454288207693025e-05,-6.831742939539254e-05,-0.00011319473560433835,0.9999801516532898,-0.00015698152128607035,-1.139836422225926e-05,4.3031395762227476e-05,0.9999781250953674
0.9999855756759644,1.0109529284818564e-05,-4.533238825388253e-05,-9.588708053342998e-05,0.999953031539917,-9.940448944689706e-05,4.709543281933293e-05,3.9197286241687834e-05,1.0000120401382446
0.9999772906303406,8.866069038049318e-06,-2.2548365450347774e-05,-5.022498589823954e-05,0.9999450445175171,-6.31484217592515e-05,1.4970696611271705e-05,3.270944216637872e-05,1.0000141859054565
0.9999709725379944,1.8469956557964906e-05,3.0578278256143676e-06,5.0134072807850316e-05,0.9999147057533264,-6.275826308410615e-05,-1.1832016753032804e-05,4.8809521103976294e-05,1.0000241994857788
0.999947726726532,-5.5488104408141226e-05,-3.0524552130373195e-05,-0.00012333132326602936,0.999873161315918,-6.445824692491442e-05,6.457496783696115e-05,0.00010903465590672567,1.0000370740890503
0.9998761415481567,-0.00013711211795452982,-4.281565998098813e-05,-0.00023613001394551247,0.9997962713241577,-6.121476326370612e-05,0.0001444507943233475,0.000197961155208759,1.0000519752502441
0.9998989701271057,-0.0002400909725110978,-3.636081964941695e-05,-0.00029793023713864386,0.9996384382247925,-7.102929521352053e-05,0.00022099848138168454,0.0003213348682038486,1.0000840425491333
0.9999969601631165,-0.00029893405735492706,2.4609425963717513e-05,-0.00030908914050087333,0.9994986653327942,-3.973809361923486e-05,0.00018880148127209395,0.0004774502303916961,1.0000863075256348
1.0000154972076416,0.0003715100756380707,-4.972190799890086e-05,0.000257399893598631,0.9994628429412842,-7.1862836193759e-05,-4.190425170236267e-05,0.0004664797452278435,1.000096082687378
1.0000985860824585,0.0001598475209902972,3.570567787392065e-05,-0.00028930653934367,0.999402642250061,0.0001574792549945414,-7.398604793706909e-05,-0.00026575548690743744,1.000090479850769
0.999553918838501,-8.403175888815895e-05,-0.00010994690092047676,0.00020482843683566898,1.0000900030136108,1.7626194676267914e-05,0.00014395074686035514,-8.269556929008104e-06,1.0000501871109009
0.9996758103370667,-0.0001363453920930624,-7.793484110152349e-05,4.0417453419649974e-05,1.0000475645065308,4.9605610001890454e-06,6.268654396990314e-05,1.217393855768023e-05,1.0000296831130981
0.9997896552085876,9.373765351483598e-05,-5.8934288972523063e-05,5.5651553338975646e-06,1.0000141859054565,4.970409463567194e-06,1.1659235497063491e-05,-1.1479703061922919e-05,1.000012755393982
0.9998348355293274,3.794790609390475e-05,-4.191431435174309e-05,9.209190466208383e-06,1.0000181198120117,6.061333806428593e-06,8.141280886775348e-06,-6.9691600401711185e-06,1.0000112056732178
0.9998584985733032,2.066775095954654e-06,-4.399743920657784e-05,3.2328236557077616e-05,1.000012755393982,1.266853269044077e-05,3.676929736684542e-06,-1.9885555957444012e-05,1.0000150203704834
0.9999982714653015,2.689077882678248e-05,-4.2354833567515016e-05,-0.0002456637448631227,0.9999321103096008,-0.00018425694725010544,-7.270929927472025e-05,2.3854494429542683e-05,1.000014305114746
1.0000109672546387,4.599642488756217e-05,-1.4289877071860246e-05,-0.00014363515947479755,0.9999572038650513,-0.0001624730066396296,2.6187487947026966e-06,1.7132035281974822e-05,0.9999943971633911
1.000002384185791,2.771445178950671e-05,-2.034349017776549e-05,-7.45328507036902e-05,0.9998964071273804,-7.782048487570137e-05,4.9932667025132105e-05,4.798091686097905e-05,1.0000274181365967
0.9999845623970032,3.0265209716162644e-05,1.026512791213463e-06,6.292161560850218e-05,0.9997979402542114,-7.373200787696987e-05,-2.162234522984363e-05,8.146102481987327e-05,1.0000367164611816
0.9999287128448486,-9.862962906481698e-05,-3.242170350858942e-05,-0.00017741673218552023,0.9997345209121704,-5.816612974740565e-05,0.00010084655514219776,0.0001846410013968125,1.0000630617141724
0.9998149871826172,-0.00018717590137384832,-5.16024483658839e-05,-0.00035856632166542113,0.9996810555458069,-4.659822297981009e-05,0.00025165340048260987,0.00034818434505723417,1.0000839233398438
0.9997739195823669,-0.0003195640165358782,-4.47987113147974e-05,-0.0004610586620401591,0.9995633959770203,-4.313072713557631e-05,0.000390588422305882,0.0005659115267917514,1.0000851154327393
0.9999330639839172,0.00037712734774686396,-2.964024679386057e-05,0.00044337016879580915,0.9995050430297852,9.049661457538605e-06,-0.0003987914533354342,0.0007491323631256819,1.0000290870666504
1.000168800354004,-0.0002678458404261619,0.00011101364361820742,-0.0001253912050742656,0.9991504549980164,0.0006985538057051599,0.00018245220417156816,-3.233199458918534e-05,1.0001273155212402
1.000166416168213,7.660144910914823e-05,4.0659175283508375e-05,-0.0003299364761915058,0.9988420009613037,9.481659799348563e-05,-0.0002309630945092067,-0.0004245257005095482,1.0001685619354248
0.998932421207428,-0.00010716970427893102,0.00013384598423726857,-0.0006645074463449419,1.0000848770141602,5.965677337371744e-05,-0.0001611232291907072,4.962171260558534e-07,1.000098705291748
0.9991980791091919,0.0002500455593690276,-0.00010549539001658559,-0.00026597362011671066,1.000093698501587,-3.1686751754023135e-05,5.963185685686767e-05,2.4113662220770493e-05,1.0000684261322021
0.999555766582489,0.0001398099702782929,-7.583446858916432e-05,-0.00010223050776403397,1.0000624656677246,-1.00546576504712e-05,6.473085522884503e-05,-1.4668069525214378e-05,1.000049114227295
0.9997149109840393,5.5895259720273316e-05,-7.431300036842003e-05,-3.247120912419632e-05,1.0000195503234863,8.281187547254376e-06,3.667108467197977e-05,-9.861734724836424e-06,1.000023365020752
0.9998049736022949,2.3570524717797525e-05,-7.174589700298384e-05,-8.913323654269334e-06,1.0000327825546265,2.181992203986738e-05,3.604505036491901e-05,2.198870703296052e-07,1.000003457069397
0.9999473094940186,5.674419298884459e-05,-3.7230431189527735e-05,-0.0005024264100939035,0.9999151825904846,-0.00029428975540213287,-0.00017966995073948056,7.124045805539936e-05,1.0000298023223877
1.0000255107879639,3.770336479647085e-05,-4.887196155323181e-06,-0.0002922543208114803,0.9998798370361328,-0.0002717353927437216,-2.2154759790282696e-05,-5.036406491853995e-06,1.0000017881393433
1.0000419616699219,-3.859808566630818e-05,-1.787599285307806e-05,-0.00017281777400057763,0.999747633934021,-0.00012612322461791337,8.322552457684651e-05,6.517800647998229e-05,1.0000584125518799
1.000003695487976,-4.592727418639697e-05,-1.191022511193296e-05,3.9736900362186134e-05,0.9995819330215454,-0.00013453216524794698,-1.564561443956336e-06,0.00013535200559999794,1.0000876188278198
0.9998968243598938,-0.00010538728383835405,-3.218675556126982e-05,-0.0002597309066914022,0.9994564056396484,-0.00012698459613602608,0.00011203157919226214,0.00024378728994634002,1.000119686126709
0.9997583627700806,-0.0002770642749965191,-8.736726886127144e-05,-0.0005276059382595122,0.9993745684623718,-0.00014514231588691473,0.0003139058535452932,0.0003863452875521034,1.0001472234725952
0.9995566606521606,0.00047476557665504515,2.953749572043307e-05,0.0006965028587728739,0.9994264245033264,2.368467175983824e-05,-0.0006501585594378412,0.0007583728875033557,1.0000813007354736
0.9999781847000122,-0.0004508096899371594,0.00029284702031873167,-0.0004679691046476364,0.9990563988685608,0.0009337926167063415,7.965689292177558e-06,-8.157049887813628e-05,1.000198483467102
1.0000805854797363,-0.0006163812358863652,0.00013807356299366802,-0.00036375070340000093,0.9989312887191772,0.0009098735172301531,0.0002471029292792082,-0.0001015854359138757,1.0002703666687012
0.9999670386314392,0.0009736923384480178,-0.00024401610426139086,0.000489920552354306,0.9987260103225708,-0.00018451662617735565,1.3430440048978198e-05,0.0010406130459159613,1.0002610683441162
1.000142216682434,0.0013422438642010093,-3.487374124233611e-05,6.656844925601035e-05,0.9984162449836731,0.0004523697425611317,4.715416707767872e-06,-0.0005897310911677778,1.000259518623352
0.9985718727111816,-0.0005692702252417803,-0.0003197881451342255,0.0007964462856762111,1.000281810760498,8.043492562137544e-05,4.028906914754771e-05,2.396647323621437e-05,1.0000883340835571
0.9992100596427917,-0.00030531108495779335,0.00018829730106517673,0.0003805365413427353,1.000112771987915,-7.144810660975054e-05,0.0001021559874061495,5.833383329445496e-05,0.9999897480010986
0.9995642304420471,-0.00015652603178750724,0.00012555609282571822,0.00021389761241152883,1.000085711479187,-4.7061224904609844e-05,-5.5931501265149564e-05,3.357433888595551e-05,1.0000193119049072
0.9997270107269287,4.2893032514257357e-05,-0.0001253119989996776,-0.00013050439883954823,0.9999732971191406,-4.258739863871597e-05,4.1926465200958773e-05,-6.751289765816182e-05,1.0000419616699219
0.999891459941864,0.00012759231321979314,-4.127859210711904e-05,-0.0007850732654333115,0.9998977780342102,-0.00048601950402371585,-0.00030667666578665376,0.00014651543460786343,1.0000238418579102
1.0000604391098022,-0.0001052177685778588,-5.302591671352275e-05,-0.0005716063897125423,0.9997343420982361,-0.0004713903763331473,-5.3076892072567716e-05,-9.46354430197971e-06,0.9999991655349731
0.9999712109565735,-0.00025817612186074257,-6.608936382690445e-05,-0.00047420847113244236,0.9996660351753235,-0.0002455351932439953,0.00012712892203126103,8.86361813172698e-05,1.000082015991211
0.9999735355377197,-0.00020996438979636878,-6.601614586543292e-05,-8.741103374632075e-05,0.9994358420372009,-0.00027133876574225724,5.039297684561461e-05,0.00011372179869795218,1.0000717639923096
0.9998376369476318,-7.950644794618711e-05,-5.899987445445731e-05,-0.00037469048402272165,0.9992702007293701,-0.0003365910961292684,0.00011618233111221343,0.00023077023797668517,1.0001952648162842
0.9995822310447693,-0.0003560147888492793,-0.00010203560668742284,-0.0007916268077678978,0.999216616153717,-0.00028438097797334194,0.0003923437325283885,0.00044399761827662587,1.0003660917282104
0.9992159605026245,0.00035704075708054006,0.0004983008257113397,-0.00027284264797344804,1.0004223585128784,0.0002595307014416903,0.0012499005533754826,-0.0006857534754090011,0.9994283318519592
0.9999112486839294,-0.0005365783581510186,0.0003106695949099958,-0.0004959145444445312,0.9989326596260071,0.0012786663137376308,-9.684426186140627e-05,-0.0003136975283268839,1.0003297328948975
0.9998141527175903,-0.0007045030943118036,0.00019289931515231729,-0.0007164538837969303,0.9986771941184998,0.0013228782918304205,0.00025646749418228865,-0.00038868645788170397,1.0003262758255005
0.9999987483024597,-0.0010412835981696844,0.00016024809156078845,-0.0003453882527537644,0.9983927011489868,0.0016411973629146814,0.00036394529161043465,-0.00038142563425935805,1.0003570318222046
1.0004961490631104,-0.0012733517214655876,0.00032823547371663153,0.00030867577879689634,0.997869610786438,0.0018690589349716902,0.0003418815031182021,-8.18897970020771e-05,1.0001553297042847
0.9974660873413086,-0.00019414811686147004,0.000692603993229568,0.002371703740209341,1.000400424003601,-0.0003381782444193959,-0.0002112074289470911,0.00022846570936962962,1.0002729892730713
0.997878909111023,-0.0006756730144843459,0.0003900073061231524,0.0012769317254424095,1.0005171298980713,-8.326360693899915e-05,-0.00022640862152911723,0.0002873383346013725,1.0002694129943848
0.9991387724876404,-0.0004381959734018892,7.555901538580656e-05,0.00040452321991324425,1.0000749826431274,0.00013580657832790166,-0.00021876743994653225,3.2128107704920694e-05,1.0001033544540405
0.9998113512992859,-0.00016687890456523746,-9.826417226577178e-05,0.00013845664216205478,1.0001592636108398,0.0001989873853744939,-0.00030226996750570834,0.0002715263399295509,1.0000139474868774
0.9995523691177368,-0.0008712924900464714,-0.0005938052199780941,0.0001933573657879606,1.000184416770935,0.00010450109402881935,0.00014341031783260405,-0.0003360799455549568,1.0001057386398315
0.9999158978462219,-0.0006133089773356915,-0.00024830791517160833,-0.0008818540372885764,0.9996968507766724,-0.000609937880653888,-3.2701685995562e-05,0.00011901445395778865,1.00007164478302
0.9995772242546082,-0.000494744919706136,-0.00016058553592301905,-0.0008706684457138181,0.999671459197998,-0.000396314833778888,0.0001824495120672509,5.922882701270282e-05,1.0001639127731323
0.9996470212936401,-0.0007119880756363273,-0.0002733121800702065,-0.0005531078786589205,0.9993106722831726,-0.0003882153832819313,8.507320308126509e-05,7.811342948116362e-05,1.0002553462982178
0.999678909778595,-0.0005665348726324737,-0.0003088346275035292,-4.715926115750335e-05,0.9988223314285278,-0.0006804679869674146,-5.77325772610493e-05,1.63719269039575e-05,1.0001798868179321
0.9995750188827515,-0.00012298290675971657,-8.259199239546433e-05,0.0008238428854383528,0.9986103177070618,0.0010703583247959614,0.00010512719018151984,-1.1679608178383205e-05,1.0000064373016357
0.9996872544288635,-0.00010294782259734347,0.00041550162131898105,-0.0012596737360581756,0.9985352754592896,0.0013291799696162343,-0.00017185659089591354,-0.0002265822549816221,1.0002633333206177
0.9996974468231201,-0.0002558512205723673,0.0003099958994425833,-0.0003650145954452455,0.9985213279724121,0.001597671303898096,-0.00036670718691311777,-0.0005255324649624527,1.0004312992095947
0.9994609951972961,-0.0006551898550242186,0.00034282225533388555,-0.0008373037562705576,0.9987868666648865,0.00170409819111228,-0.00013611857139039785,-0.0011129698250442743,1.000746250152588
0.9995027780532837,-0.0011694622226059437,0.0005598798161372542,-0.0013048389228060842,0.997991144657135,0.0019779473077505827,0.00012415940000209957,-0.0017536779632791877,1.0013337135314941
0.9989594221115112,0.002117846393957734,-0.0017410102300345898,0.0037073749117553234,0.9966594576835632,0.0018511705566197634,0.0029036598280072212,-0.0017654455732554197,1.0010185241699219
0.9953264594078064,-0.00020304664212744683,0.003387399949133396,0.005672631785273552,0.9998365044593811,-0.001611368148587644,-0.0016564242541790009,0.0003549555840436369,1.0001641511917114
0.9965662360191345,-0.001604654942639172,0.0010026147356256843,0.004883579444140196,1.0007261037826538,-0.0006555595900863409,-7.009739056229591e-05,-0.00046309910248965025,0.999617338180542
0.9989125728607178,-0.0011786646209657192,-0.0011992937652394176,0.0021821442060172558,1.0007588863372803,0.00025821098824962974,0.0007404163479804993,-0.00018132870900444686,0.9997662901878357
1.0008805990219116,-0.0004257710534147918,-0.003332599764689803,0.0006565077928826213,0.9996238946914673,0.0002586617774795741,0.0012283093528822064,-0.001667508389800787,0.9999960064888
0.9989596009254456,-0.0002732040302362293,-0.0008120008860714734,-0.00022117568005342036,1.0005145072937012,-3.67514330719132e-05,4.280741268303245e-05,-9.707288700155914e-05,1.0001864433288574
0.9995821714401245,-0.000867322611156851,-0.0002830798039212823,-0.0013701068237423897,0.9995737671852112,-0.0008076145313680172,-0.000252484722295776,0.000176920962985605,1.0001424551010132
0.9994378685951233,-0.0008042750996537507,-0.0001666482858126983,-0.001282297307625413,0.9994798898696899,-0.0005176072008907795,0.0001505076070316136,-0.00010869037942029536,1.0001811981201172
0.9992814064025879,-0.0013775185216218233,-0.0004889603005722165,-0.001090804347768426,0.9988740086555481,-0.0007719026762060821,-5.315809903549962e-05,4.96089160151314e-05,0.9999939799308777
0.999247133731842,-0.0011015282943844795,-0.0005807767156511545,-0.0009135840809904039,0.9979732036590576,-0.0013246061280369759,-0.00010912313882727176,0.0002328996197320521,1.000442624092102
0.9995611906051636,-0.0006704905536025763,-0.0005441296962089837,-0.00038950733141973615,0.9975219368934631,-0.001700625172816217,-0.00019176625937689096,0.0008145458996295929,1.0013750791549683
0.9986581802368164,-0.00032551746699027717,0.0014351113932207227,0.001757929683662951,1.0007637739181519,-0.0027126234490424395,0.0013181263348087668,6.64516119286418e-05,0.9992430806159973
1.0001248121261597,-0.0002103874576278031,0.0005434787599369884,0.00039541779551655054,0.9979459643363953,0.001784080290235579,-0.0008133571245707572,-0.0018482157029211521,1.000949740409851
0.9994216561317444,0.0005769965355284512,0.0007066347752697766,-0.00011247759539401159,0.9991671442985535,0.0009418154368177056,0.000429254345363006,-0.0011410590959712863,0.9999696612358093
0.998873233795166,0.0004167929873801768,0.0011156618129462004,-0.0025898246094584465,0.9994019269943237,0.000991801731288433,-0.001301183016039431,-0.001368786091916263,0.9991198182106018
0.9970166683197021,-0.004274716600775719,-0.0009823449654504657,-0.0034418809227645397,0.9983851909637451,-0.00217606988735497,0.0041516064666211605,0.008067705668509007,1.0013618469238281
0.9991334676742554,0.008474813774228096,-0.0004711307992693037,0.007395908236503601,0.9943302869796753,0.001883490476757288,-0.011963204480707645,0.013299520127475262,1.0034205913543701
0.9915313124656677,0.013104747049510479,-0.03321637213230133,0.006183204706758261,0.999329149723053,0.02564345858991146,-0.023276861757040024,0.021668361499905586,1.01250159740448
0.9976286292076111,0.00934507418423891,-0.07172451168298721,-0.007937321439385414,1.0171971321105957,0.048506785184144974,-0.03535227105021477,0.022411584854125977,1.0144696235656738
1.0071855783462524,0.035217106342315674,-0.1412164568901062,-0.03523537889122963,1.0296119451522827,0.03385549038648605,-0.041165634989738464,0.02280385233461857,1.026293396949768
1.0003595352172852,0.0018664880190044641,0.00041036479524336755,-8.079211693257093e-05,0.9987079501152039,-0.0008171541267074645,-0.00022536983306054026,6.82707250234671e-05,1.0002896785736084
0.999915599822998,-0.0004562326648738235,-9.142384806182235e-05,-0.0013247521128505468,0.9994284510612488,-0.0008767959661781788,-0.0004434992151800543,0.00011324757360853255,1.0001870393753052
0.9997097849845886,-0.0023683023173362017,-0.0001137540239142254,-0.0017109138425439596,0.9986060857772827,-0.0008692048140801489,-9.047137609741185e-06,9.842637518886477e-05,1.0003602504730225
0.9982544183731079,-0.0027756784111261368,-0.0011863355757668614,-0.001865567872300744,0.9985781311988831,-0.001454933313652873,0.0001697953703114763,0.0005233535775914788,1.000854253768921
0.9981064200401306,-0.001614749780856073,-0.002174727153033018,-0.000890237744897604,0.9984917640686035,-0.002433536807075143,-9.414251849193533e-07,0.0007528808200731874,1.0000360012054443
0.9988096952438354,-0.0004587436269503087,-0.0009057800052687526,-0.00018657588225323707,0.9980788230895996,-0.0030245499219745398,5.028386658523232e-05,-0.0007653913926333189,0.9972394108772278
0.9991097450256348,-0.001308597275055945,0.0013173249317333102,-0.0012336081126704812,0.998294472694397,0.0013368638465180993,-0.002567888703197241,-6.753557681804523e-05,0.998741865158081
