14.369250297546387,10.620749950408936,0.624750018119812,0.9985175728797913,-0.02760913595557213,0.058892831206321716,0.026574306190013885,0.9988285303115845,0.010616778396070004,-0.06186557561159134,0.002014518016949296,0.9761747717857361
15.618750095367432,10.620749950408936,0.624750018119812,1.00066077709198,-0.007348257582634687,-0.01695096679031849,0.010649937205016613,0.9988970160484314,0.06299769878387451,0.025421233847737312,-0.0687786340713501,0.9858946800231934
16.868249893188477,10.620749950408936,0.624750018119812,1.0010968446731567,-0.0082921227440238,-0.007177877705544233,0.009976403787732124,0.9975528717041016,0.06625886261463165,0.014542428776621819,-0.07464956492185593,0.987125813961029
18.11775016784668,10.620749950408936,0.624750018119812,1.0011366605758667,-0.010870407335460186,-0.0003538335731718689,0.01043024379760027,0.9980407357215881,0.0664321780204773,0.0029955024365335703,-0.07711544632911682,0.9813058972358704
19.367250442504883,10.620749950408936,0.624750018119812,1.0008397102355957,-0.012448536232113838,-0.0024635226000100374,0.011341582052409649,0.9994340538978577,-0.06842309981584549,0.004696279298514128,0.07599002122879028,0.9728905558586121
13.119750022888184,11.87024974822998,0.624750018119812,1.0005199909210205,0.024446671828627586,-0.0303492434322834,-0.025451784953475,0.9965440034866333,-0.05218174681067467,0.02804861217737198,0.06473688781261444,0.9887297749519348
14.369250297546387,11.87024974822998,0.624750018119812,0.9977771639823914,-0.03929825499653816,-0.018781542778015137,0.03600555285811424,0.9989727139472961,-0.054711613804101944,0.03055819869041443,0.05664481967687607,0.9936974048614502
15.618750095367432,11.87024974822998,0.624750018119812,0.9977787733078003,-0.04027264565229416,-0.017453810200095177,0.037428371608257294,0.9983858466148376,-0.05605156719684601,0.027107814326882362,0.05801115557551384,0.9952219724655151
16.868249893188477,11.87024974822998,0.624750018119812,0.9987881183624268,-0.03767877072095871,-0.013439078815281391,0.034862861037254333,0.9982180595397949,-0.059759221971035004,0.02064347080886364,0.06284724175930023,0.9951425790786743
18.11775016784668,11.87024974822998,0.624750018119812,1.0001024007797241,0.034168828278779984,0.02805599570274353,-0.0347476564347744,0.9984886050224304,0.05816661939024925,-0.02337574027478695,-0.062219101935625076,0.9941335916519165
19.367250442504883,11.87024974822998,0.624750018119812,1.000597357749939,0.03321465477347374,0.022678816691040993,-0.03423234447836876,0.9981293082237244,0.06203656643629074,-0.01805756986141205,-0.06494928896427155,0.9934374094009399
20.616750717163086,11.87024974822998,0.624750018119812,1.0013283491134644,0.032326072454452515,0.01597301848232746,-0.03325172886252403,0.997898280620575,0.06550539284944534,-0.011919746175408363,-0.06662661582231522,0.9923229217529297
21.866250038146973,11.87024974822998,0.624750018119812,1.0022975206375122,0.02685549296438694,0.003982936032116413,-0.026496684178709984,0.9973772764205933,-0.06875509768724442,-0.005210528615862131,0.07258667796850204,0.9905440211296082
23.11574935913086,11.87024974822998,0.624750018119812,1.002435326576233,-0.014098676852881908,-0.013501530513167381,0.013093268498778343,0.9982811212539673,-0.07466139644384384,0.008203897625207901,0.07513207197189331,0.9866423606872559
24.365249633789062,11.87024974822998,0.624750018119812,1.0015445947647095,-0.01561752613633871,-0.0217279065400362,0.013290676288306713,0.9981943964958191,-0.07652992010116577,0.019622813910245895,0.07486109435558319,0.9774033427238464
25.614749908447266,11.87024974822998,0.624750018119812,0.9988659024238586,-0.016239048913121223,-0.030336054041981697,0.015643438324332237,0.9967951774597168,-0.0779314786195755,0.03260049596428871,0.06503743678331375,0.967235803604126
11.87024974822998,13.119750022888184,0.624750018119812,0.9979978203773499,-0.03574758023023605,-0.025628749281167984,0.03319888561964035,0.9993034601211548,-0.05350580811500549,0.03418277949094772,0.055172644555568695,0.993958055973053
13.119750022888184,13.119750022888184,0.624750018119812,0.9998701214790344,0.019651416689157486,0.03821691498160362,-0.02128589153289795,0.9977519512176514,0.055739469826221466,-0.036565858870744705,-0.06269704550504684,0.9961567521095276
14.369250297546387,13.119750022888184,0.624750018119812,0.9986007809638977,0.01790725626051426,0.03763360157608986,-0.01960098184645176,0.9985029101371765,0.058259591460227966,-0.03649430349469185,-0.06351476907730103,0.9974349141120911
15.618750095367432,13.119750022888184,0.624750018119812,0.9974191784858704,0.018382510170340538,0.034256067126989365,-0.02023082599043846,0.9980933666229248,0.06114165484905243,-0.03537615388631821,-0.06502152979373932,0.9977595806121826
16.868249893188477,13.119750022888184,0.624750018119812,0.997663140296936,0.0209356676787138,0.026517845690250397,-0.02124161459505558,0.997747540473938,0.06514153629541397,-0.028017893433570862,-0.06770753115415573,0.9973867535591125
18.11775016784668,13.119750022888184,0.624750018119812,0.9980036616325378,0.037443142384290695,0.022596292197704315,-0.0371035598218441,0.997655987739563,0.06026766076683998,-0.023030193522572517,-0.06219984218478203,0.9971048831939697
19.367250442504883,13.119750022888184,0.624750018119812,0.9976869225502014,0.028607899323105812,0.011580166406929493,-0.029170101508498192,0.9970151782035828,0.0677395835518837,-0.011888830922544003,-0.06986608356237411,0.9971246719360352
20.616750717163086,13.119750022888184,0.624750018119812,0.9978455901145935,0.027978405356407166,-0.0041985539719462395,-0.02848353609442711,0.9971953630447388,-0.06916407495737076,0.0037191438023000956,0.07126103341579437,0.996285617351532
21.866250038146973,13.119750022888184,0.624750018119812,0.9993247985839844,0.02080596052110195,0.0006539979367516935,-0.021620899438858032,0.9974359273910522,-0.07261650264263153,-0.0014332914724946022,0.0736381858587265,0.9950387477874756
23.11574935913086,13.119750022888184,0.624750018119812,1.000940203666687,0.021284205839037895,0.009594053961336613,-0.02112750895321369,0.9973066449165344,-0.07276122272014618,-0.010679604485630989,0.0730605348944664,0.9937204718589783
24.365249633789062,13.119750022888184,0.624750018119812,1.0009169578552246,-0.020542854443192482,-0.030142635107040405,0.023715011775493622,0.9979363083839417,0.06777551770210266,0.028015876188874245,-0.06710005551576614,0.9925199151039124
25.614749908447266,13.119750022888184,0.624750018119812,1.0010592937469482,-0.029148560017347336,0.021718593314290047,0.03143875673413277,0.9982127547264099,-0.06710229068994522,-0.01787249557673931,0.06935306638479233,0.9909814596176147
26.86425018310547,13.119750022888184,0.624750018119812,0.9998051524162292,-0.02915538102388382,-0.03768995404243469,0.03419256582856178,0.9987874627113342,0.06663349270820618,0.030394606292247772,-0.061244118958711624,0.9888511896133423
28.113750457763672,13.119750022888184,0.624750018119812,0.9994106292724609,-0.01800784282386303,-0.04084794595837593,0.014805702492594719,0.9973813891410828,-0.07402918487787247,0.03953567147254944,0.06582815945148468,0.9776724576950073
10.620749950408936,14.369250297546387,0.624750018119812,0.9991983771324158,-0.02107839100062847,-0.053300753235816956,0.023363161832094193,0.9990175366401672,0.037959977984428406,0.05488685891032219,-0.0439143180847168,0.9928731918334961
11.87024974822998,14.369250297546387,0.624750018119812,0.9980130791664124,-0.03869461268186569,-0.023748207837343216,0.037381187081336975,0.9980593323707581,-0.0555712915956974,0.0292383823543787,0.05623490363359451,0.9986665844917297
13.119750022888184,14.369250297546387,0.624750018119812,0.9975379705429077,0.031837813556194305,0.033584099262952805,-0.03385891765356064,0.9973803162574768,0.054547760635614395,-0.03414912894368172,-0.060221970081329346,1.0000627040863037
14.369250297546387,14.369250297546387,0.624750018119812,0.9964169859886169,0.031731508672237396,0.02997623197734356,-0.03364512324333191,0.9980446100234985,0.05686535686254501,-0.03278392180800438,-0.06137504056096077,0.9983992576599121
15.618750095367432,14.369250297546387,0.624750018119812,0.9965105652809143,0.03032950684428215,0.026477375999093056,-0.03244532272219658,0.9979045987129211,0.05980591103434563,-0.030789343640208244,-0.06268754601478577,0.9970462918281555
16.868249893188477,14.369250297546387,0.624750018119812,0.9972996711730957,0.030126845464110374,0.02033434808254242,-0.03134186565876007,0.9978278875350952,0.06354516744613647,-0.02482789382338524,-0.065365731716156,0.9965356588363647
18.11775016784668,14.369250297546387,0.624750018119812,0.9975975751876831,0.02966495417058468,0.015230046585202217,-0.031131530180573463,0.9975097179412842,0.0660095140337944,-0.019193874672055244,-0.06754418462514877,0.9966249465942383
19.367250442504883,14.369250297546387,0.624750018119812,0.998142659664154,0.029591433703899384,0.008482284843921661,-0.03127177059650421,0.9971838593482971,0.06732313334941864,-0.01216965913772583,-0.06912674009799957,0.9965229034423828
20.616750717163086,14.369250297546387,0.624750018119812,0.9983811974525452,0.02946465089917183,-0.0014718648744747043,-0.02987160161137581,0.9971216320991516,-0.06834489852190018,0.004760769661515951,0.07034996896982193,0.9964020252227783
21.866250038146973,14.369250297546387,0.624750018119812,0.9979907274246216,0.02990015596151352,0.005466765258461237,-0.029617732390761375,0.9972220063209534,-0.068466916680336,-0.0036793414037674665,0.07028482109308243,0.9964332580566406
23.11574935913086,14.369250297546387,0.624750018119812,0.9976814985275269,0.02852906659245491,0.012961309403181076,-0.028442490845918655,0.9972143769264221,-0.06841004639863968,-0.013078753836452961,0.069759801030159,0.9964674115180969
24.365249633789062,14.369250297546387,0.624750018119812,0.9980345964431763,-0.02766888402402401,-0.01861199550330639,0.02758784033358097,0.997555673122406,-0.06835754215717316,0.02009110152721405,0.0686698779463768,0.99615079164505
25.614749908447266,14.369250297546387,0.624750018119812,0.9985066056251526,-0.020205406472086906,-0.03782328590750694,0.0223940871655941,0.9984350204467773,0.06424320489168167,0.03564130514860153,-0.06398370116949081,0.9955871105194092
26.86425018310547,14.369250297546387,0.624750018119812,0.9993116855621338,-0.03240063786506653,0.03508565574884415,0.03477393463253975,0.9983475208282471,-0.06123983487486839,-0.030704881995916367,0.06287147104740143,0.9945883750915527
28.113750457763672,14.369250297546387,0.624750018119812,1.0001517534255981,0.03498609736561775,0.025251805782318115,-0.03391262888908386,0.9983478784561157,-0.06605321913957596,-0.030979599803686142,0.06438591331243515,0.9912682175636292
29.363250732421875,14.369250297546387,0.624750018119812,0.9982039332389832,-0.017624707892537117,-0.044231198728084564,0.01476120576262474,0.9979707598686218,-0.06929514557123184,0.04442690685391426,0.06226488947868347,0.9820349812507629
9.37125015258789,15.618750095367432,0.624750018119812,0.9990296363830566,-0.02354329265654087,-0.05564146488904953,0.024674417451024055,0.9984935522079468,0.03347421810030937,0.05531005933880806,-0.03937937691807747,0.9893596768379211
10.620749950408936,15.618750095367432,0.624750018119812,0.9994903206825256,-0.02465626411139965,0.02534310333430767,0.02389502339065075,0.998043954372406,0.06277485936880112,-0.029680920764803886,-0.06219931319355965,0.9966651201248169
11.87024974822998,15.618750095367432,0.624750018119812,0.9979197382926941,0.016259143128991127,0.043113354593515396,-0.019488828256726265,0.998504102230072,0.05429674685001373,-0.04313347488641739,-0.059650786221027374,0.9999731183052063
13.119750022888184,15.618750095367432,0.624750018119812,0.9968620538711548,0.03368447721004486,0.03099060244858265,-0.03678669407963753,0.9973599314689636,0.05325126647949219,-0.03549952432513237,-0.05936448648571968,0.9997327923774719
14.369250297546387,15.618750095367432,0.624750018119812,0.996528685092926,0.03335339203476906,0.026386449113488197,-0.036197636276483536,0.9980536103248596,0.05527718737721443,-0.03340655937790871,-0.05959894135594368,0.996682345867157
15.618750095367432,15.618750095367432,0.624750018119812,0.9961676597595215,0.03288068622350693,0.022192373871803284,-0.0358487144112587,0.9980393648147583,0.05794021114706993,-0.031144360080361366,-0.06074875593185425,0.995729923248291
16.868249893188477,15.618750095367432,0.624750018119812,0.9971885681152344,0.033224307000637054,0.016721902415156364,-0.03443126380443573,0.9979451894760132,0.06130366772413254,-0.025639882311224937,-0.06357724219560623,0.9955853223800659
18.11775016784668,15.618750095367432,0.624750018119812,0.9980629086494446,0.03298000246286392,0.012020958587527275,-0.033831655979156494,0.9975248575210571,0.06371033936738968,-0.018739555031061172,-0.06604086607694626,0.9960108995437622
19.367250442504883,15.618750095367432,0.624750018119812,0.9986329078674316,0.032455939799547195,0.0057252855040133,-0.03353152424097061,0.997348427772522,0.06536496430635452,-0.010752898640930653,-0.06800955533981323,0.9962536692619324
20.616750717163086,15.618750095367432,0.624750018119812,0.9989075660705566,0.03195759281516075,0.0023216630797833204,-0.03260146081447601,0.997211754322052,-0.06653639674186707,0.0016292916843667626,0.06919968128204346,0.9963700175285339
21.866250038146973,15.618750095367432,0.624750018119812,0.9989702701568604,0.032069556415081024,0.009278394281864166,-0.03216157108545303,0.9970787167549133,-0.06651006639003754,-0.006395519245415926,0.06891367584466934,0.99654221534729
23.11574935913086,15.618750095367432,0.624750018119812,0.9988982677459717,0.030694585293531418,0.01695253886282444,-0.030428115278482437,0.9970172047615051,-0.06603572517633438,-0.01487276703119278,0.06832506507635117,0.9968608617782593
24.365249633789062,15.618750095367432,0.624750018119812,0.9984383583068848,-0.029314445331692696,-0.021376462653279305,0.02888544276356697,0.9972648620605469,-0.06590347737073898,0.020355606451630592,0.06791188567876816,0.9968803524971008
25.614749908447266,15.618750095367432,0.624750018119812,0.9981372952461243,-0.027544857934117317,-0.02494044601917267,0.027310313656926155,0.997620165348053,-0.06628831475973129,0.024677278473973274,0.06703104078769684,0.996743381023407
26.86425018310547,15.618750095367432,0.624750018119812,0.998559296131134,-0.021352453157305717,-0.04570480436086655,0.0222549419850111,0.9978190660476685,0.05849887430667877,0.044459179043769836,-0.05881761386990547,0.9962441921234131
28.113750457763672,15.618750095367432,0.624750018119812,0.9997214674949646,0.03649894893169403,0.024183623492717743,-0.03668678179383278,0.9972630143165588,-0.06572248786687851,-0.02751207910478115,0.06191244348883629,0.995526909828186
29.363250732421875,15.618750095367432,0.624750018119812,0.9979951977729797,-0.030001720413565636,-0.047746025025844574,0.034136995673179626,0.998989999294281,0.058597639203071594,0.04090268909931183,-0.05602454021573067,0.993373453617096
30.61275005340576,15.618750095367432,0.624750018119812,0.9974153637886047,-0.0306071937084198,0.07683718204498291,0.03031015768647194,0.9983139634132385,0.011713065207004547,-0.07320702075958252,-0.0022042570635676384,0.9859023690223694
9.37125015258789,16.868249893188477,0.624750018119812,0.9985475540161133,-0.02421703189611435,-0.05953875929117203,0.025807462632656097,0.999088704586029,0.030185779556632042,0.06048532575368881,-0.033614903688430786,0.9954172968864441
10.620749950408936,16.868249893188477,0.624750018119812,0.9982004165649414,0.019384019076824188,0.04583442956209183,-0.021813154220581055,0.998078465461731,0.051864948123693466,-0.0449761301279068,-0.055739112198352814,0.9997672438621521
11.87024974822998,16.868249893188477,0.624750018119812,0.9969895482063293,0.035859741270542145,0.034893736243247986,-0.039290498942136765,0.9973087310791016,0.049402497708797455,-0.0397099032998085,-0.05497470498085022,1.0007582902908325
13.119750022888184,16.868249893188477,0.624750018119812,0.9968569278717041,0.0349908247590065,0.02794664353132248,-0.03856230527162552,0.9978408217430115,0.051958806812763214,-0.0359700582921505,-0.057586669921875,0.9972888231277466
14.369250297546387,16.868249893188477,0.624750018119812,0.9964328408241272,0.03416375443339348,0.021971505135297775,-0.03844061866402626,0.9979084134101868,0.05391780659556389,-0.03261872008442879,-0.058665625751018524,0.995322585105896
15.618750095367432,16.868249893188477,0.624750018119812,0.9968742728233337,0.03446329012513161,0.015507063828408718,-0.03817032650113106,0.9979422688484192,0.05615945905447006,-0.02955184131860733,-0.060486823320388794,0.9944347143173218
16.868249893188477,16.868249893188477,0.624750018119812,0.9986151456832886,0.03649524226784706,0.011166993528604507,-0.03677389398217201,0.9982686042785645,0.05907778814435005,-0.023924855515360832,-0.06224590539932251,0.9944952726364136
18.11775016784668,16.868249893188477,0.624750018119812,0.999256432056427,0.036126330494880676,0.008294251747429371,-0.03627767041325569,0.9977103471755981,0.061750855296850204,-0.017195260152220726,-0.06467984616756439,0.9958934783935547
19.367250442504883,16.868249893188477,0.624750018119812,0.9993383884429932,0.03482019156217575,0.004772885236889124,-0.03580433875322342,0.9973645210266113,0.06344469636678696,-0.011388775892555714,-0.06663331389427185,0.9967295527458191
20.616750717163086,16.868249893188477,0.624750018119812,0.9994049668312073,0.034166369587183,-0.002956836251541972,-0.03451918065547943,0.997186005115509,0.06477896869182587,-0.0022711579222232103,-0.06800894439220428,0.9970901012420654
21.866250038146973,16.868249893188477,0.624750018119812,0.9994463920593262,0.03358549624681473,0.008853556588292122,-0.03362186253070831,0.9969517588615417,-0.06510136276483536,-0.004996196832507849,0.06831230968236923,0.9973770380020142
23.11574935913086,16.868249893188477,0.624750018119812,0.9993128776550293,0.032041534781455994,0.016670025885105133,-0.03171790391206741,0.9967729449272156,-0.064603790640831,-0.013900117948651314,0.06816161423921585,0.9973334074020386
24.365249633789062,16.868249893188477,0.624750018119812,0.9991595149040222,-0.03010210394859314,-0.021831413730978966,0.02967093698680401,0.997016191482544,-0.06426190584897995,0.019621044397354126,0.0678175762295723,0.9969397187232971
25.614749908447266,16.868249893188477,0.624750018119812,0.9988978505134583,-0.02875378355383873,-0.02659534476697445,0.028150083497166634,0.9976329207420349,-0.06411162763834,0.025129931047558784,0.0667824074625969,0.9964107871055603
26.86425018310547,16.868249893188477,0.624750018119812,0.9981672763824463,-0.027853982523083687,-0.03230399638414383,0.026501106098294258,0.9983955025672913,-0.06373167783021927,0.032257553189992905,0.06406979262828827,0.9961029887199402
28.113750457763672,16.868249893188477,0.624750018119812,0.9987311363220215,0.0381392203271389,0.027576494961977005,-0.03723112493753433,0.9978349208831787,-0.06235886737704277,-0.029510410502552986,0.05947808921337128,0.9965839982032776
29.363250732421875,16.868249893188477,0.624750018119812,0.9998369216918945,0.03293021023273468,0.026428651064634323,-0.03245538845658302,0.9972662329673767,-0.06781289726495743,-0.028497770428657532,0.06311168521642685,0.9959560036659241
30.61275005340576,16.868249893188477,0.624750018119812,0.9992523193359375,-0.021090654656291008,-0.05183873698115349,0.017344772815704346,0.9982267022132874,-0.06098165735602379,0.048943281173706055,0.055671326816082,0.9937435388565063
8.121750116348267,18.11775016784668,0.624750018119812,0.9990603923797607,-0.026696857064962387,-0.060700565576553345,0.028164973482489586,0.9990370273590088,0.024646608158946037,0.0623541884124279,-0.026110297068953514,0.9906870722770691
9.37125015258789,18.11775016784668,0.624750018119812,0.9984246492385864,-0.03436450660228729,-0.03463444486260414,0.03298276662826538,0.9981182813644409,-0.05455214902758598,0.03668347746133804,0.053811315447092056,0.9979837536811829
10.620749950408936,18.11775016784668,0.624750018119812,0.9976030588150024,0.020670196041464806,0.04926428571343422,-0.023407170549035072,0.9982194900512695,0.04725673794746399,-0.0525706522166729,-0.051593851298093796,1.0001003742218018
11.87024974822998,18.11775016784668,0.624750018119812,0.9964954853057861,0.035138193517923355,0.03803158923983574,-0.038667041808366776,0.9979473948478699,0.04501156881451607,-0.04608932510018349,-0.05072130262851715,0.998132050037384
13.119750022888184,18.11775016784668,0.624750018119812,0.9972662925720215,0.03571333363652229,0.029217056930065155,-0.038523074239492416,0.9982730746269226,0.04899725690484047,-0.03891667351126671,-0.05359284579753876,0.9957404136657715
14.369250297546387,18.11775016784668,0.624750018119812,0.998046338558197,0.03372679278254509,0.023263221606612206,-0.03795696794986725,0.9979511499404907,0.05173899233341217,-0.03690037503838539,-0.05595347285270691,0.995002031326294
15.618750095367432,18.11775016784668,0.624750018119812,1.0002282857894897,0.03532179445028305,0.015760526061058044,-0.038269154727458954,0.9981728196144104,0.054223980754613876,-0.031080836430191994,-0.058487046509981155,0.9943739771842957
16.868249893188477,18.11775016784668,0.624750018119812,1.0014652013778687,0.03810479864478111,0.010632915422320366,-0.03767434135079384,0.9981987476348877,0.057513635605573654,-0.023350032046437263,-0.06100311130285263,0.9952138662338257
18.11775016784668,18.11775016784668,0.624750018119812,1.0005183219909668,-0.037924349308013916,-0.008783597499132156,0.03731484338641167,0.9978060722351074,0.06014605611562729,0.018178680911660194,-0.06354627758264542,0.9965532422065735
19.367250442504883,18.11775016784668,0.624750018119812,0.999825119972229,0.03644343093037605,0.0055544087663292885,-0.03677714616060257,0.9974706768989563,0.062105920165777206,-0.013159860856831074,-0.06558101624250412,0.9971243143081665
20.616750717163086,18.11775016784668,0.624750018119812,0.9998185038566589,0.03629861772060394,-0.0026092082262039185,-0.03582775965332985,0.9973172545433044,0.06349553167819977,-0.0032679911237210035,-0.0670202374458313,0.9974934458732605
21.866250038146973,18.11775016784668,0.624750018119812,0.999826967716217,0.03480859100818634,0.006403366103768349,-0.03456397354602814,0.9969059228897095,-0.06436948478221893,-0.0020340639166533947,0.06788735091686249,0.9978981614112854
23.11574935913086,18.11775016784668,0.624750018119812,0.9995967149734497,0.03295249119400978,0.015325340442359447,-0.03238040208816528,0.996692955493927,-0.06383949518203735,-0.01215055026113987,0.06830604374408722,0.9975690841674805
24.365249633789062,18.11775016784668,0.624750018119812,0.9992658495903015,-0.030801134184002876,-0.022107761353254318,0.030041415244340897,0.9970202445983887,-0.06304222345352173,0.019545303657650948,0.067875437438488,0.9966035485267639
25.614749908447266,18.11775016784668,0.624750018119812,0.9990136027336121,-0.029642658308148384,-0.02777058817446232,0.02855185978114605,0.9977461695671082,-0.06238018721342087,0.025818748399615288,0.06617826223373413,0.9957837462425232
26.86425018310547,18.11775016784668,0.624750018119812,0.9985575675964355,-0.02854662388563156,-0.03294709324836731,0.027384428307414055,0.9983405470848083,-0.062216125428676605,0.03216379135847092,0.06363488733768463,0.9956733584403992
28.113750457763672,18.11775016784668,0.624750018119812,0.9984415173530579,-0.027683887630701065,-0.03384028375148773,0.026425441727042198,0.9984132647514343,-0.06408588588237762,0.034384675323963165,0.0627686008810997,0.9958546161651611
29.363250732421875,18.11775016784668,0.624750018119812,0.999176561832428,0.03721516579389572,0.029207900166511536,-0.03618742525577545,0.9974882006645203,-0.06316319853067398,-0.030592281371355057,0.058862682431936264,0.9972325563430786
30.61275005340576,18.11775016784668,0.624750018119812,0.9986698031425476,-0.02298435941338539,-0.05584460869431496,0.019971689209342003,0.9984802603721619,-0.054011497646570206,0.055249832570552826,0.04961622878909111,0.9956791400909424
31.86224937438965,18.11775016784668,0.624750018119812,0.9982881546020508,-0.02272423356771469,-0.05754942074418068,0.01973528228700161,0.9979391098022461,-0.05523814260959625,0.055679965764284134,0.048844918608665466,0.9917781352996826
8.121750116348267,19.367250442504883,0.624750018119812,0.9991147518157959,-0.02735585905611515,0.06366346776485443,0.027708597481250763,0.9995150566101074,-0.017867224290966988,-0.06538262218236923,0.018950792029500008,0.9934108257293701
9.37125015258789,19.367250442504883,0.624750018119812,0.9982317686080933,0.022860385477542877,0.05355529114603996,-0.02474946901202202,0.9979357123374939,0.044493019580841064,-0.053767018020153046,-0.04514683037996292,0.998898983001709
10.620749950408936,19.367250442504883,0.624750018119812,0.9971896409988403,0.0366215817630291,0.04474956542253494,-0.04001371189951897,0.9974294304847717,0.0412733256816864,-0.04985831677913666,-0.04569408297538757,0.9994433522224426
11.87024974822998,19.367250442504883,0.624750018119812,0.9967097043991089,0.035476867109537125,0.038166750222444534,-0.039645757526159286,0.9983833432197571,0.04257272183895111,-0.04688645526766777,-0.04685730114579201,0.9968463778495789
13.119750022888184,19.367250442504883,0.624750018119812,0.9982276558876038,0.03661581873893738,0.028075477108359337,-0.04051852226257324,0.9983451962471008,0.046833354979753494,-0.04091181233525276,-0.05120917037129402,0.995544970035553
14.369250297546387,19.367250442504883,0.624750018119812,0.9990719556808472,0.035770777612924576,0.022944988682866096,-0.039937056601047516,0.9984315633773804,0.049377866089344025,-0.03867781162261963,-0.05346031114459038,0.99508136510849
15.618750095367432,19.367250442504883,0.624750018119812,1.0013630390167236,0.03746690973639488,0.018452176824212074,-0.040535300970077515,0.9986467361450195,0.05148869380354881,-0.03408848121762276,-0.055332452058792114,0.9950781464576721
16.868249893188477,19.367250442504883,0.624750018119812,1.0018560886383057,0.039180535823106766,0.01505457703024149,-0.040430936962366104,0.9984527826309204,0.05462875962257385,-0.028869738802313805,-0.05810404196381569,0.9955999851226807
18.11775016784668,19.367250442504883,0.624750018119812,1.0007356405258179,0.03915170580148697,0.012157398276031017,-0.03995084390044212,0.9979732036590576,0.05754996836185455,-0.023992430418729782,-0.06120452657341957,0.9958188533782959
19.367250442504883,19.367250442504883,0.624750018119812,1.0000486373901367,0.03806580603122711,0.008274635300040245,-0.03915715962648392,0.9976670742034912,0.06000502035021782,-0.018162405118346214,-0.06328639388084412,0.9961638450622559
20.616750717163086,19.367250442504883,0.624750018119812,1.0002974271774292,0.03918056935071945,-0.0014579086564481258,-0.0386136919260025,0.99729984998703,0.06164228543639183,-0.005294024012982845,-0.06527891755104065,0.9971528053283691
21.866250038146973,19.367250442504883,0.624750018119812,1.000329613685608,0.036780111491680145,0.0072275795973837376,-0.036641769111156464,0.9967482089996338,-0.06282751262187958,-0.003002607962116599,0.06690171360969543,0.9979087710380554
23.11574935913086,19.367250442504883,0.624750018119812,0.9999979138374329,0.03426331281661987,0.01530058216303587,-0.033866241574287415,0.9964030981063843,-0.06262067705392838,-0.012112385593354702,0.06776808947324753,0.9973776936531067
24.365249633789062,19.367250442504883,0.624750018119812,0.9996633529663086,-0.032357364892959595,-0.02300156094133854,0.03128272667527199,0.9969490170478821,-0.061501581221818924,0.020697707310318947,0.06692841649055481,0.9962576031684875
25.614749908447266,19.367250442504883,0.624750018119812,0.9993501901626587,-0.03155305236577988,-0.028104806318879128,0.02985719032585621,0.9978196620941162,-0.06092836335301399,0.02689455635845661,0.06506361067295074,0.9953627586364746
26.86425018310547,19.367250442504883,0.624750018119812,0.9990506172180176,-0.030024373903870583,-0.03377644717693329,0.02828097529709339,0.9983911514282227,-0.06044851616024971,0.03336344659328461,0.06223750486969948,0.9953022599220276
28.113750457763672,19.367250442504883,0.624750018119812,0.9987045526504517,-0.02868194691836834,-0.03735285624861717,0.027246862649917603,0.9987159371376038,-0.06109478324651718,0.03763120621442795,0.06073989346623421,0.9954036474227905
29.363250732421875,19.367250442504883,0.624750018119812,0.9987595677375793,-0.02232728712260723,-0.05605646222829819,0.02426980622112751,0.998336672782898,0.04985874146223068,0.05257087200880051,-0.04864571616053581,0.996508777141571
30.61275005340576,19.367250442504883,0.624750018119812,0.9989153742790222,0.03132198378443718,-0.040082916617393494,-0.028905067592859268,0.9976499080657959,0.061586376279592514,0.0414339117705822,-0.05749918892979622,0.9971383810043335
31.86224937438965,19.367250442504883,0.624750018119812,0.9984973073005676,-0.024686558172106743,-0.06196020543575287,0.021574942395091057,0.9990198612213135,-0.047224655747413635,0.060030799359083176,0.04235876724123955,0.9945712089538574
8.121750116348267,20.616750717163086,0.624750018119812,0.9987747669219971,-0.027425311505794525,0.06670702248811722,0.027713069692254066,0.9995002746582031,-0.012717816047370434,-0.06724867969751358,0.01251575630158186,0.9943118691444397
9.37125015258789,20.616750717163086,0.624750018119812,0.9982150197029114,0.021062009036540985,0.058272503316402435,-0.02388998679816723,0.9976806044578552,0.0402776300907135,-0.05898815765976906,-0.03990118205547333,0.9989872574806213
10.620749950408936,20.616750717163086,0.624750018119812,0.9969727396965027,0.03577446937561035,0.047641489654779434,-0.04014390707015991,0.9977129101753235,0.037569377571344376,-0.05371199548244476,-0.04132622107863426,0.9986898899078369
11.87024974822998,20.616750717163086,0.624750018119812,0.9969829320907593,0.035505108535289764,0.04000283032655716,-0.0400104895234108,0.9987890720367432,0.03913518041372299,-0.05028100311756134,-0.042789947241544724,0.9961427450180054
13.119750022888184,20.616750717163086,0.624750018119812,0.9990472793579102,0.036956895142793655,0.0296996608376503,-0.041749730706214905,0.9985007643699646,0.04272110015153885,-0.044437699019908905,-0.04757588729262352,0.9948481321334839
14.369250297546387,20.616750717163086,0.624750018119812,1.001133918762207,0.037512101233005524,0.02584107592701912,-0.04108213633298874,0.9986899495124817,0.044823385775089264,-0.041391629725694656,-0.049355946481227875,0.9952456951141357
15.618750095367432,20.616750717163086,0.624750018119812,1.0027540922164917,0.03955245390534401,0.023314569145441055,-0.04266337305307388,0.9985631108283997,0.046532053500413895,-0.036962851881980896,-0.05218341946601868,0.9957968592643738
16.868249893188477,20.616750717163086,0.624750018119812,1.0031253099441528,0.04131293669342995,0.019934676587581635,-0.04452125355601311,0.9983565211296082,0.04868810251355171,-0.0318446159362793,-0.05591649189591408,0.994280219078064
18.11775016784668,20.616750717163086,0.624750018119812,1.0032323598861694,0.041742920875549316,0.014973334036767483,-0.04509534686803818,0.9975293278694153,0.05137020722031593,-0.025005146861076355,-0.05939490348100662,0.9919585585594177
19.367250442504883,20.616750717163086,0.624750018119812,1.0020122528076172,-0.03973202407360077,-0.011720310896635056,0.044638533145189285,0.9980761408805847,0.05333182215690613,0.021427735686302185,-0.06032435595989227,0.9914963245391846
20.616750717163086,20.616750717163086,0.624750018119812,1.0012925863265991,0.041656557470560074,-0.0021564301569014788,-0.04230550676584244,0.9977299571037292,0.05722630396485329,-0.0050810519605875015,-0.06315122544765472,0.9938390254974365
21.866250038146973,20.616750717163086,0.624750018119812,1.000362753868103,0.03755071386694908,-0.004574638791382313,-0.03859507292509079,0.9965545535087585,0.06084251403808594,0.00015342635742854327,-0.06597457081079483,0.9964209794998169
23.11574935913086,20.616750717163086,0.624750018119812,0.9999871253967285,0.03410347178578377,0.013609355315566063,-0.03471583500504494,0.9959900379180908,-0.06156007573008537,-0.010377845726907253,0.06813080608844757,0.9965254664421082
24.365249633789062,20.616750717163086,0.624750018119812,0.9996303915977478,0.03313747048377991,0.02040809951722622,-0.03251398354768753,0.9968815445899963,-0.06096050888299942,-0.01779954694211483,0.06725124269723892,0.9955199360847473
25.614749908447266,20.616750717163086,0.624750018119812,0.9994205832481384,-0.03214448690414429,-0.025143764913082123,0.030566100031137466,0.9977874159812927,-0.06130775436758995,0.024123717099428177,0.06576774269342422,0.9951096177101135
26.86425018310547,20.616750717163086,0.624750018119812,0.999332845211029,-0.030535509809851646,-0.030125297605991364,0.02869974635541439,0.9982185959815979,-0.061613503843545914,0.030343106016516685,0.06375927478075027,0.9951242208480835
28.113750457763672,20.616750717163086,0.624750018119812,0.9991938471794128,-0.029520321637392044,-0.03629595786333084,0.02777741104364395,0.9985201358795166,-0.06070462241768837,0.03729494288563728,0.0607132650911808,0.9950267672538757
29.363250732421875,20.616750717163086,0.624750018119812,0.9989728927612305,-0.028744971379637718,-0.041043855249881744,0.026797940954566002,0.9986479878425598,-0.06022067368030548,0.0412425771355629,0.05734502151608467,0.9956058263778687
30.61275005340576,20.616750717163086,0.624750018119812,0.9988760352134705,0.03608507290482521,0.04133681207895279,-0.0339178629219532,0.9977268576622009,-0.05739573761820793,-0.0420922115445137,0.05256499722599983,0.9976455569267273
31.86224937438965,20.616750717163086,0.624750018119812,0.9979361295700073,-0.026774438098073006,-0.06769928336143494,0.024412866681814194,0.999012291431427,-0.03508909046649933,0.06672295928001404,0.03048705868422985,0.9957311153411865
33.11174964904785,20.616750717163086,0.624750018119812,0.9961858987808228,-0.030125616118311882,0.07334323227405548,0.02771056443452835,0.9995065927505493,0.01078903116285801,-0.07456327974796295,-0.008256946690380573,0.9878361225128174
8.121750116348267,21.866250038146973,0.624750018119812,0.9984555840492249,0.030142664909362793,-0.06305569410324097,-0.03142669051885605,0.9993751645088196,-0.029547248035669327,0.06052141636610031,0.028329763561487198,0.9945911169052124
9.37125015258789,21.866250038146973,0.624750018119812,0.9976492524147034,0.019806887954473495,0.06285060197114944,-0.023895520716905594,0.9978505969047546,0.035834647715091705,-0.06273797899484634,-0.03464135527610779,0.9985325336456299
10.620749950408936,21.866250038146973,0.624750018119812,0.9964033961296082,0.034722790122032166,0.0515512116253376,-0.03982944414019585,0.9983387589454651,0.032717738300561905,-0.057543180882930756,-0.035886406898498535,0.9981940984725952
11.87024974822998,21.866250038146973,0.624750018119812,0.9971863031387329,0.03471177816390991,0.04281559959053993,-0.039969805628061295,0.998961865901947,0.03434604033827782,-0.05412199720740318,-0.03856087476015091,0.9956710934638977
13.119750022888184,21.866250038146973,0.624750018119812,1.0004280805587769,0.0371025949716568,0.033385369926691055,-0.04148123040795326,0.9989723563194275,0.03782370314002037,-0.048009395599365234,-0.04339555278420448,0.9944502115249634
14.369250297546387,21.866250038146973,0.624750018119812,1.0024396181106567,0.03781430050730705,0.031271688640117645,-0.04074148088693619,0.998782217502594,0.03989003598690033,-0.045883212238550186,-0.045097533613443375,0.9950453639030457
15.618750095367432,21.866250038146973,0.624750018119812,1.002833366394043,0.04034559801220894,0.02904466912150383,-0.04303187504410744,0.9982653856277466,0.04092075675725937,-0.04287916049361229,-0.04928375780582428,0.9939913153648376
16.868249893188477,21.866250038146973,0.624750018119812,1.003483772277832,0.0438787005841732,0.0266449972987175,-0.047095734626054764,0.9975380897521973,0.040034569799900055,-0.039221107959747314,-0.05496129021048546,0.9863599538803101
18.11775016784668,21.866250038146973,0.624750018119812,1.0032732486724854,0.04402157664299011,0.023388125002384186,-0.04725730046629906,0.9976544976234436,0.0411519818007946,-0.03071916662156582,-0.05557692050933838,0.9800613522529602
19.367250442504883,21.866250038146973,0.624750018119812,1.0012847185134888,-0.04160044714808464,-0.017885401844978333,0.04762636870145798,0.9976208806037903,0.04198173061013222,0.02417491003870964,-0.0563175268471241,0.9813711047172546
20.616750717163086,21.866250038146973,0.624750018119812,1.001421332359314,0.04456765204668045,0.0013774280669167638,-0.04684719070792198,0.9970070123672485,0.04721255972981453,-0.006706716027110815,-0.06102351099252701,0.9863336086273193
21.866250038146973,21.866250038146973,0.624750018119812,0.9996975064277649,0.03814215958118439,0.0005135013489052653,-0.04336000233888626,0.9960560202598572,0.0537760853767395,-0.00657734926789999,-0.06351165473461151,0.9915888905525208
23.11574935913086,21.866250038146973,0.624750018119812,1.000227928161621,0.035059452056884766,-0.009026936255395412,-0.03756534680724144,0.9959455728530884,0.05769989639520645,0.0053230999037623405,-0.06800572574138641,0.994726836681366
24.365249633789062,21.866250038146973,0.624750018119812,1.0007336139678955,0.03390754014253616,0.021096961572766304,-0.033027686178684235,0.9974871873855591,-0.05828690901398659,-0.020506814122200012,0.06629206240177155,0.9946485757827759
25.614749908447266,21.866250038146973,0.624750018119812,1.0000094175338745,-0.032893091440200806,-0.024447644129395485,0.03066611848771572,0.9981549382209778,-0.06067601218819618,0.02482464350759983,0.06520020961761475,0.9945964813232422
26.86425018310547,21.866250038146973,0.624750018119812,0.9996562600135803,-0.030807914212346077,-0.02633516862988472,0.028625791892409325,0.9980860948562622,-0.06281991302967072,0.027550218626856804,0.06507177650928497,0.9947502017021179
28.113750457763672,21.866250038146973,0.624750018119812,0.9992120862007141,-0.02963339351117611,-0.037331096827983856,0.027279522269964218,0.9986802339553833,-0.05949058383703232,0.03914311155676842,0.05932772904634476,0.9947879314422607
29.363250732421875,21.866250038146973,0.624750018119812,0.9989964365959167,-0.02823161706328392,-0.043669626116752625,0.02612285129725933,0.9990440607070923,-0.0577743798494339,0.0451618954539299,0.055575016885995865,0.9948099851608276
30.61275005340576,21.866250038146973,0.624750018119812,0.9988822340965271,0.03746240958571434,0.042673707008361816,-0.03570842742919922,0.997997522354126,-0.055198706686496735,-0.042370349168777466,0.04915448650717735,0.9976531863212585
31.86224937438965,21.866250038146973,0.624750018119812,0.9990979433059692,0.027942556887865067,-0.03885840252041817,-0.025879284366965294,0.9978447556495667,0.06452852487564087,0.04099871963262558,-0.06128275766968727,0.9962282180786133
33.11174964904785,21.866250038146973,0.624750018119812,0.9969866871833801,-0.027807284146547318,0.07298514991998672,0.0254040639847517,0.9992973804473877,0.022487260401248932,-0.07245425134897232,-0.02092479169368744,0.9870665669441223
6.872250080108643,23.11574935913086,0.624750018119812,0.9943099617958069,-0.028703590855002403,-0.07310782372951508,0.031336791813373566,1.000275731086731,0.002849184675142169,0.0482628159224987,0.00023876219347584993,0.9695186018943787
8.121750116348267,23.11574935913086,0.624750018119812,0.9981949329376221,0.030994247645139694,-0.06487734615802765,-0.03213654085993767,0.9995858073234558,-0.0285189189016819,0.06155852973461151,0.027215629816055298,0.9945465922355652
9.37125015258789,23.11574935913086,0.624750018119812,0.9963374733924866,0.020277658477425575,0.06502360105514526,-0.024711204692721367,0.9979736804962158,0.03265978768467903,-0.06436116248369217,-0.03144894540309906,0.9979880452156067
10.620749950408936,23.11574935913086,0.624750018119812,0.9960677623748779,0.034636836498975754,0.053578611463308334,-0.03937368094921112,0.9984634518623352,0.028781263157725334,-0.059764787554740906,-0.03228739649057388,0.9976329803466797
