0.998611330986023,0.008370602503418922,0.04762047156691551,-0.010569374077022076,0.9984241724014282,0.06377968192100525,-0.049418170005083084,-0.058494482189416885,0.9888189435005188
0.9980142712593079,0.007448136806488037,-0.060236021876335144,-0.009264754131436348,0.9983153939247131,-0.05199730023741722,0.06116041541099548,0.045590754598379135,0.9911597967147827
1.0013325214385986,0.009435449726879597,-0.031164171174168587,-0.012877998873591423,0.9975771307945251,-0.07225644588470459,0.027834149077534676,0.0688157007098198,0.9879441261291504
1.0010535717010498,0.009097140282392502,-0.034067604690790176,-0.01142971869558096,0.9975720643997192,-0.07069762051105499,0.031329307705163956,0.06782174855470657,0.9917980432510376
1.0004265308380127,0.008653048425912857,-0.03985591605305672,-0.011204495094716549,0.9977178573608398,-0.06672228872776031,0.038011904805898666,0.06470821797847748,0.9935859441757202
0.9997553825378418,0.008489501662552357,0.04723813384771347,-0.011402507312595844,0.9980869889259338,0.060941897332668304,-0.046059124171733856,-0.05927252396941185,0.9945896863937378
0.9987269639968872,0.007818397134542465,-0.06040865555405617,-0.01096928771585226,0.998733401298523,-0.04746745899319649,0.05941782891750336,0.04597075656056404,0.9954832792282104
0.9982544183731079,0.00744173489511013,-0.06489840149879456,-0.01025762315839529,0.9989961981773376,-0.040748231112957,0.06421337276697159,0.03946439176797867,0.9961484670639038
0.9977816939353943,0.006376808509230614,-0.06984907388687134,-0.00859732273966074,0.9992057681083679,-0.03148071467876434,0.06931889057159424,0.03029033914208412,0.9965821504592896
0.9974874258041382,0.005443216767162085,-0.0736900120973587,-0.006782714277505875,0.9991646409034729,-0.021707898005843163,0.0729174092411995,0.020883245393633842,0.9968641400337219
1.0027090311050415,0.010853354819118977,0.02294677123427391,-0.013233506120741367,0.9976897239685059,0.07508523762226105,-0.018053816631436348,-0.07222169637680054,0.9847562909126282
1.0021100044250488,0.009593885391950607,0.02438986301422119,-0.010633517988026142,0.9975544810295105,0.0743987187743187,-0.022140322253108025,-0.07160326838493347,0.9893625378608704
1.0004342794418335,-0.005006654188036919,0.04937608167529106,0.00832995492964983,0.9983722567558289,-0.059133995324373245,-0.04938097298145294,0.05760398879647255,0.9921519756317139
1.0002061128616333,0.0033288097474724054,-0.04103068634867668,-0.0058621675707399845,0.997767984867096,-0.06478270143270493,0.04201526194810867,0.06331473588943481,0.994022786617279
0.9987679123878479,-0.002356364391744137,0.059479888528585434,0.005436785984784365,0.9987655878067017,-0.047669023275375366,-0.06053503602743149,0.04637191444635391,0.9950375556945801
0.9985469579696655,-0.0043606869876384735,0.06047554314136505,0.0070014228112995625,0.9988116025924683,-0.04577329382300377,-0.061566174030303955,0.0448937863111496,0.995563268661499
0.9983228445053101,-0.003680985886603594,0.06343576312065125,0.006038311403244734,0.9989970326423645,-0.04158075153827667,-0.0642932802438736,0.040733836591243744,0.9959461688995361
0.9998431205749512,0.005384751595556736,-0.018061241135001183,-0.0064757950603961945,0.9974946975708008,-0.07359535992145538,0.018957577645778656,0.07356475293636322,0.9962507486343384
0.9977789521217346,0.006093834992498159,-0.07010123878717422,-0.008262514136731625,0.9994096159934998,-0.029330899938941002,0.06998197734355927,0.028768328949809074,0.9965434670448303
0.997382402420044,0.004269720520824194,-0.07523967325687408,-0.005508632864803076,0.9996278285980225,-0.013269850984215736,0.07482219487428665,0.013189224526286125,0.9966896772384644
0.9973200559616089,0.0039445385336875916,-0.07650020718574524,-0.004627324640750885,0.9996537566184998,-0.008086168207228184,0.07559838145971298,0.00897875614464283,0.9964325428009033
1.0035630464553833,0.010328439064323902,0.01694641262292862,-0.012333450838923454,0.9975170493125916,0.07675672322511673,-0.010142123326659203,-0.07368963956832886,0.9802210927009583
1.0027947425842285,0.01052295882254839,0.015622559003531933,-0.01075278501957655,0.997546374797821,0.0764097273349762,-0.013048714026808739,-0.07360730320215225,0.9869189262390137
1.001214861869812,0.00452388683333993,-0.032532185316085815,-0.002568378346040845,0.9973457455635071,0.0699000433087349,0.03584367036819458,-0.06714028865098953,0.9920868873596191
0.9995517730712891,0.0010267357574775815,-0.04323634132742882,0.0021208450198173523,0.9979991316795349,0.06244427338242531,0.04635564610362053,-0.06181612238287926,0.9946058392524719
0.998423159122467,0.004353210795670748,-0.04798305407166481,-0.0021471534855663776,0.9981467723846436,0.05866992101073265,0.05050958693027496,-0.05787339806556702,0.9955962896347046
0.9976444840431213,0.004873600322753191,0.054020486772060394,-0.0035853853914886713,0.9982754588127136,-0.053123269230127335,-0.05526912584900856,0.052761223167181015,0.9958665370941162
0.9971415996551514,0.0015965967904776335,0.06071330979466438,-0.00011387417907826602,0.9986682534217834,-0.04553224518895149,-0.060844969004392624,0.04564153775572777,0.9959085583686829
0.9970805644989014,0.0012680502841249108,0.062085915356874466,0.0004232524079270661,0.9989261031150818,-0.04367534816265106,-0.06185026839375496,0.04402219131588936,0.9958569407463074
0.9970587491989136,0.0014333915896713734,0.06516122072935104,0.0005671936669386923,0.9993202686309814,-0.03893005847930908,-0.06505432724952698,0.03883244842290878,0.9958370327949524
0.9973773956298828,-0.004169921390712261,0.06808546930551529,0.006177244707942009,0.9996014833450317,-0.032949939370155334,-0.06830177456140518,0.03262078016996384,0.9961254000663757
0.9976090788841248,-0.0045594642870128155,0.07080376148223877,0.006418508943170309,0.9996809959411621,-0.02719266153872013,-0.07110115885734558,0.026573961600661278,0.9964240193367004
0.9975668787956238,-0.006190891843289137,0.0724896490573883,0.008071176707744598,0.9995480179786682,-0.022878656163811684,-0.0723705142736435,0.022664977237582207,0.9965762495994568
0.9974419474601746,-0.006262384820729494,0.07578228414058685,0.007203151471912861,0.9997929930686951,-0.010439561679959297,-0.07548043131828308,0.011274739168584347,0.9962557554244995
0.997405469417572,0.0037347900215536356,-0.07773860543966293,-0.003182194894179702,1.0000827312469482,0.0074967448599636555,0.07631611078977585,-0.0057220072485506535,0.9951779246330261
1.0027912855148315,0.011688067577779293,0.014096198603510857,-0.012299519963562489,0.9965018033981323,0.07693527638912201,-0.02256752923130989,-0.06941263377666473,0.9553169012069702
1.0037962198257446,0.010898549109697342,0.012274781242012978,-0.011984146200120449,0.9974061846733093,0.07604993134737015,-0.006138571538031101,-0.07385706156492233,0.9827617406845093
1.0023996829986572,0.010665105655789375,0.009451610967516899,-0.010275502689182758,0.997330904006958,0.07576167583465576,-0.008204756304621696,-0.07454384118318558,0.989200234413147
1.000927448272705,-0.006698466371744871,-0.010920683853328228,0.007368600461632013,0.9972143769264221,0.07479657232761383,0.013010352849960327,-0.07513400912284851,0.9940057396888733
0.9986799955368042,-0.003592453431338072,-0.028905114158988,0.0049089668318629265,0.9976902604103088,0.06996393203735352,0.029747258871793747,-0.07069545239210129,0.9960825443267822
0.9973869323730469,0.00044059535139240324,-0.04379844665527344,0.0005916436784900725,0.9978514909744263,0.061639849096536636,0.04237806797027588,-0.06316443532705307,0.9962409138679504
0.9974102973937988,0.005346287507563829,-0.05037349835038185,-0.003397945314645767,0.9983945488929749,0.05650236830115318,0.04819366708397865,-0.05788985639810562,0.9955887198448181
0.9977062344551086,0.004975912161171436,0.055426593869924545,-0.0026938391383737326,0.9988111853599548,-0.05213881656527519,-0.05298662930727005,0.05370388552546501,0.9949223399162292
0.9974772334098816,0.0025023804046213627,0.06160981208086014,0.00018935499247163534,0.9992445707321167,-0.04551328346133232,-0.05882036313414574,0.047165557742118835,0.9943369030952454
0.9974509477615356,0.001757893362082541,0.06345583498477936,0.0009423076990060508,0.9994872212409973,-0.04338226467370987,-0.06085404008626938,0.04439016431570053,0.9940077066421509
0.9971607327461243,0.002445714781060815,0.06649189442396164,0.0002832371392287314,0.9997707009315491,-0.03877318650484085,-0.06452574580907822,0.03861276060342789,0.9942020773887634
0.9967432618141174,0.00041475528269074857,0.06940645724534988,0.0017813352169468999,1.0000231266021729,-0.03303031623363495,-0.06794896721839905,0.03216446563601494,0.9949244260787964
0.9966519474983215,0.0016816139686852694,0.07239815592765808,-1.794750824046787e-05,0.9999861717224121,-0.02606033906340599,-0.07141584157943726,0.024365361779928207,0.995853066444397
0.996837854385376,-0.00828335341066122,0.0731479823589325,0.010274462401866913,0.9997968077659607,-0.021403970196843147,-0.07244211435317993,0.020702771842479706,0.9964605569839478
0.9973047375679016,-0.005161717068403959,0.07632888108491898,0.005987213924527168,0.999847948551178,-0.008945055305957794,-0.07581162452697754,0.009115831926465034,0.9963895678520203
0.9974914193153381,0.003586912527680397,-0.07774502038955688,-0.002874450758099556,1.000077724456787,0.008307715877890587,0.07625249028205872,-0.00724283279851079,0.9952159523963928
0.9979528188705444,0.004033164586871862,-0.078634113073349,-0.0029016633052378893,0.999183714389801,0.016757186502218246,0.07386165112257004,-0.012814820744097233,0.9943320155143738
1.0003019571304321,0.011503750458359718,0.006866746582090855,-0.011360911652445793,0.9970130920410156,0.07742346078157425,-0.01589881256222725,-0.07135778665542603,0.9585399031639099
1.0038965940475464,0.010830010287463665,0.0053437999449670315,-0.010628958232700825,0.9973729848861694,0.07644560933113098,-0.0016607290599495173,-0.07412996888160706,0.983447790145874
1.001442313194275,-0.005626766476780176,0.016294926404953003,0.002725068246945739,0.9975806474685669,0.07414107769727707,-0.01388599444180727,-0.07502597570419312,0.9910542964935303
0.9998446702957153,-0.0039000764954835176,0.0023157342802733183,0.0034728683531284332,0.9969735145568848,0.07551022619009018,9.887155101750977e-06,-0.07657311856746674,0.9963051080703735
0.9981080889701843,-0.0020677957218140364,-0.009497424587607384,0.0032756594009697437,0.997546911239624,0.07475955039262772,0.007637382484972477,-0.07677551358938217,0.997674822807312
0.9983951449394226,-0.006421966943889856,-0.025588594377040863,0.005239382386207581,0.9973615407943726,-0.07073547691106796,0.021078862249851227,0.07299742847681046,0.9957399368286133
0.9989792704582214,0.005125831812620163,-0.04345346987247467,-0.002541503868997097,0.9981418251991272,0.06149427592754364,0.03977252542972565,-0.06487029790878296,0.9939194917678833
0.9989639520645142,-0.009813748300075531,0.05067206174135208,0.006115498021245003,0.9991443157196045,0.056235507130622864,-0.04815436154603958,-0.057305093854665756,0.9929134249687195
0.9987584948539734,0.009018773213028908,0.056523751467466354,-0.005628144834190607,0.9992712140083313,-0.051168929785490036,-0.05461092293262482,0.05169067531824112,0.9926944375038147
0.9983319044113159,0.005861364305019379,0.06463317573070526,-0.0027739321812987328,0.9996148943901062,-0.041565895080566406,-0.06282703578472137,0.042249515652656555,0.9923049807548523
0.997982382774353,0.003348427591845393,0.06650238484144211,-0.0005060609546490014,0.9997702836990356,-0.03944667428731918,-0.06442529708147049,0.03970707952976227,0.9920923113822937
0.9974836111068726,0.0036134582478553057,0.06968774646520615,-0.0011312401620671153,1.0000028610229492,-0.0343402698636055,-0.06753331422805786,0.03334704786539078,0.9925099611282349
0.9972677826881409,0.0010360911255702376,0.07227794826030731,0.0007811146206222475,1.0002095699310303,-0.029381511732935905,-0.07011628150939941,0.027801936492323875,0.9933033585548401
0.9968994855880737,0.001557992771267891,0.07490649074316025,-2.887991286115721e-05,1.0001229047775269,-0.023001745343208313,-0.07238668203353882,0.020238643512129784,0.9946381449699402
0.9965699911117554,0.001976140309125185,0.07504144310951233,0.00019579379295464605,0.9998592734336853,-0.02097885124385357,-0.07324854284524918,0.018228858709335327,0.9961092472076416
0.9968549013137817,-0.0064499531872570515,0.07654810696840286,0.0077790734358131886,0.9996621012687683,-0.009557525627315044,-0.07546741515398026,0.009077387861907482,0.9964790940284729
0.9974404573440552,-0.0037755395751446486,0.07800085097551346,0.0034524211660027504,1.0000942945480347,0.0016405244823545218,-0.07685196399688721,-0.0010358840227127075,0.9952985644340515
0.998263418674469,0.004629969596862793,-0.07642951607704163,-0.003103242488577962,1.0001585483551025,0.02527734450995922,0.07369163632392883,-0.02330709993839264,0.9928394556045532
1.00433349609375,0.011953908950090408,0.0056485822424292564,-0.011931772343814373,0.998321533203125,0.07584128528833389,-0.0003128272946923971,-0.07271680235862732,0.9679243564605713
1.0039188861846924,0.010988823138177395,0.00031683227280154824,-0.010442500002682209,0.9974566102027893,0.0761137306690216,0.002416153671219945,-0.07431864738464355,0.9842345714569092
1.0006179809570312,-0.00515391118824482,0.03387974575161934,0.001271821791306138,0.9977631568908691,0.0678442120552063,-0.030887728556990623,-0.06981358677148819,0.9928165078163147
0.998550534248352,-0.002934964606538415,0.02799946628510952,0.002100083976984024,0.9971702694892883,0.07046617567539215,-0.028119374066591263,-0.07145928591489792,0.9971912503242493
0.9984477758407593,0.002116524614393711,0.01652601920068264,-0.00245601125061512,0.9969564080238342,0.0739048421382904,-0.020793821662664413,-0.07234027236700058,0.9979608654975891
0.9996617436408997,0.006417658179998398,0.008986074477434158,-0.007577106356620789,0.9972093105316162,0.07452123612165451,-0.015480763278901577,-0.07442396879196167,0.9959164261817932
1.0009434223175049,0.008975506760179996,-0.0020974064245820045,-0.009177440777420998,0.9970827102661133,0.0744745135307312,-0.0021623214706778526,-0.076255202293396,0.9937568306922913
1.0004552602767944,0.008695581927895546,-0.03375493362545967,-0.005516613367944956,0.9979184865951538,0.0665423795580864,0.0318480022251606,-0.06971564143896103,0.9926260709762573
0.999435544013977,-0.012915115803480148,0.0480971522629261,0.009178035892546177,0.9990673065185547,0.057562656700611115,-0.04820144921541214,-0.05764048546552658,0.9921864867210388
0.9989992380142212,0.010863826610147953,0.05645489692687988,-0.007501939311623573,0.9992393255233765,-0.05002668499946594,-0.057074472308158875,0.04968162998557091,0.9924587607383728
0.9985405802726746,0.006182111334055662,0.0654173269867897,-0.0032921372912824154,0.9995907545089722,-0.03866168484091759,-0.06588195264339447,0.0386611707508564,0.9923216104507446
0.9984773397445679,0.0014117943355813622,0.06818073987960815,0.0010060240747407079,0.9998035430908203,-0.03496471792459488,-0.0679842010140419,0.035340458154678345,0.9919127225875854
0.9979762434959412,0.0014196928823366761,0.07165921479463577,0.0006226685945875943,1.0000396966934204,-0.028941519558429718,-0.07067736983299255,0.028087185695767403,0.9919875860214233
0.9976711869239807,-0.0012795604998245835,0.07420510798692703,0.0024153790436685085,1.0002681016921997,-0.023827752098441124,-0.07257239520549774,0.022601895034313202,0.9925023913383484
0.9972094297409058,-0.0008120952406898141,0.07709776610136032,0.0014118560357019305,1.0003445148468018,-0.016749955713748932,-0.0740487203001976,0.014191586524248123,0.9934887886047363
0.9965952634811401,-0.00036271571298129857,0.07787064462900162,0.0013341779122129083,1.000145435333252,-0.013109155930578709,-0.07453330606222153,0.009755372069776058,0.9951806664466858
0.9963029026985168,-0.006303430534899235,0.07766171544790268,0.007693254854530096,0.9996964335441589,-0.002635974669829011,-0.07562191784381866,0.0010969707509502769,0.9965333938598633
0.9975000023841858,-0.0041214763186872005,0.07725302875041962,0.0032029191497713327,0.9999090433120728,0.010917714796960354,-0.07655777782201767,-0.010279363952577114,0.9955005645751953
0.9989206790924072,0.004120169207453728,-0.07327157258987427,-0.0017535013612359762,0.9990593791007996,0.03395232930779457,0.06986188143491745,-0.03094850480556488,0.9926199316978455
1.0003445148468018,0.013907402753829956,-0.0018534567207098007,-0.013033156283199787,0.996737539768219,0.07538095861673355,-0.008339913561940193,-0.07100943475961685,0.9507340788841248
1.0039407014846802,0.014050241559743881,-0.006297323387116194,-0.013355711475014687,0.9973393082618713,0.07420215010643005,0.01015469990670681,-0.07211659848690033,0.9838492274284363
1.0002363920211792,-0.00337241985835135,0.041589558124542236,-0.0007816361030563712,0.9978122115135193,0.06379047781229019,-0.038454655557870865,-0.06524935364723206,0.9937156438827515
0.9981586337089539,0.0011692302068695426,0.042177993804216385,-0.002273394027724862,0.997378408908844,0.06346891820430756,-0.04365457966923714,-0.06278444826602936,0.997780442237854
0.9980122447013855,-0.0007630811305716634,0.0365452766418457,-0.000361451820936054,0.9972686767578125,0.06659852713346481,-0.04161009192466736,-0.06329096853733063,0.9974008202552795
0.9995614290237427,0.0020799634512513876,0.030932413414120674,-0.004215879365801811,0.9976503849029541,0.06875615566968918,-0.03696853294968605,-0.06686333566904068,0.9954401254653931
1.0001885890960693,0.00581237580627203,0.027970144525170326,-0.00822302047163248,0.997818648815155,0.0693187564611435,-0.03257576376199722,-0.06848078966140747,0.9940977692604065
1.0008645057678223,0.008760683238506317,0.021874312311410904,-0.010930951684713364,0.9975318312644958,0.07102038711309433,-0.02567438781261444,-0.071396104991436,0.993181586265564
1.0005446672439575,0.011227836832404137,-0.02342529408633709,-0.008436951786279678,0.9977896213531494,0.0707409530878067,0.022236891090869904,-0.07248586416244507,0.9925812482833862
0.998867392539978,-0.011766035109758377,0.04858607053756714,0.00801908504217863,0.9989931583404541,0.05722092464566231,-0.04888756573200226,-0.05726281553506851,0.9927611947059631
0.9982081055641174,0.007638430222868919,0.058242056518793106,-0.004423036240041256,0.9992409944534302,-0.04771111533045769,-0.05899965018033981,0.0478992834687233,0.9931433200836182
0.997958779335022,0.003095177235081792,0.06541617959737778,-0.00040984604856930673,0.9995450377464294,-0.037406351417303085,-0.06646226346492767,0.037839531898498535,0.9931470155715942
0.9980294108390808,-0.00317575060762465,0.06890618801116943,0.0053144535049796104,0.9998332262039185,-0.031003765761852264,-0.06969556212425232,0.03206276893615723,0.9927452206611633
0.9978201985359192,-0.0029159581754356623,0.07271561771631241,0.004406016785651445,1.0000938177108765,-0.02354717068374157,-0.07268038392066956,0.023480892181396484,0.9924416542053223
0.997698187828064,-0.003984535578638315,0.07542400062084198,0.004561838693916798,1.0003002882003784,-0.017737288028001785,-0.07434400916099548,0.017071962356567383,0.9925382733345032
0.9974517822265625,-0.00383843039162457,0.07843208312988281,0.003437749808654189,1.0004477500915527,-0.009393209591507912,-0.07550884783267975,0.00767221674323082,0.9928271770477295
0.9967496991157532,-0.0028576229233294725,0.07950391620397568,0.0026618847623467445,1.0003021955490112,-0.005734350997954607,-0.07494013011455536,0.0024058290291577578,0.9943072199821472
0.9958950877189636,-0.0019951974973082542,0.07865877449512482,0.00289578246884048,0.9994653463363647,0.00159551203250885,-0.07528279721736908,-0.004167299252003431,0.9966872334480286
0.9973533153533936,-0.005391220096498728,0.07729700207710266,0.004466022830456495,0.9998315572738647,0.011826920323073864,-0.0767996683716774,-0.011215068399906158,0.9958037734031677
0.9991066455841064,0.0035088174045085907,0.06965090334415436,-0.0007162991678342223,0.9995790719985962,-0.0413752980530262,-0.06685885041952133,0.03911568969488144,0.9916087985038757
1.0043737888336182,0.015981465578079224,-0.013026611879467964,-0.01405603252351284,0.997824490070343,0.0729404166340828,0.017848046496510506,-0.0703362450003624,0.9802750945091248
1.000192403793335,0.00048063095891848207,0.047946520149707794,-0.004337955266237259,0.9978808760643005,0.0596175380051136,-0.04255443438887596,-0.062029335647821426,0.9926625490188599
0.99770188331604,0.0042129321955144405,0.04630467668175697,-0.006226715631783009,0.9979891777038574,0.06125136837363243,-0.04691275209188461,-0.05998799949884415,0.9979395270347595
0.9977384209632874,-0.00653479527682066,0.04311539977788925,0.005289074499160051,0.9971277713775635,0.062556691467762,-0.04893818870186806,-0.058608707040548325,0.9972747564315796
0.9991576075553894,-0.002202510368078947,0.03944024443626404,-0.0002485769218765199,0.9980114698410034,0.06436920166015625,-0.045076753944158554,-0.06088648736476898,0.9950957894325256
0.9998347163200378,0.0016371047822758555,0.038262445479631424,-0.0045938510447740555,0.9982378482818604,0.06432157754898071,-0.0435543954372406,-0.06187605485320091,0.9941856265068054
1.00028395652771,0.005420465487986803,0.03769412264227867,-0.008477377705276012,0.9982287287712097,0.06421241164207458,-0.04192600026726723,-0.06283748894929886,0.9934365749359131
1.0003912448883057,0.00784355029463768,0.037168264389038086,-0.010812141932547092,0.9981181621551514,0.06450945138931274,-0.04007996991276741,-0.0639645978808403,0.9928397536277771
1.0009644031524658,0.009871444664895535,0.021789560094475746,-0.011196543462574482,0.9974086880683899,0.07167553156614304,-0.023006470873951912,-0.07161790877580643,0.9925525188446045
0.998980700969696,-0.013436631299555302,-0.04425817355513573,0.009641588665544987,0.9986370801925659,-0.06129442900419235,0.043945323675870895,0.060116056352853775,0.992974579334259
0.9979563355445862,0.004601274151355028,0.05668477341532707,-0.001140295760706067,0.9990302920341492,-0.05074324831366539,-0.05617973580956459,0.05109747126698494,0.9932629466056824
0.9971691966056824,-0.0031000932212918997,0.06557371467351913,0.0057773105800151825,0.9994980692863464,-0.037605177611112595,-0.06537813693284988,0.03903985023498535,0.9933459758758545
0.9972917437553406,-0.00743610505014658,0.06894786655902863,0.00937983300536871,0.99971604347229,-0.030062301084399223,-0.06913867592811584,0.03153214976191521,0.9932578206062317
0.9974822998046875,-0.0071784500032663345,0.07341372221708298,0.008160373196005821,1.000114917755127,-0.019044844433665276,-0.07365585118532181,0.0197598859667778,0.9929842948913574
0.9976540207862854,-0.006944570224732161,0.0764053538441658,0.007049701176583767,1.0003197193145752,-0.009775074198842049,-0.07551303505897522,0.009696276858448982,0.9927514791488647
0.9977988600730896,-0.006607457064092159,0.07871071994304657,0.005643072538077831,1.0004985332489014,-0.0012398895341902971,-0.0761185884475708,0.00025224985438399017,0.9926738739013672
0.9973235130310059,-0.004265036433935165,0.08000260591506958,0.003072463208809495,1.0003060102462769,0.004149902146309614,-0.07490155845880508,-0.007042482495307922,0.9938326478004456
0.9959291815757751,-0.0030980019364506006,0.07852546125650406,0.0032501958776265383,0.9994369745254517,0.01178715005517006,-0.07364897429943085,-0.014107903465628624,0.996643602848053
0.9972612261772156,-0.005530746188014746,0.07652086019515991,0.004047703463584185,0.9998000860214233,0.017754031345248222,-0.07587332278490067,-0.017112838104367256,0.9961137175559998
0.9994403719902039,0.002537171822041273,0.06646338105201721,0.0005466637085191905,0.9991491436958313,-0.04654735326766968,-0.0632513090968132,0.04479626566171646,0.9914615154266357
1.0043973922729492,0.016115907579660416,-0.01747177168726921,-0.013126744888722897,0.9981276392936707,0.07151762396097183,0.02332817204296589,-0.06830424815416336,0.973703145980835
0.9995251893997192,-0.008304367773234844,-0.06201496720314026,0.011828556656837463,0.9985639452934265,0.04460427910089493,0.05461234971880913,-0.049649886786937714,0.9910867214202881
0.9973132610321045,0.008518566377460957,0.054840002208948135,-0.010572521016001701,0.9984362721443176,0.05419764295220375,-0.05297473818063736,-0.05304717272520065,0.9971221089363098
0.9972716569900513,-0.00929352268576622,0.05002754181623459,0.00888814777135849,0.9969283938407898,0.05754246935248375,-0.054783642292022705,-0.052900392562150955,0.997747004032135
0.9981806874275208,-0.006199959199875593,0.04729883000254631,0.003676137188449502,0.9980899095535278,0.058956168591976166,-0.052959565073251724,-0.05418897792696953,0.9951199889183044
0.9994063377380371,-0.002224186435341835,0.04453235864639282,-0.0007354584522545338,0.9985643029212952,0.05982206016778946,-0.04997394233942032,-0.05673295259475708,0.9939440488815308
0.9998383522033691,0.002676135627552867,0.04360067844390869,-0.00588741572573781,0.9986295104026794,0.05995665490627289,-0.04804432392120361,-0.05850960314273834,0.9934200644493103
1.0001856088638306,-0.005141725298017263,0.04226785898208618,0.008239872753620148,0.9984896779060364,-0.06112204119563103,-0.045509204268455505,0.0602513886988163,0.9930671453475952
1.0000752210617065,0.003702915972098708,0.04611791670322418,-0.006791042163968086,0.9984104037284851,0.05951118469238281,-0.048364195972681046,-0.057948555797338486,0.9927969574928284
1.000247597694397,-0.007373193744570017,0.043812450021505356,0.01052926480770111,0.9981106519699097,-0.06208627671003342,-0.04388285055756569,0.06075948849320412,0.9925163388252258
0.9996160268783569,-0.011300437152385712,0.044939134269952774,0.014867724850773811,0.9979435205459595,-0.06167013943195343,-0.04251490905880928,0.060422249138355255,0.9930019378662109
0.9970724582672119,0.0020782577339559793,0.07471191883087158,-0.0006676960620097816,1.0002634525299072,-0.01902296580374241,-0.07332741469144821,0.019279515370726585,0.993029773235321
0.9968369603157043,-0.014960628934204578,0.07300804555416107,0.016214588657021523,0.9999028444290161,-0.017483213916420937,-0.07199933379888535,0.02065587230026722,0.9933615326881409
0.9967271089553833,-0.0164537001401186,0.07295914739370346,0.01747163012623787,1.0000622272491455,-0.015207050368189812,-0.0721970647573471,0.017855500802397728,0.9933652281761169
0.9970473051071167,-0.014132725074887276,0.07503363490104675,0.014133892953395844,1.0002682209014893,-0.004560856148600578,-0.07500474900007248,0.006240196991711855,0.9932422637939453
0.9975376725196838,-0.011280207894742489,0.07646382600069046,0.010650360025465488,1.0003262758255005,0.0009804037399590015,-0.07577145099639893,-0.00030201178742572665,0.9927828907966614
0.9979463219642639,-0.009036829695105553,0.07806490361690521,0.007460008375346661,1.0004621744155884,0.0066038561053574085,-0.07546166330575943,-0.007037763949483633,0.992519736289978
0.9977507591247559,-0.005556592717766762,0.07913535833358765,0.003746074391528964,1.0001939535140991,0.012901916168630123,-0.07370549440383911,-0.015082594938576221,0.9935994148254395
0.9960521459579468,-0.003520556027069688,0.07758312672376633,0.003357136622071266,0.9992838501930237,0.01872260868549347,-0.07186751067638397,-0.02044675126671791,0.9965658783912659
0.997342586517334,-0.006713452283293009,0.07533219456672668,0.004642721265554428,0.9995960593223572,0.023051612079143524,-0.07466256618499756,-0.021840013563632965,0.9961007833480835
0.9996398091316223,0.0018156293081119657,0.06511298567056656,0.0014216654235497117,0.9988616704940796,-0.048859987407922745,-0.06144234538078308,0.047082699835300446,0.990934431552887
1.0029716491699219,0.018323762342333794,0.031661346554756165,-0.016686130315065384,0.9976946115493774,-0.06603141874074936,-0.035211678594350815,0.0641465112566948,0.9860312342643738
0.9976873397827148,-0.011871930211782455,0.05896110087633133,0.007080122362822294,0.9980846047401428,0.04997006803750992,-0.05540908873081207,-0.04856933653354645,0.996624767780304
0.9966692924499512,-0.016419101506471634,0.055737439543008804,0.017592551186680794,0.9972909092903137,0.0505690760910511,-0.0596945695579052,-0.046862468123435974,0.9984846115112305
0.9976442456245422,-0.011933806352317333,0.05225031450390816,0.010159983299672604,0.9976656436920166,0.054409731179475784,-0.05741892009973526,-0.04810430482029915,0.995806872844696
0.9986535906791687,-0.008977144956588745,0.05031629279255867,0.0063363430090248585,0.9984931349754333,0.054708100855350494,-0.0562891848385334,-0.050196919590234756,0.9943794012069702
0.9992287755012512,-0.005735942628234625,0.049209173768758774,0.0030361665412783623,0.998664379119873,0.055080704391002655,-0.0544564314186573,-0.05227339640259743,0.9937527179718018
0.9995517134666443,-0.0030901068821549416,0.04830861836671829,0.00023807112302165478,0.9987569451332092,0.05593092367053032,-0.05294020101428032,-0.054071709513664246,0.9935561418533325
0.9999085664749146,-0.003999985754489899,0.047396667301654816,0.0015771550824865699,0.9984815716743469,0.05786357820034027,-0.05082784965634346,-0.05542260408401489,0.9933386445045471
0.9997772574424744,-0.009543584659695625,0.050107914954423904,0.007003174629062414,0.9981708526611328,0.05681409686803818,-0.05267931520938873,-0.052700698375701904,0.9932824969291687
0.9994304776191711,-0.008939298801124096,0.05605730041861534,0.005187992937862873,0.9983388185501099,0.05309441313147545,-0.056005485355854034,-0.04856479540467262,0.9930652976036072
0.9968884587287903,0.004896335303783417,-0.07387705147266388,-0.0014424818800762296,0.9999446868896484,0.026608265936374664,0.07011109590530396,-0.023857586085796356,0.9934220314025879
0.9965967535972595,-0.016628675162792206,0.07383272051811218,0.017762046307325363,0.9999821782112122,-0.019314207136631012,-0.06962621212005615,0.021719885990023613,0.9934484362602234
0.997088611125946,-0.024895332753658295,0.06973027437925339,0.026122940704226494,0.9995558261871338,-0.022409269586205482,-0.06667637825012207,0.02635929547250271,0.9935083389282227
0.996886670589447,0.024264177307486534,-0.07193703949451447,-0.024936208501458168,0.9999368786811829,-0.014107171446084976,0.06996120512485504,0.017709197476506233,0.9932904243469238
0.9968600869178772,-0.018029488623142242,0.07495458424091339,0.017067085951566696,1.0002193450927734,0.005569427274167538,-0.07411862164735794,-0.0036829551681876183,0.9930720329284668
0.9974321126937866,-0.014697150327265263,0.07512068003416061,0.013186600990593433,1.0002822875976562,0.012328214943408966,-0.07462470978498459,-0.011246300302445889,0.9926745891571045
0.9982602000236511,-0.010628503747284412,0.07620719075202942,0.008467663079500198,1.0003793239593506,0.016728444024920464,-0.0737023875117302,-0.017182569950819016,0.9921749234199524
0.9981008172035217,-0.005776040256023407,0.07711438089609146,0.0039247432723641396,0.9998095631599426,0.021382872015237808,-0.07165280729532242,-0.02336062490940094,0.9933901429176331
0.9962621331214905,-0.0025769502390176058,0.0754869282245636,0.0025604814291000366,0.998927116394043,0.025963766500353813,-0.06986581534147263,-0.02677944488823414,0.9963269233703613
0.9977953433990479,-0.006888044532388449,0.07268398255109787,0.004288599360734224,0.9992120265960693,0.03065403178334236,-0.07229882478713989,-0.028825046494603157,0.9958320260047913
1.0000571012496948,0.0007762119057588279,0.06320107728242874,0.002413195325061679,0.9984997510910034,-0.05201828479766846,-0.059154585003852844,0.0501357764005661,0.9902105927467346
1.0002880096435547,0.015340824611485004,0.039166323840618134,-0.01148123200982809,0.9979668855667114,-0.06760765612125397,-0.029576824977993965,0.05839380621910095,0.9595187902450562
1.0006169080734253,0.018258873373270035,0.05541516840457916,-0.014996098354458809,0.9977343082427979,-0.05219564959406853,-0.05379069969058037,0.048057690262794495,0.991865873336792
0.9967151880264282,-0.016542021185159683,0.059030771255493164,0.012689542025327682,0.9980508685112,0.04850311949849129,-0.059858813881874084,-0.04540634527802467,0.9985979199409485
0.9965887665748596,-0.017193764448165894,0.05620796978473663,0.016804898157715797,0.9976111054420471,0.04905499517917633,-0.06163077801465988,-0.04296069219708443,0.997259795665741
0.9980077147483826,0.012068395502865314,-0.05364418774843216,-0.00942736491560936,0.9984327554702759,0.05150848999619484,0.05912149325013161,-0.04573138803243637,0.9946463108062744
0.9989005923271179,-0.009620171040296555,0.05262190103530884,0.00719553604722023,0.9986193180084229,0.051317352801561356,-0.05841268226504326,-0.047347601503133774,0.9941402673721313
0.9991492033004761,-0.008528724312782288,0.05237208679318428,0.005868717096745968,0.9987165331840515,0.05132512375712395,-0.05744970962405205,-0.04844840243458748,0.9939864873886108
0.9992982745170593,-0.005398573819547892,0.05229927599430084,0.002632423769682646,0.9989374279975891,0.05164480209350586,-0.056948333978652954,-0.049808185547590256,0.9935450553894043
0.999703049659729,-0.00900911632925272,0.05092597007751465,0.006660516373813152,0.9987627267837524,0.054056085646152496,-0.05418896675109863,-0.051281511783599854,0.9933388829231262
0.9994636178016663,-0.018175795674324036,0.05297275632619858,0.015730759128928185,0.9983580112457275,0.05220317095518112,-0.05554984509944916,-0.04704440012574196,0.9933569431304932
0.9988778233528137,0.020092329010367393,-0.06027715280652046,-0.01655992679297924,0.9985261559486389,0.04542016610503197,0.05979040265083313,-0.03946523740887642,0.9931315183639526
0.9965113997459412,-0.018526850268244743,0.07498376816511154,0.015943044796586037,0.9998522996902466,0.017076630145311356,-0.07053142040967941,-0.013159730471670628,0.9935151934623718
0.9964163303375244,-0.029248734936118126,0.07163626700639725,0.029473312199115753,0.9996696710586548,-0.012795763090252876,-0.06685378402471542,0.016633290797472,0.9937013983726501
0.9971784353256226,0.03469516336917877,-0.06383416801691055,-0.03591016307473183,0.9991809129714966,-0.027057116851210594,0.05946102365851402,0.031367432326078415,0.9937585592269897
0.9972662329673767,-0.03150500729680061,0.07103780657052994,0.03068365715444088,0.9998247623443604,0.004371244460344315,-0.06969879567623138,0.00037171304575167596,0.9932087063789368
0.9973259568214417,-0.02204587496817112,0.07177291065454483,0.01992391049861908,1.0000954866409302,0.021261068060994148,-0.07056303322315216,-0.018969876691699028,0.9928174614906311
0.9975432753562927,-0.01775488816201687,0.07260821014642715,0.01540655642747879,1.0001899003982544,0.022069254890084267,-0.07190138846635818,-0.021028798073530197,0.9925847053527832
0.998353898525238,-0.01063594315201044,0.07430994510650635,0.00809880904853344,0.999986469745636,0.023642370477318764,-0.07162704318761826,-0.02490605227649212,0.9923050999641418
0.9979601502418518,-0.005232658702880144,0.07556048035621643,0.0038530929014086723,0.9993711113929749,0.02539181523025036,-0.07039874792098999,-0.027497433125972748,0.9938052296638489
0.9961148500442505,-0.001977991545572877,0.0734701007604599,0.0025680249091237783,0.99864262342453,0.029712123796343803,-0.06944166868925095,-0.02916567400097847,0.9960545897483826
0.9983251094818115,-0.008549653925001621,0.07091990113258362,0.0058650728315114975,0.998924195766449,0.033270761370658875,-0.0713338851928711,-0.02951151691377163,0.9949313402175903
1.0005059242248535,0.000532650388777256,-0.062161512672901154,0.0024752661120146513,0.9988006353378296,0.052953090518713,0.05936383083462715,-0.04937220737338066,0.9877748489379883
1.0021969079971313,0.016466137021780014,-0.04417445510625839,-0.01456804946064949,0.9979919195175171,0.059426017105579376,0.04726138710975647,-0.052497733384370804,0.9759766459465027
0.9997315406799316,0.014767171815037727,0.052585337311029434,-0.012023326009511948,0.9974479079246521,-0.057287439703941345,-0.04954288527369499,0.05095300450921059,0.994743824005127
0.9965397715568542,-0.017876772210001945,0.06069048121571541,0.01728062704205513,0.9978192448616028,0.04468749463558197,-0.06462640315294266,-0.03985770419239998,0.9984516501426697
0.9971092343330383,-0.015736648812890053,0.057792309671640396,0.01524935383349657,0.998280942440033,0.04638141021132469,-0.06215363368391991,-0.04027405381202698,0.9952895045280457
0.99778813123703,-0.014293503016233444,-0.055781614035367966,0.01233547180891037,0.9987302422523499,-0.04716278240084648,0.06142354756593704,0.04173489287495613,0.9944905638694763
0.9989791512489319,-0.012137879617512226,0.056451767683029175,0.009923486970365047,0.9987501502037048,0.04590480774641037,-0.061967357993125916,-0.04152583330869675,0.9941579699516296
0.998848557472229,0.01158731896430254,-0.057246480137109756,-0.009017350152134895,0.9989367723464966,0.04508984461426735,0.06178111582994461,-0.04187590256333351,0.9942489266395569
0.9989079833030701,0.008636611513793468,-0.05783507972955704,-0.005851175636053085,0.9992225766181946,0.04482395946979523,0.062307681888341904,-0.04285493120551109,0.9936890006065369
0.9990872740745544,0.010568231344223022,-0.060678545385599136,-0.007963518612086773,0.9994996786117554,0.041829824447631836,0.0633154958486557,-0.0395834781229496,0.9932513236999512
0.9985535144805908,-0.016271255910396576,0.06552771478891373,0.013912550173699856,0.9997426867485046,0.034213900566101074,-0.06711989641189575,-0.03074389323592186,0.9927676916122437
0.9981145858764648,-0.016399003565311432,0.07069297879934311,0.014268090948462486,1.000069499015808,0.025529108941555023,-0.06969041377305984,-0.02239568904042244,0.9920810461044312
0.9970295429229736,-0.018459631130099297,0.0757918581366539,0.018118305131793022,1.0003571510314941,0.0013458180474117398,-0.07197415083646774,0.0009319446398876607,0.992621660232544
0.997027575969696,-0.02683555707335472,0.0713566392660141,0.02788255177438259,0.9999634027481079,-0.015166059136390686,-0.06756529211997986,0.018219932913780212,0.9930899143218994
0.9975248575210571,0.030593983829021454,-0.06568039208650589,-0.032327912747859955,0.9996122717857361,-0.026336945593357086,0.06240368261933327,0.0298692025244236,0.9930855631828308
0.9973262548446655,-0.02943054400384426,0.07170604914426804,0.029316535219550133,1.0002387762069702,-0.0028318895492702723,-0.06997987627983093,0.006290829740464687,0.9927844405174255
0.9977759122848511,-0.02378671243786812,0.06822007894515991,0.021133016794919968,0.9998777508735657,0.02987302467226982,-0.06710010766983032,-0.027872471138834953,0.9926826357841492
0.997897744178772,0.019178302958607674,0.06973081827163696,-0.016385329887270927,0.9999836087226868,-0.029592538252472878,-0.06854256242513657,0.02884197235107422,0.9925743341445923
0.9984018206596375,0.011085331439971924,0.06961429119110107,-0.00868808664381504,0.9995811581611633,-0.03478119149804115,-0.06633923202753067,0.03589443117380142,0.9928798079490662
0.9975574612617493,0.0053346105851233006,0.06925288587808609,-0.004747733473777771,0.9987809658050537,-0.037752047181129456,-0.06487801671028137,0.038678284734487534,0.9947403073310852
0.9960898756980896,0.001857493189163506,0.06681564450263977,-0.0020173268858343363,0.9986836314201355,-0.04035539925098419,-0.06620180606842041,0.03814995661377907,0.9956204891204834
0.9997763633728027,0.0017553124343976378,0.05438729375600815,0.0009700440568849444,0.9984305500984192,-0.05544070899486542,-0.0570608526468277,0.05266174301505089,0.9927962422370911
0.9997105598449707,-0.0004907887196168303,-0.06054863706231117,0.003814253257587552,0.9993637204170227,0.051499590277671814,0.06249096617102623,-0.04791874438524246,0.9822013974189758
1.0008524656295776,0.016139989718794823,0.05383976921439171,-0.013314689509570599,0.9978350400924683,-0.05011475458741188,-0.06014685332775116,0.0395490787923336,0.98263019323349
0.9993990659713745,0.012322348542511463,0.04759715497493744,-0.009673046879470348,0.997717022895813,-0.06083732098340988,-0.04706251993775368,0.054266612976789474,0.9954783320426941
0.996547520160675,-0.012115929275751114,0.06337247788906097,0.00998222827911377,0.9989508986473083,0.040566347539424896,-0.06960418075323105,-0.035475924611091614,0.9974200129508972
