0.9985967874526978,0.002077685436233878,0.04331172630190849,-0.004915885627269745,0.9955528974533081,0.09412650763988495,-0.04482080414891243,-0.08887989819049835,0.9898212552070618
1.0001004934310913,0.007985345087945461,-0.003077771747484803,-0.007856885902583599,0.9946876168251038,0.10066456347703934,0.0016205732244998217,-0.09659832715988159,0.9852421283721924
1.001064658164978,0.004987263586372137,0.005984553135931492,-0.006049165967851877,0.9952929019927979,0.10125789791345596,-0.004083625972270966,-0.09860861301422119,0.9897047281265259
1.001091718673706,0.006683281622827053,-0.013410210609436035,-0.005457349121570587,0.994830310344696,0.10128826647996902,0.013962947763502598,-0.09758488833904266,0.9909113645553589
1.0006409883499146,0.007388886064291,-0.0275803841650486,-0.004685267340391874,0.9950173497200012,0.09827298671007156,0.028021402657032013,-0.09473606944084167,0.9916990995407104
1.0005371570587158,-0.0033464604057371616,-0.026425398886203766,0.0007828455418348312,0.9953376650810242,-0.09841224551200867,0.02664569765329361,0.09574337303638458,0.9919288158416748
1.000636339187622,-0.0023729391396045685,-0.01263919472694397,0.0013112433953210711,0.995035707950592,-0.10113279521465302,0.01337992213666439,0.09843088686466217,0.9924131631851196
1.0004791021347046,-0.0013707253383472562,0.004944370593875647,0.0022389444056898355,0.9950074553489685,-0.1018037348985672,-0.0036904450971633196,0.0993027612566948,0.9929991960525513
1.0003005266189575,-0.0014487606240436435,0.008253918960690498,0.0025713464710861444,0.9950470328330994,-0.10159329324960709,-0.0070191239938139915,0.09920701384544373,0.993514358997345
0.9973758459091187,0.00811463501304388,0.07494238018989563,-0.0025916253216564655,0.9975115656852722,-0.06905193626880646,-0.07386606186628342,0.06637576967477798,0.9942688941955566
0.9969777464866638,0.008319545537233353,0.0783272236585617,-0.0029249638319015503,0.9977397918701172,-0.06502310931682587,-0.07719975709915161,0.06253886222839355,0.9947247505187988
0.9998282194137573,-0.0009640660136938095,0.017760207876563072,0.0027907269541174173,0.995070219039917,-0.10020966827869415,-0.01660545915365219,0.09816712886095047,0.9948405623435974
0.9969079494476318,-0.00034780753776431084,-0.07709641754627228,-0.004906170070171356,0.997626543045044,-0.06590807437896729,0.07606440782546997,0.06452402472496033,0.9953493475914001
0.9966076016426086,-0.0009529941598884761,-0.082804374396801,-0.003724851878359914,0.9980543851852417,-0.058393921703100204,0.08110038191080093,0.056946463882923126,0.9962580800056458
1.000744104385376,0.011048435233533382,-0.0215772595256567,-0.009244349785149097,0.9952208995819092,0.09639521688222885,0.023395350202918053,-0.09435926377773285,0.9860250353813171
0.9966438412666321,0.0002670756948646158,-0.08803437650203705,-0.004990226123481989,1.0003199577331543,-0.04685413837432861,0.08741558343172073,0.0477818064391613,0.9888563752174377
1.0012431144714355,-0.0005815554759465158,0.02204381301999092,-0.0021740568336099386,0.9955348968505859,0.09845517575740814,-0.02105010859668255,-0.09701229631900787,0.9896093010902405
1.0011688470840454,0.0024708067066967487,0.01240613218396902,-0.004478293936699629,0.9950901865959167,0.10062526166439056,-0.010154936462640762,-0.09833177924156189,0.9904640913009644
0.9992055296897888,-0.006316304672509432,-0.05974122881889343,0.0006056720158085227,0.99661785364151,-0.08199339359998703,0.060033395886421204,0.07838320732116699,0.991291880607605
0.9999246597290039,-0.009772294200956821,0.03926672413945198,0.006098853424191475,0.9957957863807678,0.09296389669179916,-0.0415823832154274,-0.08989790827035904,0.9918407201766968
1.000423789024353,0.0011500067776069045,-0.023923132568597794,-0.003533576615154743,0.9952124953269958,-0.09878134727478027,0.024829333648085594,0.09603789448738098,0.9920815825462341
1.0003788471221924,0.002327589550986886,-0.018079254776239395,-0.004041222855448723,0.9948518872261047,-0.10014714300632477,0.01894487254321575,0.09717608988285065,0.9926210641860962
0.9979645609855652,-6.906565249664709e-05,0.0684887170791626,0.005527601111680269,0.9971818923950195,-0.07519418001174927,-0.0676959827542305,0.07248753309249878,0.9931858777999878
0.997509777545929,0.002858760766685009,0.07393936067819595,0.0024452446959912777,0.9975607991218567,-0.06996022164821625,-0.07309142500162125,0.06734157353639603,0.9937243461608887
0.9972438216209412,0.003219521138817072,0.07670373469591141,0.0019790015649050474,0.9977539777755737,-0.06699365377426147,-0.0755944773554802,0.06460254639387131,0.994141697883606
0.9969400763511658,0.0016942477086558938,0.07926879078149796,0.003453000681474805,0.9978967308998108,-0.06384532898664474,-0.07785724848508835,0.06184643507003784,0.9946792721748352
0.9966417551040649,0.0042175594717264175,0.0818062275648117,0.0007735553081147373,0.9980645179748535,-0.06019922345876694,-0.08064105361700058,0.058473289012908936,0.9951714277267456
0.9967397451400757,0.00568612664937973,-0.07948493957519531,-0.0006403957959264517,0.997864842414856,0.06269578635692596,0.07865580916404724,-0.0612044483423233,0.995473325252533
0.996759831905365,0.005520738661289215,0.078446164727211,-0.00046227010898292065,0.9977754950523376,-0.0634092390537262,-0.07788436114788055,0.06237737461924553,0.9956302642822266
0.995710015296936,-0.00243379850871861,-0.09067922830581665,-0.0015736755449324846,0.9988549947738647,-0.043485064059495926,0.08996337652206421,0.04322073981165886,0.9956859350204468
0.9995388984680176,-0.0007537451456300914,0.05961886793375015,-0.004696037620306015,0.997258722782135,0.07759727537631989,-0.0613803006708622,-0.07935632020235062,0.9883281588554382
0.9999800324440002,-0.009139281697571278,0.05145954713225365,0.00383215700276196,0.9967581629753113,0.08507559448480606,-0.05238540470600128,-0.08410041779279709,0.9889928102493286
1.0000563859939575,-0.011799173429608345,0.04950183629989624,0.006538737565279007,0.9965815544128418,0.08691531419754028,-0.04933071509003639,-0.08548402786254883,0.9896880388259888
1.0005172491073608,-0.008328557014465332,0.034718383103609085,0.004232231993228197,0.9956105351448059,0.0950145572423935,-0.03244609758257866,-0.09296905249357224,0.9902888536453247
0.9998745322227478,-0.0018989559030160308,0.025336673483252525,-0.0016937885666266084,0.9950087070465088,0.09799090027809143,-0.02135438285768032,-0.09629032760858536,0.991269052028656
0.9996588826179504,0.0052753714844584465,0.011816272512078285,-0.007275212090462446,0.9950078725814819,0.09983758628368378,-0.007319878786802292,-0.09871824085712433,0.992235004901886
0.9988304972648621,-0.009825673885643482,0.047737304121255875,0.006171652115881443,0.9962738752365112,0.08787801116704941,-0.05123443156480789,-0.08534059673547745,0.9924411177635193
0.9998388886451721,0.0020215632393956184,-0.02587750181555748,-0.0038451089058071375,0.9952896237373352,-0.09767579287290573,0.027568651363253593,0.09534846991300583,0.9923915863037109
0.9985660314559937,-0.011136200278997421,0.052591100335121155,0.007612910587340593,0.995806097984314,0.08592240512371063,-0.05448402091860771,-0.08247534930706024,0.9931261539459229
0.9975581169128418,0.010991891846060753,0.07030380517244339,-0.006591588258743286,0.9968916177749634,-0.07229556143283844,-0.07088824361562729,0.06910540163516998,0.993474543094635
0.9972447156906128,0.010896382853388786,0.07576778531074524,-0.006358527112752199,0.9973551034927368,-0.06671754270792007,-0.0757063552737236,0.06382665783166885,0.993787407875061
0.9971444010734558,0.01216572243720293,0.07752475142478943,-0.007567384745925665,0.9975318312644958,-0.064668208360672,-0.07715655118227005,0.06191576272249222,0.9941658973693848
0.9969322681427002,0.013977174647152424,0.07971290498971939,-0.009274052456021309,0.9976909756660461,-0.06175057962536812,-0.07899388670921326,0.0591607503592968,0.9946906566619873
0.9964755177497864,-0.0009820724371820688,0.08380255848169327,0.005603499244898558,0.9982916116714478,-0.057153258472681046,-0.08204557001590729,0.056051887571811676,0.9950941801071167
0.996471643447876,0.010530713014304638,-0.08208910375833511,-0.005612770561128855,0.9980409741401672,0.05873545631766319,0.08129081130027771,-0.05718206986784935,0.9956691265106201
0.9963886141777039,0.0009926597122102976,0.08297187834978104,0.0038102194666862488,0.998193621635437,-0.05760436877608299,-0.08188044279813766,0.05702725797891617,0.9957081079483032
0.9959120154380798,0.0029882784001529217,0.08821040391921997,0.001325380988419056,0.9986476302146912,-0.048501156270504,-0.08749094605445862,0.04834868758916855,0.9956241250038147
0.995010256767273,-0.0034234814811497927,-0.09780329465866089,0.0012210059212520719,0.9995237588882446,-0.022470688447356224,0.09702443331480026,0.022858835756778717,0.9955918788909912
0.9985052943229675,0.0027168081142008305,-0.07100322842597961,-0.008634788915514946,0.9980973601341248,-0.06989897787570953,0.06846057623624802,0.0690934807062149,0.9891177415847778
0.998672604560852,-0.009044266305863857,0.06856321543455124,0.0030250425916165113,0.9979600310325623,0.07079274207353592,-0.07003363221883774,-0.07134339213371277,0.9897629022598267
0.9992088675498962,-0.027307987213134766,0.056990884244441986,0.021765274927020073,0.9969666004180908,0.07858379185199738,-0.05913369357585907,-0.07578568905591965,0.9899827241897583
0.9994699954986572,-0.029478345066308975,0.050369083881378174,0.024296816438436508,0.9963758587837219,0.08309333771467209,-0.05115630477666855,-0.08008185774087906,0.9902612566947937
0.9981780648231506,0.014768581837415695,0.04331567883491516,-0.017674563452601433,0.9958317279815674,0.0887177363038063,-0.03672255948185921,-0.09116438031196594,0.9921388626098633
0.9979226589202881,0.012150098569691181,0.03537994623184204,-0.015187134966254234,0.9956074953079224,0.0925276130437851,-0.03029029257595539,-0.09390382468700409,0.9930436015129089
0.9986839294433594,0.0109324986115098,0.022524628788232803,-0.012793334200978279,0.9952216744422913,0.09639886766672134,-0.01896066963672638,-0.09708525240421295,0.9933174252510071
0.999021589756012,-0.010355073027312756,0.003679276444017887,0.010064704343676567,0.9952178001403809,0.0992179811000824,-0.006873675622045994,-0.09886873513460159,0.9931995868682861
0.9986834526062012,-0.011240287683904171,0.038068559020757675,0.008711326867341995,0.9956892728805542,0.0920381173491478,-0.04064587876200676,-0.09021963179111481,0.9931789040565491
0.9982746243476868,-0.010526287369430065,0.056814830750226974,0.0066459570080041885,0.996322512626648,0.08223602175712585,-0.05824469402432442,-0.08008266240358353,0.9932957887649536
0.9974427819252014,0.010170185007154942,0.07253288477659225,-0.005540467333048582,0.9974172711372375,-0.06912828236818314,-0.07308152318000793,0.067045196890831,0.993401825428009
0.9970999360084534,0.010603233240544796,0.07781078666448593,-0.005946915131062269,0.9978243708610535,-0.06339912116527557,-0.0779227763414383,0.061234328895807266,0.9935628175735474
0.9969239234924316,0.011643769219517708,-0.08031730353832245,-0.007013379130512476,0.9980329871177673,0.060417432337999344,0.0800841897726059,-0.05818384140729904,0.993859052658081
0.9968159198760986,0.012929574586451054,0.08191089332103729,-0.008292561396956444,0.9981226325035095,-0.05844568461179733,-0.08131297677755356,0.056202005594968796,0.9942756295204163
0.9965036511421204,0.013739443384110928,0.08516542613506317,-0.009196029976010323,0.9983740448951721,-0.05373532325029373,-0.0840630903840065,0.05170897766947746,0.9947737455368042
0.996444046497345,0.013970296829938889,0.08449338376522064,-0.009332982823252678,0.9982799887657166,-0.054775577038526535,-0.08327262103557587,0.05301431193947792,0.9953369498252869
0.996138334274292,-0.002963833976536989,0.08583381026983261,0.007466002833098173,0.9984709024429321,-0.05338457226753235,-0.08411112427711487,0.05317491292953491,0.9957283735275269
0.9957883358001709,-0.0028982677031308413,0.08933056145906448,0.007011681329458952,0.9987315535545349,-0.04671943932771683,-0.08800743520259857,0.04706666246056557,0.9957637786865234
0.998581051826477,0.001503723324276507,-0.049660105258226395,0.0027622284833341837,0.9960060715675354,0.08764803409576416,0.04997768998146057,-0.08655524253845215,0.9954341053962708
0.9991980791091919,0.014241652563214302,-0.05595109239220619,-0.00905363354831934,0.9972469806671143,0.07850431650876999,0.05969417467713356,-0.07894822210073471,0.9894975423812866
0.9976749420166016,0.00990258064121008,-0.0785311833024025,-0.014975576661527157,0.9984240531921387,-0.06032491847872734,0.07464653253555298,0.06265862286090851,0.9906778931617737
0.9980167150497437,-0.025424007326364517,0.07218697667121887,0.019667431712150574,0.9979928731918335,0.06483035534620285,-0.07382453233003616,-0.06329238414764404,0.9905333518981934
0.9984057545661926,-0.01996678300201893,0.06521899253129959,0.014487886801362038,0.9973169565200806,0.07427205890417099,-0.06398024410009384,-0.07378258556127548,0.9905809760093689
0.9976128935813904,0.009948460385203362,0.058598559349775314,-0.013362930156290531,0.996039867401123,0.08008381724357605,-0.053748585283756256,-0.08345421403646469,0.9923667311668396
0.9972971081733704,0.010198005475103855,0.051808685064315796,-0.013539988547563553,0.9959455728530884,0.08438529074192047,-0.04809536412358284,-0.0862501859664917,0.9931668639183044
0.9980332255363464,0.009684708900749683,0.04590937867760658,-0.01310456171631813,0.9958896636962891,0.0874405950307846,-0.04386499896645546,-0.08865059167146683,0.9935269355773926
0.9988749623298645,0.009497513994574547,0.03557587042450905,-0.012385657988488674,0.9956281781196594,0.09208131581544876,-0.033801864832639694,-0.0930623784661293,0.9934914112091064
0.9995507597923279,0.009963159449398518,-0.015483499504625797,-0.011191971600055695,0.9952089786529541,-0.09765186905860901,0.013468186371028423,0.09807401150465012,0.9933885931968689
0.9989829063415527,-0.012554822489619255,0.03730084374547005,0.009395964443683624,0.9958364367485046,0.09174326062202454,-0.03933275490999222,-0.09069320559501648,0.993398904800415
0.9978982210159302,0.012035859748721123,-0.06354080885648727,-0.007595214992761612,0.9969768524169922,0.0764252170920372,0.06490077078342438,-0.07478776574134827,0.9934350252151489
0.997094452381134,0.011360944248735905,0.07666737586259842,-0.0067600528709590435,0.9978691339492798,-0.06369708478450775,-0.07747165858745575,0.06186568737030029,0.9934707283973694
0.9968181252479553,0.011578427627682686,0.0809309333562851,-0.0070845927111804485,0.9981995224952698,-0.05857839807868004,-0.08139796555042267,0.05655837804079056,0.9935671091079712
0.9967505931854248,0.011465178802609444,0.0824967548251152,-0.006996570620685816,0.998325526714325,-0.05688445270061493,-0.0825803354382515,0.0548122376203537,0.9937198162078857
0.9966673851013184,0.011591609567403793,0.08404446393251419,-0.0071221948601305485,0.9984060525894165,-0.05515091121196747,-0.08362207561731339,0.0530664399266243,0.9940045475959778
0.9963517189025879,0.012935690581798553,0.08749774098396301,-0.008635913021862507,0.9986319541931152,-0.04975380748510361,-0.08663531392812729,0.0477270744740963,0.9943881034851074
0.99625563621521,0.01337964367121458,0.08805213868618011,-0.009017075411975384,0.9986539483070374,-0.04900277778506279,-0.08672904968261719,0.047242917120456696,0.9948583841323853
0.9960095882415771,0.01445972640067339,0.08945216983556747,-0.01019849069416523,0.9987360239028931,-0.04608660936355591,-0.08792829513549805,0.04473985359072685,0.9953989386558533
0.9954725503921509,-0.005309900268912315,0.09338447451591492,0.00873276311904192,0.9990580081939697,-0.03849313035607338,-0.09143681824207306,0.03929930180311203,0.995705783367157
0.9949789047241211,-0.001324395532719791,0.09865278750658035,0.003354055806994438,0.999573826789856,-0.022063443437218666,-0.0971342995762825,0.02316570281982422,0.9955273270606995
0.994965136051178,-0.0027571378741413355,-0.1011459231376648,0.0036135611589998007,0.9997509121894836,0.007423814386129379,0.09922011941671371,-0.006166364531964064,0.9959587454795837
0.9957658648490906,-0.011660778895020485,-0.09826812893152237,0.01302333828061819,1.0001535415649414,0.007876583375036716,0.09667976945638657,-0.011863947845995426,0.9911214113235474
0.9955939650535583,-0.00685089873149991,-0.09827639162540436,0.009508906863629818,0.9998729228973389,0.010066037997603416,0.09877289086580276,-0.013733836822211742,0.9917755722999573
0.9969383478164673,0.004450611770153046,-0.08043399453163147,-0.008898597210645676,0.9973024129867554,-0.0587950237095356,0.0782378613948822,0.062091164290905,0.9920700788497925
0.9969902634620667,0.004998029209673405,0.07352754473686218,-0.008584489114582539,0.9967039823532104,0.06760919094085693,-0.0708157941699028,-0.06987033784389496,0.9925526976585388
0.9968560338020325,0.0066155362874269485,0.06664548814296722,-0.010500815697014332,0.9965782165527344,0.07403162866830826,-0.06460881978273392,-0.0751420184969902,0.9931743741035461
0.9974623918533325,0.007777149323374033,0.06277599185705185,-0.012106925249099731,0.9966091513633728,0.07666822522878647,-0.06166928634047508,-0.0776863694190979,0.9933713674545288
0.9979826807975769,0.00732805160805583,0.059461891651153564,-0.011864397674798965,0.9966123104095459,0.07900586724281311,-0.05844295024871826,-0.07993512600660324,0.9934277534484863
0.9986153841018677,0.007415186148136854,0.05268089100718498,-0.011656947433948517,0.996324360370636,0.08359787613153458,-0.05166440084576607,-0.0845855176448822,0.9935311675071716
0.9987618327140808,-0.007413939572870731,0.04994488134980202,0.01146234106272459,0.996243953704834,-0.08543075621128082,-0.048625025898218155,0.0863485187292099,0.9935096502304077
0.996465802192688,0.012411436066031456,-0.08291469514369965,-0.008132596500217915,0.9985004663467407,0.054114025086164474,0.08389358967542648,-0.05251789465546608,0.9935430288314819
0.9966673851013184,0.011594720184803009,0.08121822774410248,-0.00712962169200182,0.9983280301094055,-0.057023365050554276,-0.08210722357034683,0.05546531826257706,0.9935781359672546
0.9965741634368896,0.010231741704046726,0.0829814001917839,-0.005852140951901674,0.9984941482543945,-0.0549439936876297,-0.08365823328495026,0.05343281850218773,0.9935887455940247
0.9963074922561646,0.010618912987411022,-0.08657325804233551,-0.006538116838783026,0.9987502098083496,0.049515996128320694,0.08696721494197845,-0.04775344952940941,0.9936655163764954
0.9963018298149109,0.010772216133773327,0.08726266026496887,-0.006764199584722519,0.9987818598747253,-0.048903945833444595,-0.08740614354610443,0.047021739184856415,0.9937540292739868
0.9963679313659668,0.010770137421786785,0.08717400580644608,-0.006666041444987059,0.9987155199050903,-0.04986041784286499,-0.08685722202062607,0.04789302870631218,0.993912935256958
0.996126651763916,0.012091335840523243,0.09017659723758698,-0.008164879865944386,0.9988968968391418,-0.04471903294324875,-0.08929222822189331,0.042722996324300766,0.9942337274551392
0.9959807395935059,0.013031941838562489,0.09126248955726624,-0.009095616638660431,0.998952329158783,-0.042811159044504166,-0.09002240747213364,0.04103468358516693,0.9945663213729858
0.9958495497703552,0.013730223290622234,0.0921747013926506,-0.009818648919463158,0.9989279508590698,-0.04084546118974686,-0.09050317108631134,0.039366189390420914,0.9950519800186157
0.9954087734222412,-0.0039003801066428423,0.0950697734951973,0.007070757448673248,0.9992164373397827,-0.035163264721632004,-0.09289345145225525,0.03602039813995361,0.9953914880752563
0.9948926568031311,0.0015905896434560418,0.1001114696264267,-5.231963950791396e-05,0.9997442364692688,-0.01681692712008953,-0.09815986454486847,0.017919691279530525,0.9952130317687988
0.9974308013916016,0.012349461205303669,0.07462210208177567,-0.0073137180879712105,0.9981891512870789,-0.061473503708839417,-0.07560356706380844,0.06292031705379486,0.9898192882537842
0.9970874190330505,0.008526449091732502,-0.08293516933917999,-0.01253451593220234,0.9984506964683533,-0.05476197600364685,0.07972037047147751,0.05693439021706581,0.9923824071884155
0.9971831440925598,-0.015299033373594284,-0.08070731163024902,0.010539168491959572,0.9981300234794617,-0.05790990591049194,0.08033886551856995,0.05770594999194145,0.992322564125061
0.996388852596283,0.0017915937351062894,-0.08128265291452408,-0.0057471622712910175,0.9978892803192139,-0.058854203671216965,0.07944659888744354,0.05997234210371971,0.9929007291793823
0.9967789649963379,0.0029794329311698675,0.07667358219623566,-0.00752290291711688,0.9974868893623352,0.06455577164888382,-0.07562965899705887,-0.0649578869342804,0.9931339025497437
0.9970178604125977,0.0046800426207482815,0.07219592481851578,-0.009571399539709091,0.9974154829978943,0.06886006146669388,-0.07121801376342773,-0.06927566975355148,0.9932311177253723
0.9973762035369873,0.006106310989707708,0.07027994841337204,-0.011211161501705647,0.9973885416984558,0.07007282972335815,-0.0696008950471878,-0.07076286524534225,0.9934133887290955
0.9974985122680664,0.004502459894865751,0.07130292057991028,-0.009555320255458355,0.9975215792655945,0.06897043436765671,-0.0707508847117424,-0.0695938989520073,0.9935224056243896
0.9976781606674194,0.00500591192394495,0.0693739578127861,-0.010000896640121937,0.9973753690719604,0.07079287618398666,-0.06873922049999237,-0.07161920517683029,0.9936076402664185
0.996982991695404,-0.004750638734549284,0.07879899442195892,0.009540213271975517,0.9980911612510681,-0.06030730530619621,-0.07810131460428238,0.06125880777835846,0.9936193823814392
0.9951149821281433,0.007625688333064318,-0.09892257302999496,-0.008558861911296844,0.9999070167541504,-0.00803220085799694,0.09876339882612228,0.009472280740737915,0.9936279654502869
0.9954434633255005,0.008279734291136265,0.09533340483903885,-0.005710802040994167,0.9995601177215576,-0.028193408623337746,-0.09559765458106995,0.02682613953948021,0.9936262369155884
0.9959697723388672,0.008138943463563919,0.08987061679363251,-0.0044747814536094666,0.9990825057029724,-0.04296966269612312,-0.09023593366146088,0.041676875203847885,0.9936337471008301
0.995861828327179,0.007955732755362988,0.09136947989463806,-0.0044797142036259174,0.9991675019264221,-0.040303315967321396,-0.0914531722664833,0.03888848423957825,0.9936861395835876
0.9958817958831787,0.008404789492487907,0.09173228591680527,-0.004981351085007191,0.9991865754127502,-0.0401574932038784,-0.09158096462488174,0.03861134871840477,0.9937775135040283
0.9959763288497925,0.008178004994988441,0.09147931635379791,-0.004624575842171907,0.9991269707679749,-0.0417424812912941,-0.09094598144292831,0.040144432336091995,0.9938628077507019
0.9957208633422852,0.009943118318915367,0.094536691904068,-0.006767582148313522,0.9993190765380859,-0.035004932433366776,-0.09343811124563217,0.03325987979769707,0.9940850734710693
0.9955634474754333,0.011001723818480968,0.09606967866420746,-0.008012325502932072,0.9993583559989929,-0.03126829117536545,-0.09452136605978012,0.02970987930893898,0.9943906664848328
0.9954382181167603,0.012123674154281616,0.09674479812383652,-0.00909312441945076,0.9993215799331665,-0.029278172180056572,-0.0947631299495697,0.028129268437623978,0.9948309659957886
0.9951163530349731,-0.0041698976419866085,0.09893567115068436,0.006280138622969389,0.9995800852775574,-0.02304772473871708,-0.09670037031173706,0.024345703423023224,0.9950474500656128
0.9949425458908081,0.003541012993082404,-0.10184280574321747,-0.003470529103651643,0.9999738335609436,0.0014047580771148205,0.09964068979024887,-0.0025870969984680414,0.9945716261863708
0.9969213008880615,0.009893503040075302,-0.08287394046783447,-0.00553488964214921,0.9986165165901184,0.051205698400735855,0.08388953655958176,-0.0529346838593483,0.9916531443595886
0.9968451857566833,0.008103706873953342,-0.08330777287483215,-0.011927514337003231,0.9983416795730591,-0.05469980463385582,0.08049239963293076,0.056652966886758804,0.9932509660720825
0.9952250123023987,-0.0031021733302623034,-0.09956997632980347,0.00447274511680007,0.9995200037956238,0.012147377245128155,0.0988050177693367,-0.014051252044737339,0.9932839274406433
0.9961740970611572,0.0018914270913228393,-0.08556549996137619,0.0020233711693435907,0.9984868168830872,0.053012505173683167,0.08442766219377518,-0.053141526877880096,0.9933371543884277
0.9962636828422546,-0.00043147525866515934,0.08409728854894638,-0.004238207824528217,0.9984697699546814,0.05510637164115906,-0.08332350850105286,-0.054785776883363724,0.9934032559394836
0.9962853789329529,0.0014839909272268414,0.08353213220834732,-0.006356700323522091,0.9984415173530579,0.055043645203113556,-0.08291612565517426,-0.05500020086765289,0.9935348629951477
0.996410071849823,0.00384012539871037,0.08388848602771759,-0.00862765684723854,0.9985175728797913,0.053543850779533386,-0.08348376303911209,-0.05402776226401329,0.9936380386352539
0.996401309967041,0.002408029045909643,0.08528899401426315,-0.00699083274230361,0.9986546039581299,0.051224540919065475,-0.08491115272045135,-0.051730506122112274,0.9936708211898804
0.9962921142578125,0.0033601911272853613,0.08658017218112946,-0.007767175789922476,0.9987614154815674,0.04886643588542938,-0.086150161921978,-0.049627885222435,0.9936937689781189
0.9957946538925171,0.003792964154854417,0.09216668456792831,-0.0073667485266923904,0.9992603659629822,0.037436503916978836,-0.09167377650737762,-0.03832784295082092,0.9936946630477905
0.995151162147522,0.005935060326009989,-0.09826410561800003,-0.007541854400187731,0.9998324513435364,-0.015250851400196552,0.09796211868524551,0.016451727598905563,0.9936882853507996
0.9950696229934692,0.0056110261939466,0.09938673675060272,-0.005098497029393911,0.9999523758888245,-0.00599069707095623,-0.09928629547357559,0.004862939938902855,0.9936618804931641
0.9953767657279968,0.005785766523331404,0.09673130512237549,-0.0035744053311645985,0.9996941089630127,-0.024309080094099045,-0.09673792868852615,0.023222196847200394,0.9936660528182983
0.9954348802566528,0.005036459770053625,0.09636092185974121,-0.002625063993036747,0.9996292591094971,-0.026773320510983467,-0.09614436328411102,0.025731736794114113,0.9936888813972473
0.9954816102981567,0.00518183596432209,0.09628889709711075,-0.0027122937608510256,0.9996029138565063,-0.028098752722144127,-0.0958099216222763,0.026986731216311455,0.9937533140182495
0.9956077337265015,0.005223030224442482,0.09554381668567657,-0.0024669019039720297,0.9994847774505615,-0.031820330768823624,-0.0947396382689476,0.03065299801528454,0.9938119649887085
0.9954211711883545,0.007220016792416573,0.09779366850852966,-0.004939607810229063,0.9996002316474915,-0.025335239246487617,-0.09645333886146545,0.02397756278514862,0.9939653873443604
0.9953055381774902,0.00846764724701643,0.09929128736257553,-0.006484598852694035,0.9996330142021179,-0.02020443044602871,-0.09740263968706131,0.019044149667024612,0.9942323565483093
0.9950172305107117,-0.0025522755458950996,0.10020514577627182,0.00433672871440649,0.9996594190597534,-0.017600206658244133,-0.09772811084985733,0.01815086416900158,0.9946711659431458
0.9949443340301514,-0.0032551439944654703,0.10134832561016083,0.0040839677676558495,0.9998335242271423,-0.010409520007669926,-0.0991816595196724,0.011975344270467758,0.9945894479751587
0.995707631111145,-0.003210280556231737,-0.09429161250591278,0.007225413341075182,0.9991456270217896,0.039754509925842285,0.09202001243829727,-0.0377131812274456,0.9941306710243225
0.996246337890625,0.007115086540579796,-0.09020667523145676,-0.0036671345587819815,0.9990645051002502,0.0386810302734375,0.09098990261554718,-0.04002903774380684,0.9927734136581421
0.9955487251281738,-0.006783456541597843,-0.0982663705945015,0.008476853370666504,0.9995117783546448,0.01826021820306778,0.0968124270439148,-0.02017897740006447,0.9938735365867615
0.9960756301879883,0.0017883778782561421,-0.08873418718576431,0.0019729724153876305,0.9987241625785828,0.047172728925943375,0.08778632432222366,-0.04751516878604889,0.993804931640625
0.9959844350814819,0.0022827154025435448,-0.0888049528002739,0.0015501194866374135,0.9988285303115845,0.04730171710252762,0.08799701184034348,-0.04703908786177635,0.9937589168548584
0.9959758520126343,0.0011436864733695984,-0.08822466433048248,0.0030509501229971647,0.9988738298416138,0.04815008118748665,0.08756238222122192,-0.04774202033877373,0.9937132000923157
0.9958985447883606,-0.001383894239552319,0.08835995197296143,-0.002982410602271557,0.9988796710968018,0.04721061512827873,-0.087907575070858,-0.04683283343911171,0.9937469959259033
0.9959996938705444,3.790451955865137e-05,0.08880402892827988,-0.004317690152674913,0.998934268951416,0.04562986269593239,-0.08849078416824341,-0.04566327854990959,0.9937857389450073
0.9958992600440979,-0.0011857572244480252,0.0904194787144661,-0.0027995023410767317,0.9991164803504944,0.04210160672664642,-0.09017167240381241,-0.042201876640319824,0.9938123226165771
0.9956809282302856,0.0008533202344551682,0.09307114779949188,-0.004290921147912741,0.9993672370910645,0.03568394109606743,-0.09276200830936432,-0.03616004437208176,0.9938070178031921
0.9953590035438538,0.001425127498805523,-0.09647617489099503,-0.003928168676793575,0.9996722340583801,-0.02524029277265072,0.09610904008150101,0.025833873078227043,0.993784487247467
0.9950517416000366,0.00349444430321455,0.09912199527025223,-0.004600504878908396,0.9999121427536011,0.010453919880092144,-0.09886833280324936,-0.011310020461678505,0.9937568306922913
0.995037317276001,0.0035343128256499767,0.0997031033039093,-0.0034810989163815975,0.999964714050293,-0.0014744828222319484,-0.09952174872159958,0.0006044995971024036,0.9937326312065125
0.995185136795044,0.0037595038302242756,0.09869903326034546,-0.002385163214057684,0.9998500347137451,-0.015160833485424519,-0.09853465110063553,0.014326117932796478,0.9937276244163513
0.9952998757362366,0.002989365253597498,0.09792622923851013,-0.0011306182714179158,0.9997515082359314,-0.020831139758229256,-0.0975533276796341,0.020108524709939957,0.993727445602417
0.9953545928001404,0.0032443655654788017,0.09774444252252579,-0.0012485592160373926,0.9996892809867859,-0.023067748174071312,-0.09708477556705475,0.022292951121926308,0.9937661290168762
0.9954341053962708,0.003311649663373828,0.09734134376049042,-0.001068962155841291,0.9995940327644348,-0.026280827820301056,-0.09633129090070724,0.025504859164357185,0.9937940239906311
0.9953207969665527,0.004663522355258465,0.09905486553907394,-0.0028605239931493998,0.999664306640625,-0.020794037729501724,-0.09751582890748978,0.019912514835596085,0.9938948750495911
0.9952206611633301,0.005784245207905769,0.1008039340376854,-0.004549729637801647,0.9996755123138428,-0.012710523791611195,-0.0987115427851677,0.012147818692028522,0.9940701723098755
0.9948639869689941,-0.0010393873089924455,0.1017419844865799,0.0016951723955571651,0.9997714757919312,-0.006232723593711853,-0.09922218322753906,0.007003549486398697,0.994408369064331
0.995021641254425,-0.0017754518194124103,0.10216419398784637,0.00116265332326293,0.9999249577522278,0.00352293299511075,-0.10010482370853424,-0.001819262164644897,0.9940527081489563
0.9959943294525146,-0.0032032974995672703,-0.09236835688352585,0.007600661367177963,0.9989607334136963,0.04529010131955147,0.08952674269676208,-0.04308881238102913,0.9934315085411072
0.9956559538841248,0.00498851016163826,0.0941937044262886,-0.0024271481670439243,0.9994147419929504,-0.03014254756271839,-0.0943223088979721,0.031345248222351074,0.9933146238327026
0.9955211281776428,-0.0076551311649382114,-0.0972871333360672,0.009854958392679691,0.999375581741333,0.022766070440411568,0.09606403112411499,-0.02404153347015381,0.9942287802696228
0.9958130121231079,0.0030949267093092203,-0.0912800207734108,0.0004109088331460953,0.998977541923523,0.04192847013473511,0.09060008823871613,-0.041723113507032394,0.9940821528434753
0.9957472681999207,0.0029426838736981153,-0.09180108457803726,0.0006333356141112745,0.9991044402122498,0.04081747308373451,0.09126810729503632,-0.04033912718296051,0.9940277934074402
0.995680034160614,0.0014319544425234199,-0.09212613850831985,0.002173213753849268,0.9991956949234009,0.03983562812209129,0.09163958579301834,-0.03942074254155159,0.9939095973968506
0.995574951171875,0.0009399402188137174,-0.09271539002656937,0.0026747025549411774,0.999279797077179,0.03789293393492699,0.09224651008844376,-0.037640269845724106,0.9938931465148926
0.9956187605857849,0.0007949636201374233,0.09308896958827972,-0.004347450565546751,0.9993144273757935,0.03633002191781998,-0.09267891198396683,-0.036493416875600815,0.9939356446266174
0.9954627752304077,-0.0016763756284490228,-0.09465894848108292,-0.001480987062677741,0.9994555115699768,-0.03176574781537056,0.09439972043037415,0.03180575370788574,0.9939501285552979
0.9953335523605347,-0.0010994273470714688,-0.09648315608501434,-0.0014608914498239756,0.9996395111083984,-0.025479469448328018,0.09624844044446945,0.025688569992780685,0.9939336776733398
0.9951955676078796,-0.0014613462844863534,0.09807305037975311,-0.00040058387094177306,0.9997894763946533,0.018604060634970665,-0.09781139343976974,-0.01879122108221054,0.9939016699790955
0.9950369000434875,-0.0006789345061406493,0.09941554069519043,-0.00029144762083888054,0.9999082684516907,0.0091162770986557,-0.09918928891420364,-0.00935885775834322,0.9938475489616394
0.9950171709060669,-0.0010103313252329826,0.0998610332608223,0.0009858462726697326,0.9999579787254333,-0.0008718750323168933,-0.09960107505321503,0.0007011949201114476,0.9938022494316101
0.9950715899467468,0.00027180142933502793,0.0998222604393959,0.0001978710643015802,0.9999111890792847,-0.005882781930267811,-0.09947866201400757,0.005615690723061562,0.9937622547149658
0.9951254725456238,-0.00032563312561251223,0.09988561272621155,0.0009829053888097405,0.9998765587806702,-0.008279898203909397,-0.09929096698760986,0.008154849521815777,0.9937286376953125
0.9951600432395935,0.0006067429785616696,0.10014817863702774,0.00010498295887373388,0.9998405575752258,-0.009213212877511978,-0.099205881357193,0.009033462963998318,0.9937523603439331
0.9951711297035217,0.001332349143922329,0.10022105276584625,-0.00034181252704001963,0.9997846484184265,-0.012261452153325081,-0.0989282876253128,0.012085436843335629,0.9937646389007568
0.9951176047325134,0.002270795637741685,0.10117848217487335,-0.001805390464141965,0.9997583627700806,-0.005578645039349794,-0.09940851479768753,0.005500107072293758,0.993829071521759
0.9951391220092773,0.002904829103499651,0.10167031735181808,-0.0029089327435940504,0.9996827840805054,0.0021559512242674828,-0.09956283867359161,-0.0017758746398612857,0.9939495921134949
0.9949554204940796,-0.0003605057718232274,0.10181956738233566,-0.00030036698444746435,0.9998714923858643,0.006078724283725023,-0.09943877905607224,-0.00491046067327261,0.9941467046737671
0.995229959487915,0.00013150073937140405,0.10136491060256958,-0.002005263464525342,0.9999140501022339,0.015638694167137146,-0.09916975349187851,-0.014017704874277115,0.993561327457428
0.9961960911750793,-0.003677211469039321,-0.09002260863780975,0.00807697232812643,0.9983711242675781,0.05113474652171135,0.08736112713813782,-0.04776765778660774,0.9920308589935303
0.9956142902374268,-0.006432678550481796,-0.09624136984348297,0.009054898284375668,0.9993603825569153,0.02693464234471321,0.09536586701869965,-0.027453165501356125,0.9943525195121765
0.9957146644592285,0.002835725899785757,-0.09314515441656113,0.0003363200230523944,0.9991400837898254,0.037424810230731964,0.09261132776737213,-0.036915261298418045,0.9942502379417419
0.9955714344978333,0.0022687523160129786,-0.09347666800022125,0.0010958935599774122,0.9992194771766663,0.036614056676626205,0.09307102113962173,-0.03602686524391174,0.9942033886909485
0.9954957962036133,0.000716390204615891,0.09423010051250458,0.00248109083622694,0.9993892908096313,-0.034159738570451736,-0.09386490285396576,0.0338066965341568,0.9940505027770996
0.9954303503036499,-0.0014095153892412782,0.09503622353076935,-0.0016300947172567248,0.9995021820068359,0.03143416345119476,-0.09465575218200684,-0.031118519604206085,0.9940268993377686
0.9954333901405334,-0.00039274440496228635,0.09520366042852402,-0.002588051138445735,0.9995129704475403,0.03056219033896923,-0.09484555572271347,-0.030504189431667328,0.994071900844574
0.9953113794326782,-0.003051459789276123,0.09630534797906876,0.0004171704640612006,0.9996023774147034,0.026585282757878304,-0.09608323127031326,-0.026334142312407494,0.9940773844718933
0.995154082775116,-0.0031981170177459717,0.0980544313788414,0.0012734790798276663,0.9997605085372925,0.018797539174556732,-0.09785701334476471,-0.018593372777104378,0.9940440058708191
0.9951179027557373,-0.004036673344671726,0.098842091858387,0.002604392124339938,0.9998136758804321,0.014026626944541931,-0.09861892461776733,-0.0137238260358572,0.9940009117126465
0.9950296878814697,-0.003097425913438201,0.09960487484931946,0.0022533591836690903,0.9998683333396912,0.0077012525871396065,-0.09933418780565262,-0.007446981035172939,0.9939200282096863
0.9950061440467834,-0.003383794566616416,0.09994972497224808,0.0032789912074804306,0.9998753070831299,-0.0003947234363295138,-0.09958011656999588,0.000730381638277322,0.9938356280326843
0.9950326085090637,-0.002037950325757265,0.1001148372888565,0.0018721476662904024,0.9998292922973633,0.0004070551658514887,-0.09963057190179825,-0.00016000799951143563,0.9937556385993958
0.9950971007347107,-0.0018335036002099514,0.10031882673501968,0.0014452909817919135,0.9998149871826172,0.002338182646781206,-0.09963104873895645,-0.0019848826341331005,0.993671715259552
0.9951270222663879,-0.00041590261389501393,0.10061944276094437,-7.630356412846595e-05,0.9997968077659607,0.00383689533919096,-0.09953932464122772,-0.003516472177579999,0.9936582446098328
0.9951346516609192,0.00019430334214121103,0.10091185569763184,-0.0008394573233090341,0.9998002052307129,0.005598845891654491,-0.09952279925346375,-0.00516460370272398,0.993661105632782
0.9951421618461609,-0.0012621968053281307,0.09996570646762848,0.002640120219439268,0.9996039271354675,-0.016518523916602135,-0.09827453643083572,0.01584777422249317,0.9937400221824646
0.9961962103843689,-0.0002538949775043875,0.08846613764762878,0.004199678543955088,0.998713493347168,-0.04991111159324646,-0.08715704083442688,0.048283617943525314,0.993859052658081
0.9960771799087524,-0.002905910834670067,0.09226132184267044,0.0069413455203175545,0.9990999102592468,-0.04331360012292862,-0.09046632796525955,0.04170338064432144,0.9937031269073486
0.9959416389465332,0.002600946230813861,-0.09665204584598541,-0.0061360620893538,0.999564528465271,-0.034699685871601105,0.09430928528308868,0.03324068337678909,0.992807924747467
0.9961158037185669,-0.00689410325139761,-0.09071069955825806,0.010587329976260662,0.9989099502563477,0.041337672621011734,0.09009946882724762,-0.04137250781059265,0.9944046139717102
0.9962926506996155,0.004318686667829752,0.08763236552476883,-0.00048312058788724244,0.9985944628715515,-0.04872560501098633,-0.0875898227095604,0.047618232667446136,0.994318425655365
0.9952253103256226,0.001736943842843175,0.09705442190170288,0.0008288808166980743,0.9995205402374268,-0.025623196735978127,-0.09660319983959198,0.02478274516761303,0.9942593574523926
0.9951883554458618,0.0006434397655539215,0.0974067747592926,0.0016887654783204198,0.9996408820152283,-0.023390011861920357,-0.09711474925279617,0.022904714569449425,0.9941495656967163
0.9951844215393066,-0.0015705953119322658,0.09783411771059036,-0.0005885482532903552,0.9997038245201111,0.020986950024962425,-0.0975407063961029,-0.020532865077257156,0.9940794110298157
0.9952387809753418,-0.0014554733643308282,0.09731213003396988,-0.0008677046280354261,0.9996570348739624,0.02305193804204464,-0.09700692445039749,-0.02272982709109783,0.9940961599349976
0.9951687455177307,-0.0032335154246538877,0.09796013683080673,0.00120117561891675,0.9997128248214722,0.019850267097353935,-0.09772063791751862,-0.019384361803531647,0.9941065907478333
0.9950103163719177,-0.003863032441586256,0.09936072677373886,0.0027382243424654007,0.9998533129692078,0.010283093899488449,-0.09911581128835678,-0.009757643565535545,0.9940646886825562
