0.9993143081665039,0.0017676139250397682,0.0347236767411232,-0.003799067810177803,0.9970995187759399,0.07540623098611832,-0.035543713718652725,-0.07350434362888336,0.9960647225379944
1.0000168085098267,0.006194139830768108,-0.0039254059083759785,-0.00593388918787241,0.9966471791267395,0.08162672817707062,0.0022158578503876925,-0.08046308159828186,0.992165207862854
1.0004851818084717,0.003908722661435604,0.003670042147859931,-0.004321669228374958,0.9968340396881104,0.08211729675531387,-0.003649862250313163,-0.08141425997018814,0.994428813457489
1.0003737211227417,0.005528891924768686,-0.010271883569657803,-0.004810901824384928,0.9966486096382141,0.08182883262634277,0.011426178738474846,-0.08057303726673126,0.995131254196167
1.0001057386398315,0.005988070275634527,-0.02197565697133541,-0.004295843653380871,0.9967706203460693,0.07942625880241394,0.02303554117679596,-0.07813474535942078,0.9955706596374512
1.0000582933425903,-0.0027857422828674316,-0.021185679361224174,0.0010962455999106169,0.996865451335907,-0.07963508367538452,0.022011904045939445,0.07872498780488968,0.9957739114761353
1.0001320838928223,-0.002138415351510048,-0.01016964577138424,0.0013712728396058083,0.9966875314712524,-0.08176880329847336,0.01106145977973938,0.08097107708454132,0.9960556030273438
1.0000642538070679,-0.0015333568444475532,0.003942850977182388,0.001932795043103397,0.996647298336029,-0.0823068618774414,-0.003014142857864499,0.0816710889339447,0.9963738322257996
0.9999692440032959,-0.0016506204847246408,0.006574386730790138,0.0021965845953673124,0.9966378808021545,-0.0821240171790123,-0.00571831688284874,0.08154138177633286,0.996691882610321
0.998073160648346,0.006339253857731819,0.06050416827201843,-0.002991610672324896,0.9983398914337158,-0.055615708231925964,-0.060758139938116074,0.05462221801280975,0.9970853328704834
0.9978266954421997,0.006479908712208271,0.06316499412059784,-0.0032410810235887766,0.9985009431838989,-0.052352890372276306,-0.06346767395734787,0.05147796496748924,0.997402012348175
0.9997284412384033,-0.0013029820984229445,0.01432385016232729,0.002246363088488579,0.9965789914131165,-0.08084968477487564,-0.01359313353896141,0.08057930320501328,0.9976978302001953
0.9978162050247192,1.06231027530157e-05,-0.061938829720020294,-0.003402549307793379,0.9984083771705627,-0.053045567125082016,0.0625281110405922,0.05295892059803009,0.9980424642562866
0.997818648815155,-0.0005043871351517737,-0.0665307343006134,-0.0026561329141259193,0.9988070726394653,-0.046699702739715576,0.0661056786775589,0.0466683954000473,0.9995288252830505
1.0002762079238892,0.008731991983950138,-0.01945251040160656,-0.00724854925647378,0.9969528317451477,0.0782838836312294,0.01955842599272728,-0.07839540392160416,0.992608904838562
0.9976551532745361,0.00020540431432891637,-0.07136119902133942,-0.0033118415158241987,0.9998672008514404,-0.03907177597284317,0.07205337285995483,0.03907015919685364,0.9940840601921082
1.0004706382751465,3.469564035185613e-05,0.018257765099406242,-0.001753273420035839,0.9969756007194519,0.07981998473405838,-0.01724749431014061,-0.07997070252895355,0.9944058656692505
1.000461220741272,0.0025048668030649424,0.009981789626181126,-0.003656500717625022,0.9967938661575317,0.08150815218687057,-0.008354155346751213,-0.08115147799253464,0.9947060346603394
0.9992746114730835,-0.0048391069285571575,-0.04860074073076248,0.0013323371531441808,0.9977956414222717,-0.06629011780023575,0.04958275333046913,0.06465328484773636,0.9950576424598694
0.9997342228889465,-0.007948176003992558,0.03231208026409149,0.005516240373253822,0.997195839881897,0.07522102445363998,-0.034242697060108185,-0.07396366447210312,0.9954429268836975
1.0001522302627563,0.0008680132450535893,-0.019697604700922966,-0.002373822731897235,0.9968281984329224,-0.07989723235368729,0.020763402804732323,0.07903937250375748,0.9955347776412964
1.0001533031463623,0.001781184459105134,-0.015004393644630909,-0.0028267602901905775,0.9966825246810913,-0.08096027374267578,0.015936635434627533,0.08010074496269226,0.99581378698349
0.9986279606819153,-0.00026505591813474894,0.05577115714550018,0.0037435349076986313,0.9981356859207153,-0.060593001544475555,-0.05600106716156006,0.059539031237363815,0.9961220026016235
0.9982842206954956,0.002161781070753932,0.06018144264817238,0.0012707916321232915,0.9983819127082825,-0.05628977343440056,-0.06030180677771568,0.05525914952158928,0.9964485764503479
0.9980772137641907,0.0024589612148702145,0.06236286461353302,0.000917149824090302,0.9985082745552063,-0.05387020856142044,-0.06230489909648895,0.052998367697000504,0.9967435598373413
0.9978665113449097,0.0011855418561026454,0.0643739253282547,0.0021099287550896406,0.9986200928688049,-0.05137990415096283,-0.0641423836350441,0.05077802762389183,0.9970564246177673
0.9976385831832886,0.0032437739428132772,0.06641653180122375,-6.862952432129532e-05,0.998731255531311,-0.048467814922332764,-0.06628086417913437,0.04796750843524933,0.9973803162574768
0.9976698756217957,0.004459768999367952,-0.06449776142835617,-0.0012364339781925082,0.9985941052436829,0.050537511706352234,0.06462348252534866,-0.050191979855298996,0.997681736946106
0.997664749622345,0.004349264316260815,0.06348172575235367,-0.0010852625127881765,0.9985095262527466,-0.051107052713632584,-0.06396894156932831,0.051116544753313065,0.9979708790779114
0.9970428347587585,-0.0019027120433747768,-0.07301270961761475,-0.0006669307476840913,0.9991572499275208,-0.034940000623464584,0.07393785566091537,0.035354651510715485,0.9982703328132629
0.9992924332618713,0.00029353663558140397,0.04993204399943352,-0.0038580780383199453,0.9979587197303772,0.0631646066904068,-0.050285838544368744,-0.06510999798774719,0.9942041039466858
0.9996300935745239,-0.006822321098297834,0.04264739528298378,0.003390258876606822,0.9977800846099854,0.06895000487565994,-0.04287293553352356,-0.06960878521203995,0.9942814111709595
0.9997283816337585,-0.008964519016444683,0.040376290678977966,0.00560378422960639,0.9977329969406128,0.0705181285738945,-0.04020936042070389,-0.07087862491607666,0.9944067001342773
1.00011146068573,-0.006077568978071213,0.0277811661362648,0.003492884337902069,0.9972338080406189,0.07702366262674332,-0.026391008868813515,-0.07705062627792358,0.9945440888404846
0.9999432563781738,-0.0008262795163318515,0.020002614706754684,-0.0013399847084656358,0.9969097375869751,0.07955891638994217,-0.01741841621696949,-0.07968328893184662,0.9950554370880127
0.9998543858528137,0.004752436187118292,0.008997325785458088,-0.005959128495305777,0.9967826008796692,0.08120148628950119,-0.005923455115407705,-0.08149001002311707,0.9956158995628357
0.9991775751113892,-0.008006712421774864,0.03950381278991699,0.005387615878134966,0.9974782466888428,0.07121267169713974,-0.04228909686207771,-0.0700422003865242,0.9958866238594055
0.9999972581863403,0.0015334759373217821,-0.021424587815999985,-0.0027516232803463936,0.9968738555908203,-0.07907278835773468,0.023167559877038002,0.07849391549825668,0.9957771301269531
0.9991350173950195,-0.009111478924751282,0.04307985305786133,0.0067024994641542435,0.997353732585907,0.06927492469549179,-0.0451008640229702,-0.06793764978647232,0.9962576627731323
0.9985029697418213,0.00890129990875721,0.05730637162923813,-0.005914783570915461,0.9980525374412537,-0.05821317061781883,-0.058613233268260956,0.05678998678922653,0.9963961839675903
0.9982770681381226,0.008815119974315166,0.06171008199453354,-0.005721405614167452,0.9983482360839844,-0.05369444191455841,-0.06256747245788574,0.052376750856637955,0.9965311884880066
0.9981549382209778,0.00983502622693777,0.06314019858837128,-0.006695296615362167,0.9984645247459412,-0.05202334374189377,-0.0636887177824974,0.050799593329429626,0.9967216849327087
0.9979823231697083,0.011293877847492695,0.06491447240114212,-0.008140099234879017,0.9985910654067993,-0.049668941646814346,-0.06518794596195221,0.04856572300195694,0.9969488382339478
0.9976771473884583,-0.0009283945546485484,0.06819964945316315,0.004036703146994114,0.9988554120063782,-0.04609445109963417,-0.06771016120910645,0.045869603753089905,0.9971283078193665
0.9975890517234802,0.008457798510789871,-0.06683817505836487,-0.005261128302663565,0.9987578988075256,0.04727815091609955,0.06682655215263367,-0.04685896262526512,0.9974647760391235
0.997491717338562,0.0007240975392051041,0.06743180751800537,0.0024753252509981394,0.9988020062446594,-0.046473272144794464,-0.06733119487762451,0.04663597047328949,0.9977050423622131
0.9971393942832947,0.0023831746075302362,0.07141735404729843,0.0005103842122480273,0.9990788698196411,-0.039012156426906586,-0.07185685634613037,0.03946617618203163,0.9979066252708435
0.9964927434921265,-0.0028811772353947163,-0.07866512984037399,0.001640874077565968,0.9997770190238953,-0.01813645288348198,0.07972223311662674,0.01858677715063095,0.9982000589370728
0.9986177086830139,0.0030636403243988752,-0.05837932974100113,-0.0065011815167963505,0.998708188533783,-0.05637287721037865,0.05734739080071449,0.05747419595718384,0.9946300983428955
0.9987722039222717,-0.0066625517792999744,0.05653155967593193,0.0028019819874316454,0.9984296560287476,0.05773267522454262,-0.05712035298347473,-0.058953650295734406,0.9949045777320862
0.9991939067840576,-0.02168109267950058,0.0467238575220108,0.018029507249593735,0.9980930685997009,0.06367462873458862,-0.04789156839251518,-0.06334670633077621,0.9947041273117065
0.9994679689407349,-0.023455088958144188,0.04083355516195297,0.019957730546593666,0.9978570938110352,0.06737842410802841,-0.04134758189320564,-0.06698260456323624,0.9947087168693542
0.9990272521972656,0.012521307915449142,0.034115269780159,-0.01430248562246561,0.9970487952232361,0.07283807545900345,-0.0304463729262352,-0.07492305338382721,0.996096134185791
0.9989400506019592,0.010487073101103306,0.028173916041851044,-0.012248163111507893,0.9969267845153809,0.07574732601642609,-0.025000328198075294,-0.07718561589717865,0.9965215921401978
0.9992563724517822,0.009289583191275597,0.018010074272751808,-0.01048046164214611,0.996757984161377,0.07881484925746918,-0.015471480786800385,-0.07998467236757278,0.9966787695884705
0.9994741082191467,-0.008629945106804371,0.0033733730670064688,0.008451377972960472,0.9967514276504517,0.08084451407194138,-0.005913163535296917,-0.08141885697841644,0.9965965151786804
0.9991984963417053,-0.009290507063269615,0.031284552067518234,0.0074971700087189674,0.9971327185630798,0.07463458180427551,-0.03366614878177643,-0.07431510835886002,0.9965893030166626
0.9988714456558228,-0.008590717799961567,0.04631398618221283,0.005984089802950621,0.9976300001144409,0.06655870378017426,-0.04817172884941101,-0.06595110893249512,0.9965824484825134
0.9983189702033997,0.00818859227001667,0.05896150320768356,-0.0051482198759913445,0.9983149766921997,-0.055895816534757614,-0.060364704579114914,0.05508142337203026,0.996573269367218
0.9981024861335754,0.008532843552529812,0.0632384717464447,-0.005495735909789801,0.9985817670822144,-0.05120446905493736,-0.06434018909931183,0.05028305947780609,0.9966030120849609
0.9979877471923828,0.009394151158630848,-0.06530474871397018,-0.006364891305565834,0.9987131953239441,0.04874274879693985,0.06610073149204254,-0.04775752127170563,0.9966932535171509
0.9979134202003479,0.010456938296556473,0.06661897152662277,-0.007420561276376247,0.9987813234329224,-0.04711003601551056,-0.06708879768848419,0.04612754285335541,0.9968269467353821
0.9977295994758606,0.011122360825538635,0.06928980350494385,-0.008106107823550701,0.9989416599273682,-0.04324953258037567,-0.0693797916173935,0.04237331822514534,0.9970067143440247
0.9976593255996704,0.011317254975438118,0.06880316883325577,-0.008215628564357758,0.9989174604415894,-0.04408445581793785,-0.06867099553346634,0.04341965541243553,0.9972575902938843
0.9974167346954346,-0.002466151025146246,0.06983345746994019,0.005523666739463806,0.9989852905273438,-0.0431387834250927,-0.06928931176662445,0.043412405997514725,0.9975479245185852
0.9971257448196411,-0.0023355993907898664,0.07250561565160751,0.005187619477510452,0.9991304874420166,-0.0377291701734066,-0.07233544439077377,0.03830773010849953,0.9977877736091614
0.9990032911300659,0.0005719500477425754,-0.04003700613975525,0.0023259755689650774,0.9971476197242737,0.07082636654376984,0.0406917966902256,-0.0711432695388794,0.9979535341262817
0.9990660548210144,0.011221254244446754,-0.04770621284842491,-0.007682446856051683,0.9979804158210754,0.06422220915555954,0.04877644032239914,-0.06541765481233597,0.9953234791755676
0.9981796741485596,0.008988372050225735,-0.06372226774692535,-0.012002300471067429,0.998770534992218,-0.04945714771747589,0.06236613169312477,0.05168480798602104,0.9954875707626343
0.9984198808670044,-0.020100818946957588,0.05905814468860626,0.016393382102251053,0.9986721277236938,0.05283734202384949,-0.0600036196410656,-0.05294834449887276,0.9952629208564758
0.9988875985145569,-0.015661174431443214,0.0527501218020916,0.01202963013201952,0.998223602771759,0.06066915765404701,-0.05225503817200661,-0.061457131057977676,0.9953323006629944
0.9987388849258423,0.008442153222858906,0.046965353190898895,-0.01086429599672556,0.9972008466720581,0.0660887062549591,-0.04427303373813629,-0.06837937980890274,0.9965624213218689
0.9986281991004944,0.008728614076972008,0.04189487174153328,-0.011032840237021446,0.9972070455551147,0.06937222182750702,-0.03952445089817047,-0.07107547670602798,0.996978759765625
0.9988866448402405,0.008381405845284462,0.03750351816415787,-0.01076794695109129,0.9971998929977417,0.07171110063791275,-0.035872627049684525,-0.07320358604192734,0.9971057176589966
0.9992607831954956,0.008182200603187084,0.02913631685078144,-0.010205605998635292,0.9970046281814575,0.07534463703632355,-0.027680952101945877,-0.07670515030622482,0.9970192909240723
0.9996626973152161,0.008459624834358692,-0.01259180624037981,-0.009349350817501545,0.9967594146728516,-0.07966366410255432,0.010997029952704906,0.08082807809114456,0.9969134330749512
0.9992987513542175,-0.010282100178301334,0.03048088029026985,0.008189918473362923,0.9972155094146729,0.07458196580410004,-0.03246074914932251,-0.0747932717204094,0.996823251247406
0.9985702633857727,0.009753446094691753,-0.05173240974545479,-0.006812771316617727,0.998028576374054,0.0619848296046257,0.0535309873521328,-0.061605796217918396,0.9967290759086609
0.9980429410934448,0.009157481603324413,0.06233477592468262,-0.006134532392024994,0.9986061453819275,-0.05157643184065819,-0.06386284530162811,0.05088676139712334,0.9966768622398376
0.9978612661361694,0.00933573767542839,0.06577885895967484,-0.006399758160114288,0.9988239407539368,-0.0473359152674675,-0.0670725405216217,0.046498559415340424,0.9966640472412109
0.9978152513504028,0.00925232283771038,0.06705760955810547,-0.006325807888060808,0.9988967180252075,-0.04589737579226494,-0.06804752349853516,0.04501177370548248,0.996691107749939
0.9977708458900452,0.00937135610729456,0.06830370426177979,-0.006440906785428524,0.9989539384841919,-0.04444392770528793,-0.06894239783287048,0.04355455935001373,0.9967600107192993
0.9975743293762207,0.010491762310266495,0.07108205556869507,-0.0076699024066329,0.9991186857223511,-0.04003554955124855,-0.07136988639831543,0.03913678973913193,0.9968888163566589
0.9975523352622986,0.010852962732315063,0.07155172526836395,-0.007974550127983093,0.9991351962089539,-0.03943593055009842,-0.07150111347436905,0.038726888597011566,0.9970617294311523
0.9973674416542053,0.011764750815927982,0.07271295040845871,-0.0089379558339715,0.999244749546051,-0.03712090104818344,-0.07243629544973373,0.036627210676670074,0.997289776802063
0.9969645142555237,-0.004234606400132179,0.07579872012138367,0.006682972889393568,0.9993653297424316,-0.031167346984148026,-0.07519356906414032,0.03186429291963577,0.9976055026054382
0.9965523481369019,-0.0008647756767459214,0.07974547147750854,0.002370511181652546,0.9996472001075745,-0.01770935021340847,-0.07973966002464294,0.01859406754374504,0.997874915599823
0.9967465996742249,-0.0026464988477528095,-0.08136866986751556,0.003352567320689559,0.9997197389602661,0.006052863784134388,0.08113202452659607,-0.005436195060610771,0.9990847110748291
0.9969602227210999,-0.010202273726463318,-0.0802994892001152,0.010761192068457603,0.9998008608818054,0.006762743461877108,0.08069673180580139,-0.009293043985962868,0.9960881471633911
0.9967800974845886,-0.006214994005858898,-0.08055470883846283,0.0076573435217142105,0.9997416138648987,0.009111185558140278,0.08108823001384735,-0.011226831935346127,0.9962653517723083
0.9981098175048828,0.004062429070472717,-0.06520187109708786,-0.00720237847417593,0.9982030391693115,-0.04892192408442497,0.06404267251491547,0.05086277425289154,0.9963740706443787
0.9983074069023132,0.00422264588996768,0.05974012240767479,-0.00708653312176466,0.9978142976760864,0.055859923362731934,-0.058007851243019104,-0.05745076388120651,0.9968498945236206
0.9982932806015015,0.005745389498770237,0.05450156703591347,-0.008652680553495884,0.9976997375488281,0.06088372319936752,-0.052924368530511856,-0.06208907812833786,0.997316300868988
0.998428225517273,0.006846127565950155,0.051674194633960724,-0.009930458851158619,0.997703492641449,0.06284260004758835,-0.05054746940732002,-0.06408782303333282,0.9974362254142761
0.9986035227775574,0.006573107093572617,0.048989683389663696,-0.009660379961133003,0.9977102875709534,0.06461290270090103,-0.048201680183410645,-0.06600316613912582,0.9972867965698242
0.998940646648407,0.006629493087530136,0.04327061027288437,-0.009510697796940804,0.9975025057792664,0.0683249980211258,-0.04252413287758827,-0.06975503265857697,0.9971243739128113
0.999082624912262,-0.006632308475673199,0.04078010469675064,0.009342780336737633,0.9974610209465027,-0.0696808323264122,-0.040037237107753754,0.07119883596897125,0.9969863891601562
0.9976224303245544,0.010068211704492569,-0.0675618052482605,-0.007266633678227663,0.9989670515060425,0.043984707444906235,0.06918445974588394,-0.04327550157904625,0.9969003796577454
0.9977468252182007,0.009377107955515385,0.06613543629646301,-0.0064743924885988235,0.9988952279090881,-0.0462854728102684,-0.06770846247673035,0.045641154050827026,0.9968064427375793
0.997671902179718,0.008268705569207668,0.06753189861774445,-0.005388212855905294,0.9989832639694214,-0.04454516991972923,-0.06895091384649277,0.043883465230464935,0.9967471957206726
0.9975021481513977,0.008594293147325516,-0.07041480392217636,-0.005928544327616692,0.9991644024848938,0.040028780698776245,0.07165844738483429,-0.039210475981235504,0.9967177510261536
0.99748694896698,0.008730576373636723,0.0709536001086235,-0.006088068708777428,0.999188244342804,-0.03944460302591324,-0.07196355611085892,0.03856772556900978,0.9967107176780701
0.9975410103797913,0.008731566369533539,0.07083447277545929,-0.006026392802596092,0.9991526007652283,-0.040151871740818024,-0.07154516130685806,0.03928161785006523,0.9967337250709534
0.9973949193954468,0.009815598838031292,0.07321102917194366,-0.00726885162293911,0.9992823600769043,-0.03593507409095764,-0.07355807721614838,0.03503027558326721,0.9968170523643494
0.9973135590553284,0.010577709414064884,0.0740651860833168,-0.0080331489443779,0.9993178248405457,-0.034389544278383255,-0.07412023842334747,0.03361067175865173,0.996918797492981
0.9972506761550903,0.011141378432512283,0.07483043521642685,-0.008683609776198864,0.9993630051612854,-0.03291083499789238,-0.07457119226455688,0.03230029717087746,0.9970721006393433
0.9969308376312256,-0.00309460680000484,0.07713096588850021,0.005331502761691809,0.9994374513626099,-0.028528394177556038,-0.07638469338417053,0.029150759801268578,0.9973304867744446
0.9965306520462036,0.001544229337014258,0.08092866837978363,-0.000345914886565879,0.9997562766075134,-0.013421696610748768,-0.0805954858660698,0.014333558268845081,0.9975694417953491
0.99802166223526,0.009790634736418724,0.06295764446258545,-0.006426049396395683,0.9985834956169128,-0.05070183053612709,-0.06302311271429062,0.0524306558072567,0.9970806837081909
0.99773770570755,0.0076912459917366505,-0.06727724522352219,-0.010368560440838337,0.998798131942749,-0.045236602425575256,0.06664084643125534,0.047165654599666595,0.9967293739318848
0.9979932308197021,-0.012030712328851223,-0.06570853292942047,0.008844864554703236,0.9987009167671204,-0.047611087560653687,0.06575386226177216,0.04799690470099449,0.9965096116065979
0.9979475140571594,0.0019425252685323358,-0.06616221368312836,-0.004865176044404507,0.9985286593437195,-0.048623986542224884,0.06504646688699722,0.04948248341679573,0.9968888759613037
0.9980607628822327,0.0030186951626092196,0.06295556575059891,-0.006155036855489016,0.9983132481575012,0.052932459861040115,-0.06182185187935829,-0.0534689836204052,0.997279942035675
0.9980970621109009,0.004481115378439426,0.05957841873168945,-0.007793933618813753,0.9981881976127625,0.056346580386161804,-0.0585966557264328,-0.056988444179296494,0.9974594116210938
0.9981634616851807,0.005658684764057398,0.05804671719670296,-0.00905000139027834,0.9981511831283569,0.0572904534637928,-0.057340964674949646,-0.05821487307548523,0.9974624514579773
0.9981664419174194,0.004336030688136816,0.05869843438267708,-0.0076866005547344685,0.9982745051383972,0.05629562959074974,-0.058367494493722916,-0.05745983123779297,0.9972995519638062
0.9983221292495728,0.004750450141727924,0.05687258765101433,-0.00806064810603857,0.9982028007507324,0.05780700594186783,-0.05658862367272377,-0.05913040041923523,0.997160017490387
0.9979092478752136,-0.004540369845926762,0.064326211810112,0.007700152695178986,0.9986945390701294,-0.049183670431375504,-0.0643252357840538,0.05062534660100937,0.9970278739929199
0.9967426657676697,0.006582219153642654,-0.08058196306228638,-0.007199703250080347,0.9998887777328491,-0.00661645270884037,0.08139462023973465,0.007931288331747055,0.9969421625137329
0.9969670176506042,0.006830683443695307,0.07763057202100754,-0.005162646993994713,0.9996993541717529,-0.02286614291369915,-0.0788365826010704,0.021948182955384254,0.9968503713607788
0.9972941875457764,0.006648377049714327,0.07314429432153702,-0.0041971355676651,0.9993684887886047,-0.034844573587179184,-0.07439637184143066,0.03413095325231552,0.9967925548553467
0.9972374439239502,0.0064956145361065865,0.0743023008108139,-0.004195679910480976,0.9994392991065979,-0.032592643052339554,-0.07540028542280197,0.031840477138757706,0.9967435002326965
0.9972333312034607,0.006860428024083376,0.0745614692568779,-0.0045892721973359585,0.9994446039199829,-0.03238442912697792,-0.07545241713523865,0.031594809144735336,0.9967139363288879
0.9972872138023376,0.006662291474640369,0.07430053502321243,-0.004312558565288782,0.9994054436683655,-0.03359080106019974,-0.07490752637386322,0.03283555060625076,0.9967005848884583
0.997128963470459,0.00811073649674654,0.07671015709638596,-0.006061230786144733,0.9995418787002563,-0.02804168127477169,-0.07697045058012009,0.02720233052968979,0.9967458844184875
0.997035026550293,0.008997149765491486,0.07790294289588928,-0.007092354819178581,0.9996007680892944,-0.02502414584159851,-0.07783051580190659,0.02429123781621456,0.996808648109436
0.9970040321350098,0.009887073189020157,0.0784868597984314,-0.008019128814339638,0.9996097087860107,-0.02354958839714527,-0.07806173712015152,0.0230204239487648,0.9969211220741272
0.9967348575592041,-0.0032098516821861267,0.08023405820131302,0.00476528936997056,0.9996886253356934,-0.018717743456363678,-0.07946556806564331,0.01949734427034855,0.9971052408218384
0.9965022802352905,0.00325126014649868,-0.08228258788585663,-0.003008035244420171,0.9999312162399292,0.000910614209715277,0.0817798376083374,-0.001738254795782268,0.9971606731414795
0.9975340366363525,0.007796090096235275,-0.06975828856229782,-0.004725246224552393,0.9988585710525513,0.04271126911044121,0.06936230510473251,-0.0439058355987072,0.9977290630340576
0.9976049661636353,0.007143505848944187,-0.06760415434837341,-0.009951060637831688,0.9987591505050659,-0.045375678688287735,0.06726817786693573,0.04682578518986702,0.9971358776092529
0.9968622922897339,-0.0027519185096025467,-0.08139397203922272,0.0038616214878857136,0.9997026920318604,0.010736114345490932,0.08101868629455566,-0.011589589528739452,0.9969441890716553
0.9976450204849243,0.001021496718749404,-0.0699523463845253,0.001861901837401092,0.9988829493522644,0.04362509027123451,0.06918731331825256,-0.04384176433086395,0.9971075654029846
0.997618556022644,0.0003180472122039646,0.06910528242588043,-0.0034438101574778557,0.9988820552825928,0.04498277232050896,-0.06832911819219589,-0.04514895752072334,0.9972953796386719
0.9975425004959106,0.0019328384660184383,0.06883693486452103,-0.005109588149935007,0.9988873600959778,0.044887397438287735,-0.06824659556150436,-0.04535416513681412,0.9973805546760559
0.9974828958511353,0.0038296182174235582,0.06910060346126556,-0.006954935844987631,0.9989274740219116,0.043725255876779556,-0.06870144605636597,-0.044532790780067444,0.9973607063293457
0.9974454641342163,0.002623112639412284,0.07002774626016617,-0.005626825615763664,0.9990420341491699,0.04178764298558235,-0.06997568905353546,-0.042736414819955826,0.997249186038971
0.9974292516708374,0.003390134545043111,0.07084745913743973,-0.006279740482568741,0.9991194009780884,0.039895396679639816,-0.07093384116888046,-0.041013918817043304,0.9971602559089661
0.9971445798873901,0.0036899177357554436,0.07519571483135223,-0.006015986204147339,0.9994639158248901,0.030555009841918945,-0.07554510235786438,-0.03174584358930588,0.9970582723617554
0.9967809915542603,0.00525378342717886,-0.08006302267313004,-0.0063276998698711395,0.9998454451560974,-0.012517963536083698,0.08070933073759079,0.013715186156332493,0.996987521648407
0.996712863445282,0.004806042183190584,0.08094999939203262,-0.004502878524363041,0.999934196472168,-0.004795728716999292,-0.08183424919843674,0.003817569697275758,0.9968999624252319
0.996878445148468,0.004820605274289846,0.0787339136004448,-0.0033671848941594362,0.9997626543045044,-0.019683659076690674,-0.07971584051847458,0.01892024278640747,0.9968365430831909
0.9969320297241211,0.004187788814306259,0.07834988832473755,-0.0025964074302464724,0.9997261166572571,-0.021637866273522377,-0.07922576367855072,0.020970569923520088,0.9967688322067261
0.9969639778137207,0.004303686320781708,0.0782342404127121,-0.002659478224813938,0.9997050166130066,-0.022631241008639336,-0.07893183082342148,0.021990478038787842,0.9967132806777954
0.99704909324646,0.0043154372833669186,0.07756900787353516,-0.0024795951321721077,0.9996362328529358,-0.025570129975676537,-0.07801588624715805,0.024980032816529274,0.9966714978218079
0.9969391822814941,0.005964275915175676,0.07931407541036606,-0.004482018295675516,0.999725878238678,-0.020215388387441635,-0.07942411303520203,0.01953614316880703,0.9966822862625122
0.9968734383583069,0.007001043763011694,0.08047118782997131,-0.0057856980711221695,0.9997745156288147,-0.01607719622552395,-0.08021435141563416,0.01548820361495018,0.9967124462127686
0.9967619776725769,-0.001949919038452208,0.08125901967287064,0.0031049782410264015,0.9997849464416504,-0.01424500998109579,-0.08054743707180023,0.014607474207878113,0.9968079328536987
0.9965982437133789,-0.0023337742313742638,0.08210761845111847,0.003052211133763194,0.9998663663864136,-0.00845442432910204,-0.0814233049750328,0.009286938235163689,0.996868908405304
0.9970385432243347,-0.003317287191748619,-0.07585244625806808,0.005811101756989956,0.9994498491287231,0.032273270189762115,0.07552415132522583,-0.031359922140836716,0.9968369603157043
0.9970586895942688,0.0054395259357988834,-0.07584697753190994,-0.002997597446665168,0.9992029070854187,0.03262344375252724,0.07521721720695496,-0.0335020050406456,0.9983502626419067
0.9966678619384766,-0.006004014052450657,-0.08032014220952988,0.007170820143073797,0.9996267557144165,0.015678614377975464,0.08066115528345108,-0.0165488813072443,0.9973569512367249
0.9975753426551819,0.001028801198117435,-0.07245301455259323,0.0016465862281620502,0.999091625213623,0.03918146342039108,0.07186602801084518,-0.03924693539738655,0.997049868106842
0.9974014759063721,0.0014195917174220085,-0.07279519736766815,0.0013780563604086637,0.9991381764411926,0.03896356001496315,0.07216446846723557,-0.03889454901218414,0.9971941709518433
0.9973570108413696,0.0003927983343601227,-0.07245886325836182,0.0025341701693832874,0.9991535544395447,0.03939197212457657,0.07182830572128296,-0.03945895656943321,0.9972689747810364
0.9972918033599854,-0.0005339239723980427,0.07268790900707245,-0.002382841194048524,0.999207615852356,0.03848007693886757,-0.0722811296582222,-0.0387975350022316,0.9973146319389343
0.9972244501113892,0.0006386302993632853,0.07302531599998474,-0.0034499731846153736,0.9992569088935852,0.037235673516988754,-0.07281312346458435,-0.037813834846019745,0.9972778558731079
0.9971585273742676,-0.0003931763640139252,0.07417893409729004,-0.0022222523111850023,0.9993709325790405,0.034356094896793365,-0.07424943149089813,-0.03498957306146622,0.997183084487915
0.997032642364502,0.0012273660395294428,0.07614143192768097,-0.0035117114894092083,0.999522864818573,0.029169155284762383,-0.07635750621557236,-0.029971163719892502,0.9971201419830322
0.9968620538711548,0.0016346066258847713,-0.07873813062906265,-0.003297411371022463,0.9997410774230957,-0.020634019747376442,0.0791703388094902,0.02147503010928631,0.9970495104789734
0.9967067241668701,0.003201060928404331,0.08082500845193863,-0.003963823430240154,0.9999066591262817,0.008611168712377548,-0.08142988383769989,-0.009493098594248295,0.9969967603683472
0.9966793656349182,0.003144956426694989,0.0812666267156601,-0.0031283446587622166,0.9999422430992126,-0.001101099536754191,-0.08199268579483032,0.0003157061873935163,0.9969173669815063
0.9967517852783203,0.0032318674493581057,0.08038745075464249,-0.0023373549338430166,0.9998711347579956,-0.012227999977767467,-0.0811632052063942,0.011584670282900333,0.9968438744544983
0.9968242645263672,0.0025689720641821623,0.07966218143701553,-0.0013274025404825807,0.9998070001602173,-0.016817044466733932,-0.08035989105701447,0.016314104199409485,0.9967719316482544
0.9968661069869995,0.002767876023426652,0.07942231744527817,-0.001424442627467215,0.9997718334197998,-0.018566865473985672,-0.07996216416358948,0.018108690157532692,0.9967089295387268
0.9969332814216614,0.0027991668321192265,0.07901377975940704,-0.001291524269618094,0.9997164607048035,-0.021113159134984016,-0.07931101322174072,0.02071944996714592,0.9966486096382141
0.9968709349632263,0.003919270355254412,0.08032387495040894,-0.0027328997384756804,0.9997739791870117,-0.016592223197221756,-0.08029346168041229,0.016165582463145256,0.9966228604316711
0.9968236684799194,0.004890995565801859,0.08166642487049103,-0.004129662644118071,0.9998179078102112,-0.010070945136249065,-0.08125130832195282,0.0097656873986125,0.9966149926185608
0.9966567158699036,-0.0006175506860017776,0.08247136324644089,0.0010646854061633348,0.9998700022697449,-0.0050238086842000484,-0.08172214031219482,0.00544683076441288,0.996675968170166
0.9966024160385132,-0.0010153882903978229,0.08265749365091324,0.0007642967393621802,0.999935507774353,0.00287032057531178,-0.08202927559614182,-0.002027321606874466,0.996616780757904
0.9972557425498962,-0.003287648316472769,-0.07412659376859665,0.006025271024554968,0.9992789030075073,0.03675607964396477,0.07347023487091064,-0.0358240120112896,0.9965482950210571
0.9968433380126953,0.0035182617139071226,0.07888375967741013,-0.0016037230379879475,0.9993821382522583,-0.025904424488544464,-0.07850315421819687,0.026422331109642982,0.9991776347160339
0.9966517090797424,-0.0067347814328968525,-0.07959625124931335,0.008251951076090336,0.999599814414978,0.019306382164359093,0.0799395740032196,-0.01984546147286892,0.9975396394729614
0.9973958134651184,0.0020702702458947897,-0.07472922652959824,0.0004166272992733866,0.9992953538894653,0.034823302179574966,0.07427030801773071,-0.03458373621106148,0.9971312880516052
0.9971951246261597,0.00195272674318403,-0.07541583478450775,0.0005946391029283404,0.9993703365325928,0.033664654940366745,0.07485970854759216,-0.03341292589902878,0.997212290763855
0.9971045255661011,0.0007076937472447753,-0.07572536915540695,0.0018642249051481485,0.9994166493415833,0.032671716064214706,0.0751766487956047,-0.03267940878868103,0.9972639679908752
0.9970251321792603,0.00024245184613391757,-0.0762067586183548,0.0022109760902822018,0.9994747042655945,0.030940664932131767,0.07587841898202896,-0.031191207468509674,0.9972819685935974
0.9969818592071533,0.0012210269924253225,0.07643292844295502,-0.003541171783581376,0.9995045065879822,0.029696470126509666,-0.07626456767320633,-0.030180703848600388,0.9972264170646667
0.9969144463539124,-0.0008460948010906577,-0.07761527597904205,-0.0012074545957148075,0.9996339678764343,-0.025951525196433067,0.07769682258367538,0.026409169659018517,0.9971383810043335
0.9968129992485046,-0.00043820845894515514,-0.07898233085870743,-0.0012465969193726778,0.9997524619102478,-0.02085862308740616,0.07921791821718216,0.02138601988554001,0.9970769286155701
0.996738612651825,-0.0007896380266174674,0.08013497292995453,-0.00046134894364513457,0.9998542070388794,0.015223298221826553,-0.0805278941988945,-0.015726424753665924,0.9970201849937439
0.9966679215431213,-0.00021321263920981437,0.08114635944366455,-0.00042892733472399414,0.9999366402626038,0.007476156111806631,-0.08165669441223145,-0.007977481000125408,0.9969738125801086
0.996659517288208,-0.0005409432342275977,0.08144937455654144,0.0005663474439643323,0.9999558925628662,-0.0006603476358577609,-0.08204439282417297,0.0002720094344113022,0.996902346611023
0.9966832995414734,0.0004700022400356829,0.08133773505687714,-0.00014344858936965466,0.9999270439147949,-0.0046959626488387585,-0.08191993087530136,0.004307795315980911,0.9968335628509521
0.9967054128646851,-3.13488781102933e-05,0.08128034323453903,0.0005020708194933832,0.9999052882194519,-0.006643380969762802,-0.08177404850721359,0.006375141441822052,0.9967593550682068
0.996730387210846,0.0007223524735309184,0.08136527985334396,-0.00022116898617241532,0.9998818039894104,-0.007355246227234602,-0.0817028284072876,0.007121887523680925,0.9966878294944763
0.9967671632766724,0.0012758030788972974,0.0813213363289833,-0.0006053746910765767,0.999847412109375,-0.009790970012545586,-0.08143111318349838,0.00963397417217493,0.9966108798980713
0.9967509508132935,0.002041676314547658,0.08204365521669388,-0.001773121184669435,0.9998524188995361,-0.004351004026830196,-0.08184270560741425,0.004255600739270449,0.9965576529502869
0.9967518448829651,0.00257939868606627,0.0824078842997551,-0.002696206094697118,0.9998437166213989,0.0018231706926599145,-0.08192087709903717,-0.0017068961169570684,0.9965081810951233
0.9966627359390259,5.060772309661843e-06,0.08252521604299545,-0.00039699935587123036,0.9999155402183533,0.004912727512419224,-0.081814244389534,-0.004353789146989584,0.9965107440948486
0.9967262148857117,0.0006429955246858299,0.08185147494077682,-0.0017383883241564035,0.9999145865440369,0.012743263505399227,-0.08119148015975952,-0.011991631239652634,0.9963571429252625
0.9974971413612366,-0.0036659783218055964,-0.07211717218160629,0.006491353735327721,0.9990357756614685,0.041340578347444534,0.07126930356025696,-0.03995200991630554,0.9960973262786865
0.9966113567352295,-0.005597041919827461,-0.07895147055387497,0.007474057842046022,0.9995816349983215,0.022557467222213745,0.07927568256855011,-0.02276417426764965,0.9976919889450073
0.9972110986709595,0.0019197511719539762,-0.07638885080814362,0.0004407921514939517,0.999439537525177,0.03104347549378872,0.07610026746988297,-0.030668219551444054,0.9971898198127747
0.9971129298210144,0.0013816308928653598,-0.07684024423360825,0.0009234149474650621,0.9995095729827881,0.030175458639860153,0.07630196213722229,-0.02987365983426571,0.9971809983253479
0.9969572424888611,0.00015240984794218093,0.07753386348485947,0.0021138633601367474,0.999553918838501,-0.02808864414691925,-0.07702309638261795,0.028050580993294716,0.9972564578056335
0.9968670010566711,-0.0007003536447882652,0.07811977714300156,-0.0013891614507883787,0.9996116757392883,0.025739749893546104,-0.07787853479385376,-0.02587018720805645,0.9972366094589233
0.9968715310096741,0.0001587844017194584,0.07813290506601334,-0.0021660509519279003,0.9996305704116821,0.02502480521798134,-0.07803284376859665,-0.025340620428323746,0.9971523284912109
0.9968233108520508,-0.0020410518627613783,0.07895609736442566,0.0002912164491135627,0.9997270107269287,0.021712958812713623,-0.0790361613035202,-0.02195981703698635,0.9970841407775879
0.9967182874679565,-0.0022081967908889055,0.08031199127435684,0.0009594584116712213,0.9998496174812317,0.015357529744505882,-0.08052593469619751,-0.015612880699336529,0.9970375299453735
0.9966744780540466,-0.0029172685462981462,0.08084043860435486,0.0019827287178486586,0.9999018907546997,0.011442719958722591,-0.08116820454597473,-0.011645520105957985,0.9969947934150696
0.9966444969177246,-0.0021797032095491886,0.08134179562330246,0.0016571006271988153,0.9999316930770874,0.006270930171012878,-0.081754669547081,-0.006486130878329277,0.9969578385353088
0.9966443777084351,-0.0024580296594649553,0.08153073489665985,0.002470847452059388,0.9999308586120605,-0.00032500646193511784,-0.08200052380561829,0.00022327076294459403,0.9969006180763245
0.9966654181480408,-0.00135888927616179,0.0815778523683548,0.0012927004136145115,0.9999010562896729,0.0003764693683478981,-0.08202178031206131,-0.0004908082773908973,0.9968268275260925
0.996681809425354,-0.0011789437849074602,0.08163902908563614,0.00096831691917032,0.9998748302459717,0.0019635988865047693,-0.08199187368154526,-0.002001166343688965,0.9967426657676697
0.9967122077941895,-3.099475725321099e-05,0.0817500427365303,-0.0002816581982187927,0.9998512268066406,0.003221402643248439,-0.08195327967405319,-0.003221530234441161,0.9966466426849365
0.9967417120933533,0.00045482206041924655,0.08188889920711517,-0.0008864367264322937,0.999839186668396,0.004677146673202515,-0.08187419921159744,-0.004569157492369413,0.9965464472770691
0.9968187212944031,-0.0013381106546148658,0.0811367779970169,0.0023644911125302315,0.9997401833534241,-0.01350108627229929,-0.08088187128305435,0.013262194581329823,0.9964621067047119
0.9974777698516846,-0.000723404751624912,0.07184971868991852,0.0034419188741594553,0.999122142791748,-0.04049084708094597,-0.07158570736646652,0.039917755872011185,0.996380090713501
0.9973079562187195,-0.00295171607285738,0.07473603636026382,0.005562948063015938,0.9993865489959717,-0.03514957055449486,-0.07419238984584808,0.03460204601287842,0.9962753057479858
0.9971350431442261,0.0027236139867454767,-0.07786514610052109,-0.004955718293786049,0.9996598362922668,-0.028302306309342384,0.07714920490980148,0.027722548693418503,0.9960145950317383
0.9969438910484314,-0.006026722956448793,-0.07462821155786514,0.00881741102784872,0.9992055296897888,0.03430687636137009,0.07500956952571869,-0.03444841131567955,0.9978752136230469
0.9974071383476257,0.0031440311577171087,0.07202845811843872,-0.0001945164258359,0.9991081953048706,-0.040126118808984756,-0.07201146334409714,0.03955172002315521,0.9972453117370605
0.9969392418861389,0.0009810138726606965,0.07974902540445328,0.0006763896089978516,0.9997395277023315,-0.02100944146513939,-0.0792488157749176,0.020693929865956306,0.9971182942390442
0.9967486262321472,9.583638166077435e-05,0.0801752358675003,0.001486790832132101,0.9997764825820923,-0.01923474669456482,-0.07970096170902252,0.019120804965496063,0.9972195625305176
0.9966862201690674,-0.000856948085129261,0.08043348789215088,-0.0005780284991487861,0.9998003244400024,0.017217831686139107,-0.08021549135446548,-0.01721305400133133,0.9972084760665894
0.9967471361160278,-0.000742147327400744,0.07986567169427872,-0.0008160638390108943,0.9997666478157043,0.01890225149691105,-0.0798172652721405,-0.019033851101994514,0.9971218109130859
0.9967235922813416,-0.0022087048273533583,0.08030513674020767,0.0008794910390861332,0.9998170733451843,0.016217142343521118,-0.08037765324115753,-0.016317883506417274,0.9970511794090271
