26.80104923248291,6.856080055236816,0.6232799887657166,0.9953615665435791,-0.0031909230165183544,0.09754320979118347,0.005099609028548002,0.9985826015472412,-0.03480648994445801,-0.09233243018388748,0.03819522261619568,0.9899658560752869
19.32170009613037,8.10263991355896,0.6232799887657166,1.0001001358032227,0.00793893076479435,-0.003101085079833865,-0.007808326277881861,0.9946721196174622,0.1008346751332283,0.0016424036584794521,-0.0967756137251854,0.9852283596992493
20.568249702453613,8.10263991355896,0.6232799887657166,1.0010647773742676,0.004934970755130053,0.00597812095656991,-0.005997261963784695,0.9952760934829712,0.10143106430768967,-0.004079767502844334,-0.0987856462597847,0.9896865487098694
21.814800262451172,8.10263991355896,0.6232799887657166,1.001091718673706,0.006755498703569174,-0.013414647430181503,-0.005525922868400812,0.9948136210441589,0.10145673900842667,0.013973863795399666,-0.09775450825691223,0.9908912181854248
23.06135082244873,8.10263991355896,0.6232799887657166,1.000640630722046,0.007463784888386726,-0.027611088007688522,-0.004751674365252256,0.9950012564659119,0.0984402596950531,0.02805812656879425,-0.09490177035331726,0.9916773438453674
24.307900428771973,8.10263991355896,0.6232799887657166,1.000537395477295,-0.003416029503569007,-0.026461873203516006,0.0008437720243819058,0.99532151222229,-0.09858151525259018,0.026686517521739006,0.09591102600097656,0.9919053912162781
25.554499626159668,8.10263991355896,0.6232799887657166,1.0006378889083862,-0.002439983654767275,-0.01265241764485836,0.0013744817115366459,0.9950184226036072,-0.1013067364692688,0.01339817512780428,0.09860243648290634,0.9923885464668274
26.80104923248291,8.10263991355896,0.6232799887657166,1.0004807710647583,-0.0014342694776132703,0.004961843602359295,0.0023056622594594955,0.9949901700019836,-0.10197833180427551,-0.003701734123751521,0.09947492927312851,0.992974042892456
28.04759979248047,8.10263991355896,0.6232799887657166,1.0003021955490112,-0.0015118952142074704,0.00827698688954115,0.002639194717630744,0.9950300455093384,-0.10176810622215271,-0.0070356763899326324,0.09937887638807297,0.9934885501861572
29.294150352478027,8.10263991355896,0.6232799887657166,0.9973683953285217,0.008194697089493275,0.0750611424446106,-0.002651929622516036,0.9975030422210693,-0.06918300688266754,-0.07398517429828644,0.0664968192577362,0.9942430853843689
30.54069995880127,8.10263991355896,0.6232799887657166,0.9969692826271057,0.008400182239711285,0.07845337688922882,-0.0029856308829039335,0.9977320432662964,-0.06514892727136612,-0.077324777841568,0.06265364587306976,0.9946984052658081
31.787299156188965,8.10263991355896,0.6232799887657166,0.999829113483429,-0.0010251087369397283,0.017799509689211845,0.0028605025727301836,0.995054304599762,-0.1003856286406517,-0.016637615859508514,0.09833773225545883,0.99481201171875
33.03384971618652,8.10263991355896,0.6232799887657166,0.9968997240066528,-0.0004146390128880739,-0.07722797244787216,-0.004858263768255711,0.9976189732551575,-0.06604154407978058,0.07619015872478485,0.06464644521474838,0.9953200221061707
34.2804012298584,8.10263991355896,0.6232799887657166,0.9965953230857849,-0.0010212354827672243,-0.08294720202684402,-0.003673992119729519,0.998047411441803,-0.05851811170578003,0.08124372363090515,0.05705698952078819,0.9962199330329895
16.8285493850708,9.349199771881104,0.6232799887657166,1.0007414817810059,0.011008420959115028,-0.02163534238934517,-0.009195000864565372,0.9952064752578735,0.09655812382698059,0.023452825844287872,-0.09453146904706955,0.9860183000564575
18.07509994506836,9.349199771881104,0.6232799887657166,0.9966307878494263,0.00020107734599150717,-0.08817876130342484,-0.0049385791644454,1.000314712524414,-0.04694356769323349,0.08756744116544724,0.047869909554719925,0.9888433814048767
19.32170009613037,9.349199771881104,0.6232799887657166,1.0012415647506714,-0.0005219064187258482,0.022091496735811234,-0.0022409723605960608,0.9955189824104309,0.09861695766448975,-0.021094167605042458,-0.09718018025159836,0.9895927906036377
20.568249702453613,9.349199771881104,0.6232799887657166,1.0011684894561768,0.002535773441195488,0.012440549209713936,-0.004547599237412214,0.9950739145278931,0.10079079866409302,-0.010183652862906456,-0.0985008031129837,0.9904451370239258
21.814800262451172,9.349199771881104,0.6232799887657166,0.9992002248764038,-0.0063911243341863155,-0.05982917547225952,0.0006642029038630426,0.9966066479682922,-0.08214005827903748,0.060127098113298416,0.07852642983198166,0.9912715554237366
23.06135082244873,9.349199771881104,0.6232799887657166,0.9999223351478577,-0.009853746742010117,0.03932292386889458,0.006167912855744362,0.9957812428474426,0.09312272071838379,-0.04164693132042885,-0.09005314856767654,0.9918196201324463
24.307900428771973,9.349199771881104,0.6232799887657166,1.0004240274429321,0.001088913413695991,-0.02395196445286274,-0.003480389015749097,0.9951959848403931,-0.09895601123571396,0.024862242862582207,0.09620946645736694,0.9920586347579956
25.554499626159668,9.349199771881104,0.6232799887657166,1.0003795623779297,0.0022690354380756617,-0.018096216022968292,-0.003988610580563545,0.9948343634605408,-0.10032492130994797,0.01896608993411064,0.09734942018985748,0.992597758769989
26.80104923248291,9.349199771881104,0.6232799887657166,0.9979575276374817,-2.9359900963754626e-06,0.06859827786684036,0.005480281077325344,0.9971721172332764,-0.07533524185419083,-0.06780753284692764,0.07262192666530609,0.9931624531745911
28.04759979248047,9.349199771881104,0.6232799887657166,0.9975016117095947,0.0029301901813596487,0.07405796647071838,0.002392364665865898,0.9975522756576538,-0.07009225338697433,-0.07321275770664215,0.06746536493301392,0.9937006831169128
29.294150352478027,9.349199771881104,0.6232799887657166,0.997235119342804,0.0032919312361627817,0.07682829350233078,0.0019250924233347178,0.9977461099624634,-0.06712067872285843,-0.07572135329246521,0.06472046673297882,0.9941174983978271
30.54069995880127,9.349199771881104,0.6232799887657166,0.9969308972358704,0.0017642069142311811,0.0793994665145874,0.003401869209483266,0.9978893995285034,-0.06396842002868652,-0.07798892259597778,0.061960138380527496,0.9946548938751221
31.787299156188965,9.349199771881104,0.6232799887657166,0.9966320395469666,0.004291769117116928,0.0819409042596817,0.0007177867810241878,0.9980579018592834,-0.060316648334264755,-0.08077705651521683,0.05858033150434494,0.9951471090316772
33.03384971618652,9.349199771881104,0.6232799887657166,0.9967308640480042,0.005762678105384111,-0.07961516082286835,-0.0006984615465626121,0.9978575706481934,0.06281868368387222,0.07878699153661728,-0.061315976083278656,0.9954482913017273
34.2804012298584,9.349199771881104,0.6232799887657166,0.9967513680458069,0.005596656817942858,0.07857532799243927,-0.0005196809070184827,0.9977681040763855,-0.06353714317083359,-0.07801274210214615,0.062492601573467255,0.9956039190292358
35.52695083618164,9.349199771881104,0.6232799887657166,0.9956971406936646,-0.0025037929881364107,-0.09083795547485352,-0.0015198522014543414,0.9988519549369812,-0.04358408600091934,0.09011480957269669,0.04330635815858841,0.9956575036048889
15.581999778747559,10.595739841461182,0.6232799887657166,0.9995296001434326,-0.0006936969584785402,0.059727393090724945,-0.004772163927555084,0.9972474575042725,0.07772435992956161,-0.06148712709546089,-0.07949050515890121,0.9883219003677368
16.8285493850708,10.595739841461182,0.6232799887657166,0.9999733567237854,-0.009095365181565285,0.05155722051858902,0.003773745382204652,0.9967464804649353,0.08521533757448196,-0.05248504504561424,-0.08424839377403259,0.988981306552887
18.07509994506836,10.595739841461182,0.6232799887657166,1.0000510215759277,-0.011760156601667404,0.049596525728702545,0.006485633086413145,0.9965698719024658,0.0870596393942833,-0.04942847415804863,-0.08563460409641266,0.9896720051765442
19.32170009613037,10.595739841461182,0.6232799887657166,1.0005149841308594,-0.00828388798981905,0.03479188308119774,0.004176739603281021,0.9955969452857971,0.0951717346906662,-0.03251981362700462,-0.09313031286001205,0.9902694225311279
20.568249702453613,10.595739841461182,0.6232799887657166,0.9998735785484314,-0.0018429469782859087,0.025395579636096954,-0.001757609541527927,0.9949935674667358,0.09815341979265213,-0.021408766508102417,-0.09645447880029678,0.9912485480308533
21.814800262451172,10.595739841461182,0.6232799887657166,0.999658465385437,0.00534406490623951,0.011852819472551346,-0.0073477434925735,0.9949907064437866,0.1000044196844101,-0.007347617764025927,-0.09888486564159393,0.9922146797180176
23.06135082244873,10.595739841461182,0.6232799887657166,0.9988259077072144,-0.009908239357173443,0.04781157895922661,0.006239661946892738,0.9962608218193054,0.0880301371216774,-0.05131715536117554,-0.08548726886510849,0.9924200177192688
24.307900428771973,10.595739841461182,0.6232799887657166,0.9998379945755005,0.0019621532410383224,-0.025908514857292175,-0.003794323420152068,0.9952730536460876,-0.09785200655460358,0.027604006230831146,0.09551985561847687,0.9923688769340515
25.554499626159668,10.595739841461182,0.6232799887657166,0.99856036901474,-0.011220276355743408,0.052666183561086655,0.007681989576667547,0.9957921504974365,0.08607690781354904,-0.05456624925136566,-0.08261996507644653,0.9931043982505798
26.80104923248291,10.595739841461182,0.6232799887657166,0.9975485801696777,0.011076334863901138,0.07041159272193909,-0.0066590276546776295,0.9968813061714172,-0.07242988049983978,-0.07100091874599457,0.06922885775566101,0.9934528470039368
28.04759979248047,10.595739841461182,0.6232799887657166,0.997234046459198,0.010980909690260887,0.07588588446378708,-0.0064263297244906425,0.9973461031913757,-0.06684281677007675,-0.07582886517047882,0.06394071131944656,0.993765652179718
29.294150352478027,10.595739841461182,0.6232799887657166,0.9971335530281067,0.012252637185156345,0.07764553278684616,-0.007637976203113794,0.9975231289863586,-0.06478942930698395,-0.07728235423564911,0.062025006860494614,0.9941442012786865
30.54069995880127,10.595739841461182,0.6232799887657166,0.9969211220741272,0.01406719721853733,0.0798361673951149,-0.009347882121801376,0.997682511806488,-0.061867255717515945,-0.07912217080593109,0.059264376759529114,0.994669497013092
31.787299156188965,10.595739841461182,0.6232799887657166,0.9964641332626343,-0.0009166570380330086,0.08394276350736618,0.005555249750614166,0.9982858300209045,-0.05726565048098564,-0.08218713104724884,0.05615612119436264,0.9950716495513916
33.03384971618652,10.595739841461182,0.6232799887657166,0.9964612722396851,0.010614737868309021,-0.08221736550331116,-0.0056797112338244915,0.9980336427688599,0.058853112161159515,0.08142320066690445,-0.057286713272333145,0.9956473112106323
34.2804012298584,10.595739841461182,0.6232799887657166,0.996378481388092,0.0010609962046146393,0.08311015367507935,0.0037592691369354725,0.9981876611709595,-0.05772148072719574,-0.08201952278614044,0.057133808732032776,0.9956839084625244
35.52695083618164,10.595739841461182,0.6232799887657166,0.9959004521369934,0.003059687092900276,0.088359534740448,0.0012700423831120133,0.9986432790756226,-0.04860696196556091,-0.08763826638460159,0.048441410064697266,0.9955986142158508
36.77350044250488,10.595739841461182,0.6232799887657166,0.9949951767921448,-0.0034945623483508825,-0.09797757118940353,0.0012805340811610222,0.9995220303535461,-0.022533515468239784,0.09718973189592361,0.02290797419846058,0.9955651164054871
14.335450172424316,11.842299938201904,0.6232799887657166,0.9984951019287109,0.0027792316395789385,-0.07113585621118546,-0.008709664456546307,0.998089611530304,-0.06999394297599792,0.06859982758760452,0.0692000687122345,0.9891099333763123
15.581999778747559,11.842299938201904,0.6232799887657166,0.9986617565155029,-0.008999544195830822,0.06868395954370499,0.0029642516747117043,0.9979511499404907,0.07091186195611954,-0.07015836238861084,-0.0714692696928978,0.989753246307373
16.8285493850708,11.842299938201904,0.6232799887657166,0.9992000460624695,-0.027296749874949455,0.05710242688655853,0.0217396542429924,0.9969576597213745,0.07871934026479721,-0.05925530195236206,-0.0759252980351448,0.9899684190750122
18.07509994506836,11.842299938201904,0.6232799887657166,0.9994634389877319,-0.029471714049577713,0.05047112703323364,0.02427717298269272,0.9963656663894653,0.08323858678340912,-0.051269471645355225,-0.08022773265838623,0.9902428984642029
19.32170009613037,11.842299938201904,0.6232799887657166,0.9981756806373596,0.014852910302579403,0.043384626507759094,-0.01776840351521969,0.9958174228668213,0.08885877579450607,-0.03678422421216965,-0.0913129672408104,0.9921194314956665
20.568249702453613,11.842299938201904,0.6232799887657166,0.9979202151298523,0.012229631654918194,0.035446103662252426,-0.015275523066520691,0.9955922365188599,0.09267762303352356,-0.030345739796757698,-0.09405709058046341,0.9930235147476196
21.814800262451172,11.842299938201904,0.6232799887657166,0.9986819624900818,0.011010554619133472,0.02257464826107025,-0.012877539731562138,0.9952046871185303,0.09655923396348953,-0.018999522551894188,-0.09724531322717667,0.9932974576950073
23.06135082244873,11.842299938201904,0.6232799887657166,0.999019980430603,-0.010433712042868137,0.0036701082717627287,0.010141558013856411,0.9951999187469482,0.09938870370388031,-0.006874789018183947,-0.09903541952371597,0.9931790828704834
24.307900428771973,11.842299938201904,0.6232799887657166,0.998679518699646,-0.01132348645478487,0.03811878338456154,0.008782939985394478,0.9956735968589783,0.09220290929079056,-0.04070407524704933,-0.0903756245970726,0.9931578040122986
25.554499626159668,11.842299938201904,0.6232799887657166,0.998268187046051,-0.010609772987663746,0.05689969286322594,0.006713596638292074,0.9963093400001526,0.08238749206066132,-0.058334529399871826,-0.08022360503673553,0.9932746291160583
26.80104923248291,11.842299938201904,0.6232799887657166,0.9974330067634583,0.010253687389194965,0.07264772057533264,-0.005606464575976133,0.9974077939987183,-0.06925894320011139,-0.07319910824298859,0.06716516613960266,0.993380606174469
28.04759979248047,11.842299938201904,0.6232799887657166,0.9970887303352356,0.010687711648643017,0.0779351219534874,-0.006014090962707996,0.9978162050247192,-0.06351959705352783,-0.07804962992668152,0.06134377419948578,0.9935415983200073
29.294150352478027,11.842299938201904,0.6232799887657166,0.9969121217727661,0.011730145663022995,-0.08044525235891342,-0.007082963362336159,0.9980254769325256,0.06053188443183899,0.08021529763936996,-0.058286912739276886,0.9938380718231201
30.54069995880127,11.842299938201904,0.6232799887657166,0.9968038201332092,0.013018072582781315,0.08204007148742676,-0.008364691399037838,0.9981154799461365,-0.05855653062462807,-0.08144599199295044,0.056300900876522064,0.9942550659179688
31.787299156188965,11.842299938201904,0.6232799887657166,0.9964905381202698,0.01382913812994957,0.08529939502477646,-0.00927041471004486,0.9983677864074707,-0.05383878946304321,-0.08420106768608093,0.05179981142282486,0.9947534799575806
33.03384971618652,11.842299938201904,0.6232799887657166,0.9964315891265869,0.014060409739613533,0.08462511748075485,-0.00940791703760624,0.9982732534408569,-0.05488179996609688,-0.08340945839881897,0.053107138723134995,0.995316743850708
34.2804012298584,11.842299938201904,0.6232799887657166,0.9961267113685608,-0.0029020740184932947,0.08597846329212189,0.007420829497277737,0.998465895652771,-0.05349337309598923,-0.08425723016262054,0.05327537655830383,0.9957057237625122
35.52695083618164,11.842299938201904,0.6232799887657166,0.9957760572433472,-0.0028368171770125628,0.08948301523923874,0.006965553387999535,0.9987279772758484,-0.046820029616355896,-0.08815988153219223,0.04715779051184654,0.9957396984100342
36.77350044250488,11.842299938201904,0.6232799887657166,0.9985766410827637,0.0014482616679742932,-0.049766380339860916,0.0028338031843304634,0.9959949254989624,0.08779548108577728,0.050070904195308685,-0.08670192211866379,0.995408833026886
13.088900089263916,13.088900089263916,0.6232799887657166,0.9991885423660278,0.014207235537469387,-0.05606016516685486,-0.009003272280097008,0.9972355365753174,0.0786418616771698,0.05980494245886803,-0.07909037172794342,0.9894936680793762
14.335450172424316,13.088900089263916,0.6232799887657166,0.9976641535758972,0.009977659210562706,-0.07866426557302475,-0.015063666738569736,0.9984171390533447,-0.060406021773815155,0.07478811591863632,0.06274936348199844,0.9906675815582275
15.581999778747559,13.088900089263916,0.6232799887657166,0.9980039596557617,-0.025407938286662102,0.07231937348842621,0.0196374598890543,0.9979867339134216,0.06494243443012238,-0.07396884262561798,-0.06340759992599487,0.9905215501785278
16.8285493850708,13.088900089263916,0.6232799887657166,0.9983972907066345,-0.01994181051850319,0.0653364360332489,0.014449064619839191,0.9973086714744568,0.07439827919006348,-0.06411086022853851,-0.07391165941953659,0.9905633926391602
18.07509994506836,13.088900089263916,0.6232799887657166,0.9976096749305725,0.010022676549851894,0.05869082733988762,-0.013450926169753075,0.9960272908210754,0.08021323382854462,-0.0538400299847126,-0.08359209448099136,0.9923456907272339
19.32170009613037,13.088900089263916,0.6232799887657166,0.9972941875457764,0.010273014195263386,0.05190054327249527,-0.013626846484839916,0.9959322810173035,0.08452232927083969,-0.04817860201001167,-0.08639142662286758,0.9931451678276062
20.568249702453613,13.088900089263916,0.6232799887657166,0.9980288147926331,0.009758860804140568,0.04599851742386818,-0.013191264122724533,0.995875358581543,0.08758474141359329,-0.04394322633743286,-0.08879522979259491,0.9935064911842346
21.814800262451172,13.088900089263916,0.6232799887657166,0.9988716244697571,0.009571808390319347,0.03565056622028351,-0.012470845133066177,0.9956123232841492,0.09223570674657822,-0.0338657908141613,-0.09321515262126923,0.9934715032577515
23.06135082244873,13.088900089263916,0.6232799887657166,0.9995490312576294,0.01003929041326046,-0.015526954084634781,-0.011273500509560108,0.9951910972595215,-0.0978192687034607,0.01350141316652298,0.0982368215918541,0.9933686256408691
24.307900428771973,13.088900089263916,0.6232799887657166,0.9989793300628662,-0.01264014933258295,0.037349600344896317,0.00946976151317358,0.9958201050758362,0.09190934896469116,-0.03938812389969826,-0.09084932506084442,0.9933789372444153
25.554499626159668,13.088900089263916,0.6232799887657166,0.997890293598175,0.012122232466936111,-0.06363876163959503,-0.007664666976779699,0.9969649314880371,0.07656881213188171,0.06500183790922165,-0.07492005825042725,0.9934148788452148
26.80104923248291,13.088900089263916,0.6232799887657166,0.9970834255218506,0.011446597054600716,0.07679100334644318,-0.00682848272845149,0.9978606104850769,-0.06381940096616745,-0.07759660482406616,0.06197674199938774,0.9934504628181458
28.04759979248047,13.088900089263916,0.6232799887657166,0.9968059659004211,0.011664613150060177,0.08106224983930588,-0.007154049351811409,0.9981921911239624,-0.058691177517175674,-0.0815306231379509,0.05665967985987663,0.9935469031333923
29.294150352478027,13.088900089263916,0.6232799887657166,0.996738076210022,0.011551426723599434,0.0826306864619255,-0.007066408637911081,0.9983187317848206,-0.05699286237359047,-0.08271630853414536,0.05490921065211296,0.9936995506286621
30.54069995880127,13.088900089263916,0.6232799887657166,0.9966545701026917,0.011678062379360199,0.08418012410402298,-0.007192636840045452,0.9983997344970703,-0.055255867540836334,-0.08376040309667587,0.05315978825092316,0.9939844012260437
31.787299156188965,13.088900089263916,0.6232799887657166,0.9963380098342896,0.013024140149354935,0.08763787150382996,-0.008709476329386234,0.9986264109611511,-0.04984990879893303,-0.08677854388952255,0.047810737043619156,0.9943682551383972
33.03384971618652,13.088900089263916,0.6232799887657166,0.9962417483329773,0.013468746095895767,0.08819166570901871,-0.009091617539525032,0.998648464679718,-0.04909858480095863,-0.08687235414981842,0.04732571169734001,0.9948388338088989
34.2804012298584,13.088900089263916,0.6232799887657166,0.9959955215454102,0.01455035712569952,0.08959264308214188,-0.01027536392211914,0.998730480670929,-0.04617902263998985,-0.08807332813739777,0.04481823742389679,0.9953798651695251
35.52695083618164,13.088900089263916,0.6232799887657166,0.9954584836959839,-0.0052527510561048985,0.09354493767023087,0.008688915520906448,0.9990556836128235,-0.03857789188623428,-0.09159828722476959,0.039376240223646164,0.995683491230011
36.77350044250488,13.088900089263916,0.6232799887657166,0.994963526725769,-0.001261483645066619,0.09882364422082901,0.003300063544884324,0.9995734691619873,-0.02212507650256157,-0.0973033756017685,0.023216169327497482,0.9955029487609863
38.02009963989258,13.088900089263916,0.6232799887657166,0.9949467182159424,-0.0028266492299735546,-0.1013248935341835,0.003682416398078203,0.9997519254684448,0.007406831253319979,0.09939417988061905,-0.006163259968161583,0.9959293603897095
13.088900089263916,14.335450172424316,0.6232799887657166,0.9957499504089355,-0.011741111986339092,-0.0984245240688324,0.013105811551213264,1.0001519918441772,0.007871756330132484,0.09684807807207108,-0.01186031848192215,0.9911115765571594
14.335450172424316,14.335450172424316,0.6232799887657166,0.9955748915672302,-0.006926578003913164,-0.0984329879283905,0.009587015956640244,0.9998717904090881,0.01008917111903429,0.09893878549337387,-0.01375788077712059,0.9917666912078857
15.581999778747559,14.335450172424316,0.6232799887657166,0.9969272017478943,0.004515558481216431,-0.08055757731199265,-0.008981455117464066,0.9972954988479614,-0.05889362469315529,0.07837313413619995,0.06219630315899849,0.9920558929443359
16.8285493850708,14.335450172424316,0.6232799887657166,0.9969839453697205,0.005062091629952192,0.07364577800035477,-0.008665760979056358,0.9966953992843628,0.06771847605705261,-0.07094007730484009,-0.0699869766831398,0.9925311207771301
18.07509994506836,14.335450172424316,0.6232799887657166,0.9968518614768982,0.006683825049549341,0.06676081568002701,-0.01058396976441145,0.9965680241584778,0.07415150105953217,-0.06471928209066391,-0.07526715099811554,0.993150532245636
19.32170009613037,14.335450172424316,0.6232799887657166,0.9974558353424072,0.007847689092159271,0.06289296597242355,-0.01219260785728693,0.9965982437133789,0.07679331302642822,-0.061775486916303635,-0.07781326025724411,0.9933488965034485
20.568249702453613,14.335450172424316,0.6232799887657166,0.9979754090309143,0.007397430017590523,0.059577714651823044,-0.011950199492275715,0.9966005086898804,0.07913574576377869,-0.05854709446430206,-0.08006419241428375,0.993407130241394
21.814800262451172,14.335450172424316,0.6232799887657166,0.9986092448234558,0.007484841160476208,0.05278649553656578,-0.011742510832846165,0.9963112473487854,0.08373706787824631,-0.05175905302166939,-0.08472265303134918,0.9935113191604614
23.06135082244873,14.335450172424316,0.6232799887657166,0.9987560510635376,-0.00748320110142231,0.05004746466875076,0.011547427624464035,0.9962302446365356,-0.08557287603616714,-0.048716746270656586,0.08648807555437088,0.9934900403022766
24.307900428771973,14.335450172424316,0.6232799887657166,0.996452808380127,0.012498488649725914,-0.0830511525273323,-0.008203077130019665,0.9984937310218811,0.05422284081578255,0.0840282142162323,-0.05261525884270668,0.9935235381126404
25.554499626159668,14.335450172424316,0.6232799887657166,0.9966550469398499,0.011680695228278637,0.08135179430246353,-0.007198575884103775,0.9983207583427429,-0.05713604390621185,-0.082239530980587,0.05556686222553253,0.9935587048530579
26.80104923248291,14.335450172424316,0.6232799887657166,0.9965614080429077,0.010315628722310066,0.08311953395605087,-0.005919555202126503,0.998487651348114,-0.05505158007144928,-0.08379523456096649,0.053529925644397736,0.9935691356658936
28.04759979248047,14.335450172424316,0.6232799887657166,0.9962937235832214,0.010703476145863533,-0.08671761304140091,-0.006607249844819307,0.9987448453903198,0.049613188952207565,0.08711056411266327,-0.047839872539043427,0.9936460256576538
29.294150352478027,14.335450172424316,0.6232799887657166,0.9962879419326782,0.010857213288545609,0.08740753680467606,-0.006834140047430992,0.9987766742706299,-0.04899861291050911,-0.08755111694335938,0.04710543900728226,0.99373459815979
30.54069995880127,14.335450172424316,0.6232799887657166,0.9963541626930237,0.010855263099074364,0.08731726557016373,-0.006735997274518013,0.9987102150917053,-0.04995628446340561,-0.08700167387723923,0.04797765612602234,0.9938936233520508
31.787299156188965,14.335450172424316,0.6232799887657166,0.9961121082305908,0.012178384698927402,0.09032311290502548,-0.008237846195697784,0.9988923072814941,-0.044806499034166336,-0.08944043517112732,0.04279840737581253,0.9942147731781006
33.03384971618652,14.335450172424316,0.6232799887657166,0.9959660172462463,0.013120375573635101,0.09140884876251221,-0.00917040091007948,0.9989479184150696,-0.04289646074175835,-0.09017137438058853,0.041107311844825745,0.9945476651191711
34.2804012298584,14.335450172424316,0.6232799887657166,0.9958345293998718,0.013819985091686249,0.09232059866189957,-0.009894806891679764,0.9989234805107117,-0.040928684175014496,-0.0906524583697319,0.03943600505590439,0.9950339794158936
35.52695083618164,14.335450172424316,0.6232799887657166,0.9953939318656921,-0.0038407165557146072,0.09523110836744308,0.007023812737315893,0.9992146492004395,-0.03524158522486687,-0.09305673092603683,0.03609123453497887,0.9953709244728088
36.77350044250488,14.335450172424316,0.6232799887657166,0.9948764443397522,0.001657984685152769,0.1002812311053276,-0.00011269889364484698,0.9997438788414001,-0.016869891434907913,-0.09832965582609177,0.01796022616326809,0.9951906800270081
11.842299938201904,15.581999778747559,0.6232799887657166,0.9974189400672913,0.01231132261455059,0.07475276291370392,-0.007259489502757788,0.9981814622879028,-0.061588041484355927,-0.07574596256017685,0.0630330815911293,0.9898176193237305
13.088900089263916,15.581999778747559,0.6232799887657166,0.9970763921737671,0.008597668260335922,-0.08307340741157532,-0.012620282359421253,0.9984450340270996,-0.05483522266149521,0.07986856997013092,0.057013869285583496,0.9923700094223022
14.335450172424316,15.581999778747559,0.6232799887657166,0.9971691966056824,-0.015266099013388157,-0.08084385097026825,0.010491432622075081,0.9981245398521423,-0.05800884962081909,0.0804901272058487,0.05780704692006111,0.9923110604286194
15.581999778747559,15.581999778747559,0.6232799887657166,0.9963797330856323,0.0018529071239754558,-0.08141153305768967,-0.005825084168463945,0.9978830218315125,-0.05894957855343819,0.07958769798278809,0.06007466837763786,0.9928823113441467
16.8285493850708,15.581999778747559,0.6232799887657166,0.996772289276123,0.0030425903387367725,0.0768037885427475,-0.007601355668157339,0.9974795579910278,0.06465817242860794,-0.075760617852211,-0.06506742537021637,0.9931100010871887
18.07509994506836,15.581999778747559,0.6232799887657166,0.9970105290412903,0.004746205639094114,0.07232709228992462,-0.009652676060795784,0.9974072575569153,0.06897052377462387,-0.07134074717760086,-0.06939008831977844,0.9932074546813965
19.32170009613037,15.581999778747559,0.6232799887657166,0.9973669648170471,0.006174568086862564,0.07041286677122116,-0.011295579373836517,0.9973798990249634,0.07018617540597916,-0.06972203403711319,-0.07087747007608414,0.9933916330337524
20.568249702453613,15.581999778747559,0.6232799887657166,0.9974881410598755,0.0045670378021895885,0.07144102454185486,-0.009637473151087761,0.9975129961967468,0.06908196210861206,-0.0708775669336319,-0.06970467418432236,0.9935019612312317
21.814800262451172,15.581999778747559,0.6232799887657166,0.9976681470870972,0.005071206483989954,0.06950865685939789,-0.010084058158099651,0.997366189956665,0.07090816646814346,-0.06886293739080429,-0.07173312455415726,0.9935877323150635
23.06135082244873,15.581999778747559,0.6232799887657166,0.9969704151153564,-0.0048154257237911224,0.0789494439959526,0.00962223019450903,0.9980843663215637,-0.060401804745197296,-0.07824096828699112,0.06135328486561775,0.9935997128486633
24.307900428771973,15.581999778747559,0.6232799887657166,0.9950962662696838,0.007699867710471153,-0.09909932315349579,-0.008634942583739758,0.9999062418937683,-0.008030594326555729,0.09893113374710083,0.009477009996771812,0.9936084747314453
25.554499626159668,15.581999778747559,0.6232799887657166,0.9954264163970947,0.008358517661690712,0.09549841284751892,-0.0057789976708590984,0.9995577335357666,-0.028257491067051888,-0.09575682878494263,0.026881461963057518,0.9936068654060364
26.80104923248291,15.581999778747559,0.6232799887657166,0.9959548711776733,0.008218762464821339,0.09002415090799332,-0.004540343303233385,0.9990783929824829,-0.043057460337877274,-0.09038574248552322,0.041755467653274536,0.9936143755912781
28.04759979248047,15.581999778747559,0.6232799887657166,0.9958464503288269,0.008035317063331604,0.09152538329362869,-0.004545739386230707,0.9991638660430908,-0.040385544300079346,-0.09160573780536652,0.038961298763751984,0.9936668872833252
29.294150352478027,15.581999778747559,0.6232799887657166,0.9958664774894714,0.008485350757837296,0.09188764542341232,-0.005048567429184914,0.9991829991340637,-0.040238212794065475,-0.09173420071601868,0.038682229816913605,0.993758499622345
30.54069995880127,15.581999778747559,0.6232799887657166,0.9959612488746643,0.008258460089564323,0.09163283556699753,-0.004691353067755699,0.9991232752799988,-0.04182533919811249,-0.09109871089458466,0.04021710902452469,0.9938440322875977
31.787299156188965,15.581999778747559,0.6232799887657166,0.9957048892974854,0.010026147589087486,0.09469329565763474,-0.006838710978627205,0.9993161559104919,-0.035076506435871124,-0.09359455108642578,0.03332015126943588,0.9940667152404785
33.03384971618652,15.581999778747559,0.6232799887657166,0.9955471158027649,0.011086324229836464,0.09622674435377121,-0.008085993118584156,0.9993556141853333,-0.031334567815065384,-0.09467920660972595,0.029763979837298393,0.9943727254867554
34.2804012298584,15.581999778747559,0.6232799887657166,0.9954215288162231,0.012210103683173656,0.09690052270889282,-0.009168906137347221,0.9993188381195068,-0.02934235893189907,-0.09492085129022598,0.02818041853606701,0.9948137998580933
35.52695083618164,15.581999778747559,0.6232799887657166,0.9950998425483704,-0.004111682064831257,0.09910447150468826,0.006231177132576704,0.9995795488357544,-0.023105541244149208,-0.09687087684869766,0.024395830929279327,0.9950280785560608
36.77350044250488,15.581999778747559,0.6232799887657166,0.9949253797531128,0.003610878484323621,-0.10201530158519745,-0.003539275610819459,0.999973714351654,0.0014276610454544425,0.09981280565261841,-0.002596958540380001,0.9945511817932129
11.842299938201904,16.8285493850708,0.6232799887657166,0.9969072341918945,0.00985125545412302,-0.08301564306020737,-0.005476745311170816,0.9986113905906677,0.051303453743457794,0.08404138684272766,-0.05302812531590462,0.9916448593139648
13.088900089263916,16.8285493850708,0.6232799887657166,0.9968346357345581,0.008173004724085331,-0.08344623446464539,-0.012012580409646034,0.998336136341095,-0.054774608463048935,0.0806393250823021,0.056732747703790665,0.9932366609573364
14.335450172424316,16.8285493850708,0.6232799887657166,0.9952065348625183,-0.003167786169797182,-0.09972905367612839,0.004544255323708057,0.9995203018188477,0.012168838642537594,0.09897735714912415,-0.014071795158088207,0.9932693839073181
15.581999778747559,16.8285493850708,0.6232799887657166,0.9961645603179932,0.001837128191255033,-0.08570754528045654,0.002093894872814417,0.9984821677207947,0.053096380084753036,0.08457872271537781,-0.053230494260787964,0.9933164715766907
16.8285493850708,16.8285493850708,0.6232799887657166,0.9962546825408936,-0.0003738181840162724,0.08424483239650726,-0.004310439340770245,0.9984647035598755,0.05519204959273338,-0.08347026258707047,-0.05487639829516411,0.9933798909187317
18.07509994506836,16.8285493850708,0.6232799887657166,0.9962743520736694,0.0015450455248355865,0.0836854800581932,-0.006432068068534136,0.9984362721443176,0.05512907728552818,-0.0830613523721695,-0.055088527500629425,0.9935124516487122
19.32170009613037,16.8285493850708,0.6232799887657166,0.9963970184326172,0.003905092366039753,0.08404496312141418,-0.00870728399604559,0.9985124468803406,0.05362670496106148,-0.08362980931997299,-0.054112549871206284,0.9936171770095825
20.568249702453613,16.8285493850708,0.6232799887657166,0.9963871240615845,0.00246982928365469,0.08545038849115372,-0.0070677571929991245,0.9986498951911926,0.05130276456475258,-0.08506207168102264,-0.051809389144182205,0.9936506748199463
21.814800262451172,16.8285493850708,0.6232799887657166,0.996277391910553,0.003423643996939063,0.08674316853284836,-0.007845381274819374,0.9987571239471436,0.04894030839204788,-0.08630262315273285,-0.049702536314725876,0.9936738014221191
23.06135082244873,16.8285493850708,0.6232799887657166,0.9957780241966248,0.0038576542865484953,0.09233810752630234,-0.007443430833518505,0.9992577433586121,0.03748833015561104,-0.09183479845523834,-0.038381531834602356,0.9936748147010803
24.307900428771973,16.8285493850708,0.6232799887657166,0.9951326251029968,0.006005684845149517,-0.09844175726175308,-0.007616893388330936,0.9998317360877991,-0.015262521803379059,0.09813003987073898,0.016468144953250885,0.9936686754226685
25.554499626159668,16.8285493850708,0.6232799887657166,0.9950510263442993,0.005683330353349447,0.09956348687410355,-0.00516760628670454,0.9999518990516663,-0.006015765946358442,-0.09945496916770935,0.004881701432168484,0.9936424493789673
26.80104923248291,16.8285493850708,0.6232799887657166,0.9953595995903015,0.005860335659235716,0.09690074622631073,-0.0036397133953869343,0.9996925592422485,-0.024364802986383438,-0.09690126776695251,0.023270320147275925,0.9936466813087463
28.04759979248047,16.8285493850708,0.6232799887657166,0.9954179525375366,0.005110159981995821,0.09652910381555557,-0.0026888425927609205,0.9996275901794434,-0.02683243528008461,-0.09630726277828217,0.02578299306333065,0.9936696887016296
29.294150352478027,16.8285493850708,0.6232799887657166,0.9954648017883301,0.005256122909486294,0.0964556485414505,-0.002776423702016473,0.9996011853218079,-0.028159094974398613,-0.09597253054380417,0.027038654312491417,0.9937344193458557
30.54069995880127,16.8285493850708,0.6232799887657166,0.9955913424491882,0.005297887604683638,0.09570737183094025,-0.00253054266795516,0.9994827508926392,-0.03188670054078102,-0.09490060806274414,0.030710306018590927,0.9937934279441833
31.787299156188965,16.8285493850708,0.6232799887657166,0.995404064655304,0.007297856733202934,0.0979585349559784,-0.005008203908801079,0.9995986223220825,-0.025390855967998505,-0.0966164842247963,0.02402283251285553,0.993947446346283
33.03384971618652,16.8285493850708,0.6232799887657166,0.9952879548072815,0.008547410368919373,0.09945627301931381,-0.006556498818099499,0.9996317028999329,-0.020252328366041183,-0.09756689518690109,0.019080640748143196,0.9942150712013245
34.2804012298584,16.8285493850708,0.6232799887657166,0.9949995279312134,-0.0024915284011512995,0.1003766804933548,0.004283607006072998,0.9996592402458191,-0.01764647476375103,-0.09789948910474777,0.018188774585723877,0.9946535229682922
35.52695083618164,16.8285493850708,0.6232799887657166,0.9949268102645874,-0.003196444595232606,0.10152164846658707,0.004030558280646801,0.9998336434364319,-0.010446771048009396,-0.09935611486434937,0.012004140764474869,0.9945712685585022
36.77350044250488,16.8285493850708,0.6232799887657166,0.9956920146942139,-0.0032757327426224947,-0.09445877373218536,0.007301871664822102,0.9991432428359985,0.03979770839214325,0.09218190610408783,-0.03776843845844269,0.9941120147705078
11.842299938201904,18.07509994506836,0.6232799887657166,0.9962306618690491,0.007067271042615175,-0.09035869687795639,-0.0036062670405954123,0.9990617632865906,0.038757406175136566,0.0911511555314064,-0.04010089859366417,0.9927605390548706
13.088900089263916,18.07509994506836,0.6232799887657166,0.9955334067344666,-0.00685305567458272,-0.09842650592327118,0.008553566411137581,0.9995112419128418,0.01827552542090416,0.09697987884283066,-0.02019554190337658,0.993857204914093
14.335450172424316,18.07509994506836,0.6232799887657166,0.9960622191429138,0.001733511220663786,-0.0888807401061058,0.0020437969360500574,0.9987202882766724,0.047248873859643936,0.08794330805540085,-0.047594692558050156,0.9937881827354431
15.581999778747559,18.07509994506836,0.6232799887657166,0.9959732294082642,0.002228380646556616,-0.08895613998174667,0.0016187700675800443,0.9988248944282532,0.047374919056892395,0.08815351873636246,-0.04711677134037018,0.9937378764152527
16.8285493850708,18.07509994506836,0.6232799887657166,0.995964765548706,0.0010869886027649045,-0.08838095515966415,0.0031207839492708445,0.9988699555397034,0.04822380095720291,0.08771712332963943,-0.047819606959819794,0.9936908483505249
18.07509994506836,18.07509994506836,0.6232799887657166,0.9958856701850891,-0.0013276769313961267,0.0885227769613266,-0.0030516034457832575,0.9988757967948914,0.04728252813220024,-0.08806350082159042,-0.046906113624572754,0.9937252402305603
19.32170009613037,18.07509994506836,0.6232799887657166,0.9959853887557983,9.648834384279326e-05,0.08896981179714203,-0.004389550536870956,0.9989305138587952,0.045698992908000946,-0.08864777535200119,-0.04573303461074829,0.9937650561332703
20.568249702453613,18.07509994506836,0.6232799887657166,0.9958837032318115,-0.001129661686718464,0.09058986604213715,-0.0028686048462986946,0.9991133213043213,0.04216388612985611,-0.09033295512199402,-0.04226422682404518,0.9937921762466431
21.814800262451172,18.07509994506836,0.6232799887657166,0.9956644177436829,0.0009134446736425161,0.09324467927217484,-0.00436211796477437,0.9993650317192078,0.03573383763432503,-0.09292623400688171,-0.036211155354976654,0.9937869310379028
23.06135082244873,18.07509994506836,0.6232799887657166,0.9953412413597107,0.0014868940925225616,-0.09665441513061523,-0.003997838590294123,0.9996711015701294,-0.02527027390897274,0.09627784043550491,0.025865988805890083,0.9937644600868225
24.307900428771973,18.07509994506836,0.6232799887657166,0.9950332641601562,0.0035614550579339266,0.09930165857076645,-0.004670140333473682,0.9999118447303772,0.010457700118422508,-0.0990387573838234,-0.011318010278046131,0.9937369227409363
25.554499626159668,18.07509994506836,0.6232799887657166,0.9950187802314758,0.0036027170717716217,0.09988204389810562,-0.003547950880602002,0.9999645352363586,-0.0014911676989868283,-0.09969234466552734,0.0006159058539196849,0.9937130808830261
26.80104923248291,18.07509994506836,0.6232799887657166,0.9951673150062561,0.003829864552244544,0.09887400269508362,-0.0024491858202964067,0.9998494386672974,-0.015200727619230747,-0.09870269894599915,0.01435949094593525,0.9937083721160889
28.04759979248047,18.07509994506836,0.6232799887657166,0.9952825307846069,0.00305914506316185,0.09809890389442444,-0.0011922878911718726,0.9997506141662598,-0.020880086347460747,-0.09772013872861862,0.02015049383044243,0.9937083721160889
29.294150352478027,18.07509994506836,0.6232799887657166,0.9953374266624451,0.0033150790259242058,0.09791529178619385,-0.0013105316320434213,0.9996882677078247,-0.02311963401734829,-0.09725082665681839,0.02233707904815674,0.9937474131584167
30.54069995880127,18.07509994506836,0.6232799887657166,0.9954171776771545,0.0033829803578555584,0.09750957041978836,-0.001130536780692637,0.9995927810668945,-0.026338063180446625,-0.09649614244699478,0.025553612038493156,0.9937757849693298
31.787299156188965,18.07509994506836,0.6232799887657166,0.9953033328056335,0.004736808128654957,0.0992237851023674,-0.002925839275121689,0.9996634125709534,-0.02084220014512539,-0.09768228232860565,0.01995106413960457,0.9938772916793823
