0.9989042282104492,-0.02728264592587948,-0.04183606803417206,0.029877616092562675,0.997725784778595,0.061046719551086426,0.04102432355284691,-0.06226726993918419,0.9976034760475159
0.9992961287498474,-0.028177913278341293,-0.031865932047367096,0.03021055832505226,0.9973430037498474,0.06665242463350296,0.03053664229810238,-0.06781350821256638,0.9969542026519775
0.9995859265327454,-0.02722409926354885,-0.0258832685649395,0.028860006481409073,0.9972178339958191,0.06963689625263214,0.024319276213645935,-0.07079653441905975,0.996522068977356
0.9998142123222351,-0.026139652356505394,-0.020774681121110916,0.027408573776483536,0.9971330165863037,0.07167118787765503,0.01910349540412426,-0.07292491942644119,0.9962629079818726
1.0000165700912476,-0.02499314211308956,0.016753608360886574,0.025912558659911156,0.9969954490661621,-0.07309862226247787,-0.015044051222503185,0.0742805227637291,0.9960423111915588
1.000427484512329,-0.013014817610383034,0.0036066106986254454,0.013147369958460331,0.9966738224029541,-0.0778869092464447,-0.0031384772155433893,0.07898257672786713,0.9956704378128052
1.0004361867904663,-0.022740520536899567,-0.00697809224948287,0.02286919206380844,0.9968149662017822,0.0758875161409378,0.004846950992941856,-0.07619668543338776,0.9950677752494812
1.000731348991394,-0.023069342598319054,-0.0028215027414262295,0.022616950795054436,0.9969984292984009,0.07630159705877304,0.0006167384563013911,-0.0758950263261795,0.9935473203659058
1.0007420778274536,-0.023663504049181938,0.0020040215458720922,0.023299554362893105,0.9972376227378845,0.07570374011993408,-0.0030503699090331793,-0.07550707459449768,0.9907329082489014
0.9978719353675842,-0.023082328960299492,0.06211451441049576,0.025767549872398376,0.998496949672699,-0.04072149470448494,-0.06349385529756546,0.04235346242785454,0.9986517429351807
0.9988642334938049,-0.01607297547161579,-0.04294006898999214,0.013343941420316696,0.9974788427352905,-0.06527488678693771,0.043382901698350906,0.06485941261053085,0.9979185461997986
0.9982379078865051,0.011195975355803967,-0.058293264359235764,-0.013996350578963757,0.9985244870185852,-0.052349478006362915,0.058422062546014786,0.05326422303915024,0.9970547556877136
0.9985143542289734,0.014807125553488731,-0.05331650376319885,-0.01760237291455269,0.9982385039329529,-0.056454773992300034,0.05343400314450264,0.05754094570875168,0.9968809485435486
0.9988093376159668,0.014838744886219501,-0.04675106704235077,-0.017350513488054276,0.997959315776825,-0.061863742768764496,0.04709044098854065,0.06295391917228699,0.9968122839927673
0.9990409016609192,0.015748700127005577,-0.03769019991159439,-0.017825212329626083,0.9976632595062256,-0.0672881156206131,0.03804367780685425,0.06866654008626938,0.9967945218086243
0.999068558216095,0.017851848155260086,-0.030766397714614868,-0.019434425979852676,0.9974291920661926,-0.06996764242649078,0.030974170193076134,0.07182057946920395,0.9968799352645874
0.9991583824157715,0.018024664372205734,-0.023538894951343536,-0.01937234401702881,0.9971407055854797,-0.07260186970233917,0.023501230403780937,0.074698805809021,0.9971621036529541
0.9994624257087708,0.009613031521439552,-0.01669750176370144,-0.01094778347760439,0.9969276189804077,-0.07625144720077515,0.016704559326171875,0.07794802635908127,0.9972958564758301
0.9996955394744873,0.017996270209550858,0.010465269908308983,-0.018552472814917564,0.9968225359916687,0.0761554092168808,-0.009981182403862476,-0.07765546441078186,0.9970642924308777
0.9999870657920837,0.016338562592864037,0.001440211315639317,-0.01618115045130253,0.9967535138130188,0.07763831317424774,-0.0011519675608724356,-0.07842972129583359,0.9965155720710754
1.000408411026001,0.01218256726861,-0.01089719869196415,-0.010817700996994972,0.9968235492706299,0.0782080814242363,0.01105307787656784,-0.07772830128669739,0.9953525066375732
1.0007379055023193,-0.02394210733473301,0.009245098568499088,0.022540008649230003,0.9973292946815491,0.07560966163873672,-0.011494224891066551,-0.07440613955259323,0.9929289817810059
1.0004465579986572,-0.024826575070619583,0.00963225681334734,0.023670697584748268,0.9970018267631531,0.0749112144112587,-0.008295265026390553,-0.07308382540941238,0.9866713881492615
0.9976716637611389,-0.01873386837542057,-0.07107444852590561,0.020654596388339996,0.9993855953216553,0.023726871237158775,0.0727994441986084,-0.025879351422190666,1.000356912612915
0.997561514377594,-0.02146853879094124,-0.06659641116857529,0.024051282554864883,0.9989254474639893,0.03429447114467621,0.06772135943174362,-0.03601577877998352,0.998346745967865
0.9979551434516907,0.012475335970520973,-0.06079038977622986,-0.01546269841492176,0.9986535310745239,-0.04871147871017456,0.060978181660175323,0.04972498491406441,0.9974219799041748
0.998441219329834,0.016067955642938614,-0.055635374039411545,-0.018690261989831924,0.9983909130096436,-0.05368073284626007,0.05600045621395111,0.05517539009451866,0.9972423315048218
0.998552143573761,0.017789117991924286,-0.050694115459918976,-0.020274559035897255,0.9980685114860535,-0.057507000863552094,0.05099062621593475,0.05915806442499161,0.9975761771202087
0.9985431432723999,0.01704949513077736,-0.04489173740148544,-0.019102318212389946,0.9978553056716919,-0.06218560039997101,0.0446334034204483,0.06417206674814224,0.997677743434906
0.998508095741272,0.017057662829756737,-0.03680681064724922,-0.018684426322579384,0.997627317905426,-0.06697262078523636,0.03574194014072418,0.0694279596209526,0.9976360201835632
0.9984467029571533,0.018543526530265808,-0.03085046447813511,-0.01982826180756092,0.9974497556686401,-0.06922324746847153,0.0288290586322546,0.07225684076547623,0.9976695775985718
0.9983996152877808,0.019080810248851776,-0.024578889831900597,-0.019866613671183586,0.997235119342804,-0.07138700038194656,0.02164696715772152,0.07470427453517914,0.9979134202003479
0.9988207817077637,0.005407032091170549,-0.017858630046248436,-0.006310334429144859,0.9972143769264221,-0.07555504143238068,0.01459492463618517,0.07877428829669952,0.9976094961166382
0.9979495406150818,0.025176605209708214,0.006879986263811588,-0.024318335577845573,0.9967589378356934,0.07393919676542282,-0.0034990732092410326,-0.07634726166725159,0.999060332775116
0.9981563687324524,-0.024879159405827522,0.03728097677230835,0.02570943906903267,0.9969326257705688,-0.06448031961917877,-0.03563069924712181,0.06718427687883377,0.9988846182823181
0.9978530406951904,-0.021691936999559402,0.05232464522123337,0.023756420239806175,0.9978511929512024,-0.05470734089612961,-0.05192689597606659,0.057081904262304306,0.9983656406402588
0.9988452196121216,0.007172930985689163,-0.04161969944834709,-0.004627588205039501,0.9972989559173584,0.06743880361318588,0.04210510477423668,-0.06803185492753983,0.9976502656936646
0.9988561272621155,0.009564419277012348,-0.046174317598342896,-0.006241862196475267,0.9976612329483032,0.06463734805583954,0.04566658288240433,-0.06516242772340775,0.9964849352836609
1.000562310218811,-0.024008383974432945,0.013124199584126472,0.02253449149429798,0.9968685507774353,0.07561835646629333,-0.014887720346450806,-0.074176125228405,0.9944789409637451
1.0008487701416016,-0.025396689772605896,0.017022952437400818,0.023412544280290604,0.9973139762878418,0.07448650896549225,-0.019389595836400986,-0.07195121794939041,0.9907413721084595
0.9996164441108704,-0.02620389498770237,0.024802181869745255,0.024419624358415604,0.99688321352005,0.07151458412408829,-0.02022327110171318,-0.06845737993717194,0.9802387356758118
0.9969772696495056,-0.015228046104311943,-0.07549178600311279,0.01600637100636959,0.9995438456535339,0.009694947861135006,0.07798769325017929,-0.0113911721855402,0.998962938785553
0.9988120794296265,-0.023850245401263237,-0.039596330374479294,0.020861733704805374,0.9973331689834595,-0.06483351439237595,0.04057902470231056,0.0645105317234993,0.9984936118125916
0.9978339076042175,0.014959768392145634,-0.06148761138319969,-0.01789870113134384,0.9988283514976501,-0.047313932329416275,0.061729542911052704,0.04851571470499039,0.9975348711013794
0.9981879591941833,0.01665305532515049,-0.0574931725859642,-0.01920379139482975,0.9986370801925659,-0.0514521487057209,0.057699572294950485,0.05338244140148163,0.9977551698684692
0.9982213377952576,0.0181830246001482,-0.051834587007761,-0.020834412425756454,0.9983800053596497,-0.05611546337604523,0.05134342983365059,0.058425188064575195,0.998109757900238
0.998424232006073,0.017847027629613876,-0.04594353958964348,-0.020441852509975433,0.9981210231781006,-0.06091626361012459,0.044493503868579865,0.06360489875078201,0.9978674054145813
0.9987017512321472,0.018108686432242393,-0.038483086973428726,-0.020552419126033783,0.9978196620941162,-0.0655612125992775,0.035778142511844635,0.06856026500463486,0.9973320364952087
0.998985230922699,0.01952248252928257,-0.03175164386630058,-0.02145940437912941,0.9976186156272888,-0.0683669000864029,0.02789858914911747,0.07183411717414856,0.9967912435531616
0.9998358488082886,0.007425051182508469,-0.02621363289654255,-0.009840577840805054,0.9979730248451233,-0.07268840819597244,0.022651005536317825,0.07605713605880737,0.9956387877464294
1.0002776384353638,0.007781779393553734,-0.0191725455224514,-0.009802408516407013,0.9978029131889343,-0.07433207333087921,0.014847462065517902,0.07833179086446762,0.9959477186203003
1.0003799200057983,0.008127238601446152,0.009481091052293777,-0.009192755445837975,0.9975809454917908,0.07612081617116928,-0.004452900495380163,-0.07983645796775818,0.9965314269065857
0.999786913394928,-0.011588534340262413,0.005936615169048309,0.01119358092546463,0.9972625970840454,0.07645662873983383,-0.011404060758650303,-0.07843773066997528,0.9973240494728088
0.9979264736175537,-0.022283736616373062,0.060864951461553574,0.02417532540857792,0.9977625012397766,-0.04337780177593231,-0.05917596071958542,0.049030791968107224,0.9986865520477295
0.998355507850647,0.0025975825265049934,-0.04943034052848816,0.0005114938830956817,0.9980798959732056,0.06150970607995987,0.0539812408387661,-0.05982302874326706,0.9981032609939575
0.9979531764984131,0.002502252347767353,-0.053999919444322586,-0.00013688637409359217,0.9978750348091125,0.05846109241247177,0.05691070854663849,-0.0566830076277256,0.998768150806427
0.9978784322738647,0.004370301961898804,-0.05666894465684891,-0.001564151025377214,0.9977461099624634,0.05670900270342827,0.057336222380399704,-0.05566544085741043,0.9984506368637085
0.9980274438858032,0.00673718610778451,-0.059082988649606705,-0.0034071137197315693,0.9983477592468262,0.05474274232983589,0.057606231421232224,-0.05468710511922836,0.9968159794807434
0.9972022771835327,-0.0039772349409759045,0.07546917349100113,0.006917784456163645,1.0000975131988525,-0.029062965884804726,-0.07390889525413513,0.0267067551612854,0.994454026222229
1.0008745193481445,-0.025260403752326965,0.03422943130135536,0.022935912013053894,0.9981833696365356,0.06737840175628662,-0.037426985800266266,-0.06550737470388412,0.9910536408424377
0.9966620206832886,-0.01372203603386879,0.07698395848274231,0.013825462199747562,0.9998208284378052,0.0001422790519427508,-0.07915285229682922,0.001333261956460774,0.9985998868942261
0.9989195466041565,-0.008371580392122269,0.04173075035214424,0.00525846378877759,0.9974941611289978,0.06699306517839432,-0.042532920837402344,-0.06744793802499771,0.9980472326278687
0.9978057146072388,0.017819328233599663,-0.06312071532011032,-0.0207213182002306,0.9991013407707214,-0.04450029507279396,0.06340204924345016,0.04577956348657608,0.9978891611099243
0.9979190826416016,0.019313031807541847,-0.0606863796710968,-0.022094106301665306,0.9989577531814575,-0.04684612900018692,0.06048610806465149,0.04854927957057953,0.998119592666626
0.9981163740158081,0.021813230589032173,-0.05490589141845703,-0.02454405464231968,0.9985648393630981,-0.05209854617714882,0.05394585058093071,0.05445687100291252,0.998050332069397
0.998698890209198,0.0017775387968868017,-0.051601238548755646,-0.005234946496784687,0.9987091422080994,-0.05965616926550865,0.05091780796647072,0.06132565066218376,0.9969442486763
0.9992215633392334,0.020922798663377762,-0.04102900251746178,-0.02363230288028717,0.9977707266807556,-0.06330981105566025,0.038519177585840225,0.06607887148857117,0.996790885925293
1.0002381801605225,0.001500940416008234,-0.033921658992767334,-0.00440220907330513,0.9981120228767395,-0.07050356268882751,0.03346307575702667,0.07250390201807022,0.9952991604804993
1.0006128549575806,0.0019375962438061833,-0.026110967621207237,-0.004499391652643681,0.9980020523071289,-0.07299318164587021,0.025819621980190277,0.07575452327728271,0.9951485991477966
1.0008465051651,0.0016537068877369165,-0.01769399084150791,-0.003813777817413211,0.9978187680244446,-0.0749664157629013,0.016845589503645897,0.07853470742702484,0.9953169822692871
1.0010110139846802,0.004632803611457348,0.0006163199432194233,-0.005455185659229755,0.9977856874465942,0.07673988491296768,0.0020498456433415413,-0.08022966235876083,0.9957337975502014
1.0003607273101807,-0.012087887153029442,0.02540748193860054,0.010330365970730782,0.9978247880935669,0.07169753313064575,-0.030015459284186363,-0.07331935316324234,0.9964517951011658
0.9988958835601807,0.01684010587632656,-0.05034584924578667,-0.013831599615514278,0.9988381266593933,0.05660032853484154,0.055280983448028564,-0.055673934519290924,0.996635377407074
0.9988672733306885,0.0022263680584728718,-0.05739742890000343,0.0021530978847295046,0.9992799758911133,0.0522942990064621,0.061711832880973816,-0.05151014029979706,0.9964537024497986
0.998296856880188,0.002032956574112177,-0.059991344809532166,0.0024576063733547926,0.9994989633560181,0.050585661083459854,0.06470202654600143,-0.04806686192750931,0.9972996711730957
0.9974382519721985,0.002864368725568056,-0.060961123555898666,0.0008168320637196302,0.9989434480667114,0.05145164951682091,0.06492109596729279,-0.04770909249782562,0.9985404014587402
0.9970182776451111,0.0036046814639121294,-0.06357955187559128,-0.001756202196702361,0.9986485242843628,0.04970348998904228,0.0651562511920929,-0.046188462525606155,0.9989389777183533
0.9977004528045654,0.007362722419202328,-0.06327429413795471,-0.005024017300456762,0.998374342918396,0.05010635778307915,0.0628756433725357,-0.048472143709659576,0.9980031251907349
0.9984309077262878,0.010923444293439388,-0.06445072591304779,-0.007678374648094177,0.9985945820808411,0.04744246229529381,0.06332873553037643,-0.046766575425863266,0.9957807064056396
0.9988653659820557,0.0142548568546772,-0.06387005746364594,-0.010776367038488388,0.9991487860679626,0.04536827281117439,0.06445860862731934,-0.045124370604753494,0.9930385947227478
0.9965154528617859,-0.013808866031467915,-0.0774819403886795,0.01397094689309597,1.0000755786895752,0.0008051372715272009,0.07904636114835739,-0.002011063741520047,0.9984515905380249
0.9972094297409058,0.013963147066533566,-0.06942164897918701,-0.01691318117082119,0.9990877509117126,-0.03616034984588623,0.06947911530733109,0.03707469627261162,0.9980494976043701
0.9974428415298462,0.01499393954873085,-0.06732073426246643,-0.017389168962836266,0.9993138313293457,-0.04024740681052208,0.06724078953266144,0.041171785444021225,0.9980337023735046
0.9977118968963623,0.01619131863117218,-0.06379406154155731,-0.018716027960181236,0.9991426467895508,-0.04451500251889229,0.06316769123077393,0.04592101275920868,0.9980618357658386
0.998373806476593,0.004074731841683388,-0.059339527040719986,-0.007117294240742922,0.9989219307899475,-0.052303120493888855,0.05903095752000809,0.05370987951755524,0.9973658323287964
0.9989661574363708,0.0021169784013181925,-0.053096313029527664,-0.005341996438801289,0.9985784292221069,-0.05817342549562454,0.053088050335645676,0.05960920453071594,0.9968467354774475
0.9996697902679443,0.0024953230749815702,-0.04233141243457794,-0.005357075482606888,0.9980427622795105,-0.06584233045578003,0.042815640568733215,0.06742274016141891,0.9963361024856567
0.9999620914459229,0.002813786268234253,-0.031168220564723015,-0.005035453010350466,0.9977904558181763,-0.07121225446462631,0.03208201006054878,0.07357820123434067,0.9961522817611694
1.0000168085098267,0.0018125565256923437,-0.02468142844736576,-0.0037403907626867294,0.998160183429718,-0.07336674630641937,0.0255464855581522,0.07593663036823273,0.9959149956703186
1.0004186630249023,0.004032821860164404,0.00869519542902708,-0.005067493766546249,0.9981329441070557,0.0764569416642189,-0.00832714606076479,-0.07940717786550522,0.995760440826416
0.9998626708984375,0.009438006207346916,-0.04906395822763443,-0.0070973727852106094,0.9988808035850525,0.05827490612864494,0.05291808396577835,-0.05975869670510292,0.996059000492096
0.9987474679946899,0.014750913716852665,-0.060171548277139664,-0.012241672724485397,0.9994145631790161,0.045249901711940765,0.06485036015510559,-0.04513256996870041,0.996630072593689
0.998069167137146,0.018671352416276932,-0.06423544883728027,-0.016391213983297348,0.999586284160614,0.03837628662586212,0.06853879988193512,-0.03745267167687416,0.9968520402908325
0.9982473254203796,0.0013961374061182141,-0.0662950947880745,0.002270285738632083,0.9995990991592407,0.03956330567598343,0.06920597702264786,-0.04015876725316048,0.9964312314987183
0.9981372356414795,0.0007847495726309717,-0.06652195751667023,0.0035647698678076267,0.9999209642410278,0.04018310457468033,0.06943855434656143,-0.0400167815387249,0.9962361454963684
0.9979220032691956,0.001171020558103919,-0.06589186191558838,0.003849762724712491,1.0003083944320679,0.04291564226150513,0.06930166482925415,-0.040988292545080185,0.9966704249382019
0.99761962890625,0.0029408761765807867,-0.06487618386745453,0.0012892023660242558,1.0001171827316284,0.04644080251455307,0.06800126284360886,-0.04291008040308952,0.9976149201393127
0.9970548748970032,0.005358139984309673,-0.06456737220287323,-0.002545354887843132,0.9992372393608093,0.04836660623550415,0.06659922748804092,-0.04476450756192207,0.9984790086746216
0.9972975850105286,0.006797826383262873,-0.06699404120445251,-0.004358129575848579,0.998864471912384,0.04593827202916145,0.06655669957399368,-0.04312370717525482,0.9981136322021484
0.9981289505958557,0.01080997008830309,-0.06764847040176392,-0.008199591189622879,0.998707115650177,0.043897490948438644,0.06650985032320023,-0.04216495901346207,0.9961835741996765
0.9987078905105591,-0.023588623851537704,0.05916786566376686,0.02033824287354946,0.9982491731643677,0.04971085861325264,-0.05863916128873825,-0.04720471799373627,0.9923844337463379
0.9963470101356506,-0.013484440743923187,0.07814943790435791,0.013316056691110134,1.0000946521759033,0.0018377640517428517,-0.07907974720001221,-0.0011329221306368709,0.9983993768692017
0.9969009160995483,0.008724990300834179,-0.07347503304481506,-0.011318511329591274,0.9994097352027893,-0.030976207926869392,0.07322075217962265,0.03131813183426857,0.9979820847511292
0.9972561597824097,0.005431645084172487,-0.07311876863241196,-0.0073789143934845924,0.9996227025985718,-0.03337264060974121,0.07250294834375381,0.033660952001810074,0.9978078603744507
0.9977905750274658,0.015234768390655518,-0.06791288405656815,-0.017426516860723495,0.9993178844451904,-0.03897412493824959,0.06719886511564255,0.04032471403479576,0.997767984867096
0.9985284209251404,0.007511087227612734,-0.058336324989795685,-0.010544615797698498,0.9987325072288513,-0.05279715731739998,0.058179277926683426,0.05415859445929527,0.9973341822624207
0.9989086389541626,0.005589987616986036,-0.05235542729496956,-0.008700444363057613,0.9983727335929871,-0.058001693338155746,0.05296255648136139,0.05970150604844093,0.9971091747283936
0.9992502927780151,0.003348433645442128,-0.04109823703765869,-0.0062646688893437386,0.9978227615356445,-0.06589809060096741,0.04228374361991882,0.06806043535470963,0.9971256256103516
0.9972556233406067,-0.01377685833722353,-0.07486246526241302,0.012869411148130894,0.9999656677246094,-0.014553491026163101,0.07797612994909286,0.014426572248339653,0.9969679713249207
0.9996153712272644,-0.007264154031872749,0.02542966790497303,0.00543410936370492,0.9986228942871094,0.0728185772895813,-0.027276400476694107,-0.07509704679250717,0.9963713884353638
1.0002788305282593,0.0035202086437493563,0.008672310970723629,-0.00360094103962183,0.9981444478034973,-0.07623985409736633,-0.00918129738420248,0.07933956384658813,0.9964794516563416
0.9988399147987366,-0.009503206238150597,-0.06764662265777588,0.007445482071489096,0.9997068643569946,-0.03426627442240715,0.07176373153924942,0.035126619040966034,0.9964404702186584
0.9983999729156494,0.01557510532438755,-0.06465978175401688,-0.013419708237051964,0.9996263384819031,0.0375431627035141,0.06937635689973831,-0.03786752372980118,0.9970067739486694
0.9977048635482788,-0.01859612576663494,-0.06786365061998367,0.016887107864022255,0.9997730255126953,-0.03081919625401497,0.07219216227531433,0.030266761779785156,0.9973298907279968
0.9975649118423462,-0.020376939326524734,-0.0675957202911377,0.018472718074917793,0.9997249841690063,-0.03193804249167442,0.07110168784856796,0.031295858323574066,0.9972036480903625
0.9976207613945007,-0.023804819211363792,-0.06622783839702606,0.02149401791393757,0.9996829628944397,-0.033948760479688644,0.06914959847927094,0.032857514917850494,0.9968371987342834
0.9973717331886292,0.026514265686273575,-0.06582411378622055,-0.023732362315058708,0.99969482421875,0.0342719592154026,0.06903617084026337,-0.032330501824617386,0.9968360662460327
0.9975147843360901,0.0009562511695548892,-0.07048986107110977,0.0031997994519770145,1.000213861465454,0.03597210347652435,0.07234476506710052,-0.03501633182168007,0.9966945052146912
0.99735426902771,0.004770153202116489,-0.0697774887084961,-0.0010915782768279314,1.0001354217529297,0.039083316922187805,0.07195986807346344,-0.03610379248857498,0.9974681735038757
0.9966168999671936,0.006223722361028194,-0.07109786570072174,-0.003659668145701289,0.9997866749763489,0.038689613342285156,0.07196073979139328,-0.03500999137759209,0.9981234073638916
0.9970847964286804,0.008764497935771942,-0.07254057377576828,-0.006617547944188118,0.9994032979011536,0.03733832761645317,0.07099626213312149,-0.033620435744524,0.9970183968544006
0.9975467324256897,0.014910301193594933,0.07055673748254776,-0.011903773993253708,0.9989399313926697,-0.0396253801882267,-0.06928064674139023,0.0369928739964962,0.9961037039756775
0.9963273406028748,-0.013523101806640625,0.07863621413707733,0.013675234280526638,0.9999208450317383,-0.0003023240133188665,-0.07917583733797073,0.0008165810140781105,0.9983114004135132
0.9966345429420471,0.001696622814051807,-0.07810916751623154,-0.0033765488769859076,0.9997619986534119,-0.020802268758416176,0.07724978774785995,0.02052859030663967,0.997859537601471
0.9972682595252991,0.0005304388469085097,-0.07780667394399643,-0.0018509265501052141,0.9998795390129089,-0.022071093320846558,0.07696706056594849,0.02215481363236904,0.9974808096885681
0.9976375102996826,0.019438017159700394,-0.07313784956932068,-0.02106952667236328,0.9995889067649841,-0.025272104889154434,0.07269948720932007,0.0268885288387537,0.9976263046264648
0.9977545738220215,-7.514240860473365e-05,-0.07034382224082947,-0.0023395679891109467,0.9995259642601013,-0.03595532104372978,0.0711660087108612,0.03659175708889961,0.9971936941146851
0.9976357817649841,-0.007385961711406708,-0.06945139914751053,0.005369810853153467,0.9995677471160889,-0.03535033389925957,0.07162123918533325,0.03569797798991203,0.9971135258674622
0.9973914623260498,-0.0256517231464386,-0.06258032470941544,0.02434530481696129,0.9995280504226685,-0.038841694593429565,0.06586477160453796,0.03829740360379219,0.9973446726799011
0.9971750974655151,-0.013916591182351112,-0.07475144416093826,0.012831584550440311,0.9998417496681213,-0.014362319372594357,0.07799488306045532,0.014297164045274258,0.9974022507667542
0.998508095741272,-0.005692622624337673,0.07205028086900711,0.0052536725997924805,1.0000776052474976,0.02823145128786564,-0.07446376234292984,-0.02831347845494747,0.9962427020072937
0.9984461665153503,-0.0189544465392828,-0.07319043576717377,0.018413962796330452,0.9999374151229858,-0.014433220960199833,0.07660466432571411,0.013582761399447918,0.9967294931411743
0.9984892010688782,-0.018709925934672356,-0.07003329694271088,0.017653468996286392,0.9998853802680969,-0.024388598278164864,0.07446549832820892,0.02431235834956169,0.9969276785850525
0.9982255697250366,-0.022194212302565575,-0.0664074569940567,0.0209325160831213,0.9997923374176025,-0.030406581237912178,0.07121018320322037,0.030454440042376518,0.9973958730697632
0.9975871443748474,-0.024224698543548584,-0.06778307259082794,0.023191526532173157,0.9998021721839905,-0.02638298273086548,0.07231000810861588,0.02595623768866062,0.9977980852127075
0.997272253036499,-0.024832529947161674,-0.06846139580011368,0.02371963858604431,0.9998157024383545,-0.026102911680936813,0.07206560671329498,0.025629227980971336,0.9977821707725525
0.9971969723701477,-0.027348393574357033,-0.06769917160272598,0.0257189329713583,0.9998366832733154,-0.02799101173877716,0.07035035640001297,0.02743356302380562,0.9974573850631714
0.9971032738685608,-0.02826591022312641,-0.0679389238357544,0.026020623743534088,0.999791145324707,-0.028615066781640053,0.07015629857778549,0.02762831747531891,0.9971560835838318
0.9972779750823975,5.294923539622687e-05,-0.07367005199193954,0.0034409314393997192,0.9998610615730286,0.02924821712076664,0.07449381053447723,-0.029629137367010117,0.9969308972358704
0.997312605381012,0.005078477784991264,-0.0731750950217247,-0.0015463363379240036,1.0000633001327515,0.03198711574077606,0.07422597706317902,-0.03048037178814411,0.9970384836196899
0.9968424439430237,0.007298160344362259,-0.07367178797721863,-0.004253217484802008,1.0001769065856934,0.03258374333381653,0.07454086095094681,-0.029654450714588165,0.9975134134292603
0.9963721036911011,0.019202949479222298,0.07217060774564743,-0.016036080196499825,0.9992416501045227,-0.033983297646045685,-0.07128136605024338,0.03008490614593029,0.9977250695228577
0.997148334980011,0.011012371629476547,0.07434096932411194,-0.008169550448656082,0.9992588758468628,-0.034372806549072266,-0.07388687878847122,0.03182390704751015,0.996954083442688
0.997066080570221,-0.017111647874116898,0.0706721767783165,0.014235686510801315,0.9991370439529419,0.03569342941045761,-0.07044084370136261,-0.034916266798973083,0.9982209801673889
0.9963362812995911,0.02890200726687908,-0.07552287727594376,-0.028636636212468147,0.9998056888580322,-0.0019277154933661222,0.07478614896535873,0.0029330055695027113,0.9982153177261353
0.9972953200340271,-0.030383359640836716,-0.07441164553165436,0.03069450706243515,0.9996062517166138,0.00828186422586441,0.07346578687429428,-0.010107317939400673,0.9977457523345947
0.9974781274795532,-0.029573215171694756,-0.07289084047079086,0.03054814599454403,0.9996235966682434,0.012434657663106918,0.0728481188416481,-0.01445110235363245,0.9976767897605896
0.9973737001419067,0.003213985590264201,-0.07414601743221283,-0.005038067698478699,0.9997469782829285,-0.02632957324385643,0.07537249475717545,0.026893844828009605,0.9972688555717468
0.9972371459007263,0.01130678877234459,-0.07368224859237671,-0.012975521385669708,0.9997059106826782,-0.022721508517861366,0.07579968124628067,0.02392270602285862,0.9974637031555176
0.9972174763679504,-0.013927049934864044,-0.07499897480010986,0.012886960059404373,0.9998535513877869,-0.014294889755547047,0.07795514166355133,0.014243883080780506,0.9974009990692139
0.9971399903297424,-0.013935185968875885,-0.07482133060693741,0.012806439772248268,0.9998481273651123,-0.014301365241408348,0.07797516882419586,0.01421321090310812,0.9976191520690918
0.9990003705024719,0.010756894014775753,0.05866563692688942,-0.01232234388589859,0.9993460178375244,0.04915134608745575,-0.06029166281223297,-0.05141058191657066,0.9965763688087463
0.998283326625824,0.019432634115219116,0.07216476649045944,-0.02047373726963997,0.9997603893280029,0.017597388476133347,-0.07527598738670349,-0.01967591792345047,0.9970320463180542
0.9981778860092163,-0.021789535880088806,-0.07038280367851257,0.0209516491740942,0.9998320937156677,-0.021210268139839172,0.0747603327035904,0.021073153242468834,0.9974372982978821
0.9980459809303284,-0.02319585345685482,-0.06813674420118332,0.022054769098758698,0.9998037219047546,-0.025985250249505043,0.07275015860795975,0.026100635528564453,0.9978339076042175
0.9974672198295593,0.025283992290496826,-0.06943871825933456,-0.0244104266166687,0.9998756647109985,0.020704254508018494,0.07393293082714081,-0.020407795906066895,0.9982967376708984
0.9970744252204895,0.02817496471107006,-0.06908943504095078,-0.027535617351531982,0.9998649954795837,0.020593993365764618,0.07270676642656326,-0.020308172330260277,0.9984046220779419
0.9967924952507019,0.03042597509920597,-0.069048672914505,-0.029406161978840828,0.9999436140060425,0.021243253722786903,0.07143424451351166,-0.021073339506983757,0.998143196105957
0.9968366622924805,0.030752871185541153,-0.06967844069004059,-0.02902444824576378,0.9999679923057556,0.022193189710378647,0.07107279449701309,-0.02187112718820572,0.9976829886436462
0.996837854385376,0.028051726520061493,-0.07239797711372375,-0.02591407671570778,0.9999057650566101,0.019059905782341957,0.07341406494379044,-0.017991119995713234,0.9975247979164124
0.9966099262237549,-0.024289682507514954,0.07609239965677261,0.0231479462236166,1.0000380277633667,0.008150138892233372,-0.07638625055551529,-0.005952043458819389,0.9975650310516357
0.9964250922203064,-0.021619882434606552,0.07748560607433319,0.020896535366773605,1.0000653266906738,0.008296214044094086,-0.07720637321472168,-0.005305982660502195,0.9976106882095337
0.9962800741195679,0.01574338600039482,0.07633891701698303,-0.01336259301751852,0.9998780488967896,-0.024648424237966537,-0.07544095069169998,0.02170293964445591,0.9973158240318298
0.9964569211006165,0.009853547438979149,0.07886920869350433,-0.00781185831874609,0.9998154640197754,-0.02191479504108429,-0.07844048738479614,0.019358590245246887,0.9974707961082458
0.9966093301773071,-0.01051170751452446,0.07691667228937149,0.00861185509711504,0.9996278285980225,0.023438705131411552,-0.07646246254444122,-0.022919118404388428,0.9980713129043579
0.9966732263565063,0.025683414191007614,-0.07650125026702881,-0.024799106642603874,0.9998672604560852,0.008318651467561722,0.07566571980714798,-0.00718276109546423,0.9982346892356873
0.9973335266113281,0.027932625263929367,-0.07563731074333191,-0.027860328555107117,0.9998591542243958,0.003218838246539235,0.07506925612688065,-0.0014731644187122583,0.9975753426551819
0.997404158115387,0.031279537826776505,-0.07307837903499603,-0.031507547944784164,0.9997415542602539,0.0004265525785740465,0.07373865693807602,0.001397448591887951,0.9975851774215698
0.9969031810760498,-0.023473136126995087,-0.0737970694899559,0.024749603122472763,0.9997784495353699,0.012647068127989769,0.07511158287525177,-0.014037697575986385,0.9977161884307861
0.9972662329673767,-0.013915364630520344,-0.07548707723617554,0.012870417907834053,0.9998732805252075,-0.014347040094435215,0.07800661772489548,0.014190085232257843,0.9972843527793884
0.9971665143966675,-0.014022276736795902,-0.07516936957836151,0.012887977994978428,0.9997953772544861,-0.014271681196987629,0.0778341293334961,0.014085046947002411,0.9974512457847595
0.9971685409545898,-0.014001447707414627,-0.07499272376298904,0.012847594916820526,0.9998549222946167,-0.014231141656637192,0.0780765637755394,0.014098191633820534,0.9976270198822021
0.9990025162696838,0.01274696085602045,0.060237083584070206,-0.014435329474508762,0.9993138909339905,0.04673628881573677,-0.06200486794114113,-0.049039922654628754,0.9967756867408752
0.9982333183288574,0.01909421570599079,0.0706803947687149,-0.020536569878458977,0.9997076988220215,0.02347804233431816,-0.07366044819355011,-0.0255519300699234,0.9972472190856934
0.9980469346046448,-0.022091131657361984,-0.06858910620212555,0.020775271579623222,0.9997379183769226,-0.02747178077697754,0.0725359171628952,0.02777763456106186,0.9976561069488525
0.9979098439216614,-0.021283293142914772,-0.06830061227083206,0.01969834975898266,0.9997227787971497,-0.028752857819199562,0.07230722159147263,0.0292544923722744,0.9980241060256958
0.9973147511482239,-0.021092478185892105,-0.07166260480880737,0.019637830555438995,0.9999567866325378,-0.020014489069581032,0.0755075216293335,0.020099783316254616,0.9985814094543457
0.996849775314331,0.025118982419371605,-0.07205145061016083,-0.024282993748784065,1.000062108039856,0.01575487293303013,0.07520483434200287,-0.015650345012545586,0.9989020228385925
0.9964758157730103,0.030989689752459526,-0.07098773121833801,-0.030209697782993317,1.0001187324523926,0.015143264085054398,0.07278404384851456,-0.015317261219024658,0.9988204836845398
0.996654212474823,0.03226970136165619,-0.07127531617879868,-0.030790366232395172,1.0000524520874023,0.016154035925865173,0.07192111760377884,-0.016301248222589493,0.9983161091804504
0.9968700408935547,-0.02772560715675354,0.07405738532543182,0.025972165167331696,0.9999584555625916,0.013847006484866142,-0.07428965717554092,-0.01333278976380825,0.9978506565093994
0.9968068599700928,0.023711485788226128,-0.07496018707752228,-0.021907325834035873,0.9999131560325623,0.01714763231575489,0.07529868930578232,-0.01571788638830185,0.997606635093689
0.9967532753944397,-0.021907677873969078,0.07666859030723572,0.02095133066177368,0.9999544024467468,0.012915604747831821,-0.07629118114709854,-0.010712963528931141,0.9973193407058716
0.9965555667877197,0.012755563482642174,0.07789120078086853,-0.011093695648014545,0.9999312162399292,-0.01867653988301754,-0.07777869701385498,0.016845036298036575,0.9971902966499329
0.9964025020599365,0.006659891922026873,0.0798749178647995,-0.005082345101982355,0.9997987747192383,-0.015120846219360828,-0.08057775348424911,0.013188939541578293,0.998232364654541
0.9964154958724976,0.013614813797175884,-0.07909243553876877,-0.012944796122610569,0.9998327493667603,0.010313950479030609,0.078711599111557,-0.00967932678759098,0.9979640245437622
0.9968445897102356,0.013933515176177025,-0.07907450199127197,-0.013360762968659401,0.9999173879623413,0.01083874236792326,0.07817546278238297,-0.010298964567482471,0.997916042804718
0.9972925782203674,0.016655540093779564,-0.07838590443134308,-0.016099758446216583,1.0000724792480469,0.007453231606632471,0.07809090614318848,-0.006878820713609457,0.9972279071807861
0.9974428415298462,0.021326648071408272,-0.07619410753250122,-0.021009422838687897,0.9999703168869019,0.004769100341945887,0.07734233140945435,-0.003895316505804658,0.9973287582397461
0.9965319633483887,0.03965378925204277,-0.0673195868730545,-0.04071282222867012,0.9995354413986206,-0.006823320873081684,0.06853664666414261,0.008595197461545467,0.9982341527938843
0.9971715211868286,-0.013896800577640533,-0.07551132142543793,0.012773539870977402,0.9998987913131714,-0.014203611761331558,0.07794775068759918,0.014150685630738735,0.9973282217979431
0.9971514940261841,-0.013882270082831383,-0.07530007511377335,0.012939569540321827,0.999917209148407,-0.014200038276612759,0.07788702100515366,0.014235558919608593,0.997471809387207
0.9990487694740295,0.05287415161728859,0.04062378779053688,-0.05364575609564781,0.997750461101532,-0.04262325540184975,-0.04278457537293434,0.039169467985630035,0.9981623291969299
0.9991098046302795,0.004633243195712566,0.06021106615662575,-0.006262411829084158,0.9994022250175476,0.04851585626602173,-0.06243694946169853,-0.05004731938242912,0.9966626763343811
0.9987398982048035,-0.017308056354522705,0.06080504506826401,0.019565079361200333,0.9991095662117004,-0.043962009251117706,-0.06309587508440018,0.04644545912742615,0.997386634349823
0.9982219338417053,0.022897187620401382,0.06927548348903656,-0.024847783148288727,0.9996102452278137,0.024761853739619255,-0.07204151153564453,-0.02686624601483345,0.9976339340209961
0.9977275133132935,0.02066883258521557,0.07334104925394058,-0.022144097834825516,1.000004529953003,0.012714501470327377,-0.07654508203268051,-0.013988920487463474,0.9979158639907837
0.9970100522041321,-0.02314756065607071,0.07392379641532898,0.02295844443142414,1.0003348588943481,0.007940138690173626,-0.07701241225004196,-0.007940991781651974,0.9985870718955994
0.996679425239563,-0.026318522170186043,0.07378505915403366,0.026559127494692802,1.0003385543823242,0.0037279580719769,-0.07627402991056442,-0.0038011802826076746,0.9990695118904114
0.9963527917861938,0.03017822653055191,-0.07315059751272202,-0.03008374199271202,1.000258445739746,0.0064561814069747925,0.07434087991714478,-0.006975827272981405,0.9992164969444275
0.99651038646698,0.029525481164455414,-0.07430915534496307,-0.028700150549411774,1.0001232624053955,0.0073506492190063,0.07426775991916656,-0.00788678228855133,0.9988017082214355
0.9969618320465088,0.002689813729375601,-0.0801931768655777,-0.0017283231718465686,0.9998440146446228,0.006426283158361912,0.07947739213705063,-0.0073006185702979565,0.9982483386993408
0.9967858791351318,0.020371804013848305,-0.07721021771430969,-0.019554827362298965,0.9999589920043945,0.008555122651159763,0.07719153165817261,-0.007703278213739395,0.9976224303245544
0.9969363212585449,0.015736011788249016,-0.07803899049758911,-0.014737850055098534,0.9998285174369812,0.010544315911829472,0.07817242294549942,-0.009377606213092804,0.9973145723342896
0.9964950084686279,0.01908092200756073,-0.0781979113817215,-0.018773259595036507,0.9997463822364807,0.005233135540038347,0.07826151698827744,-0.0031667023431509733,0.997825026512146
0.9967442154884338,-0.009199791587889194,0.08001011610031128,0.010149720124900341,0.9998565912246704,-0.011503406800329685,-0.08030971139669418,0.01427493803203106,1.000714659690857
0.9965113401412964,-0.010406436398625374,-0.07884230464696884,0.009579627774655819,0.9997591972351074,-0.012480472214519978,0.07894711941480637,0.011852498166263103,0.9977691769599915
0.9969431161880493,-0.002625763416290283,0.07953473180532455,0.002023659646511078,0.9997803568840027,0.014836059883236885,-0.07849203795194626,-0.01483808271586895,0.9975051879882812
0.9972794651985168,-0.0023842619266361,0.07955302298069,0.0015924944309517741,0.9998540878295898,0.01165531761944294,-0.07908668369054794,-0.012395039200782776,0.9971804618835449
0.997555673122406,-0.0015529142692685127,0.07865911722183228,0.00026877099298872054,0.9999576807022095,0.009275228716433048,-0.07965153455734253,-0.010171990841627121,0.9972708821296692
0.9971901178359985,-0.01392490603029728,-0.07581079006195068,0.012944051064550877,0.9999432563781738,-0.013997112400829792,0.07795032858848572,0.014155097305774689,0.9971928596496582
0.9971425533294678,-0.013904143124818802,-0.0755440965294838,0.012800187803804874,0.9999805092811584,-0.0139642134308815,0.07792866230010986,0.014219725504517555,0.9973911046981812
0.9990761280059814,0.048652879893779755,-0.04058688506484032,-0.050877854228019714,0.9973828792572021,-0.04468972608447075,0.04045839235186577,0.047782424837350845,0.9983317852020264
0.9993476271629333,0.04661357030272484,-0.03798612207174301,-0.0488632507622242,0.9972650408744812,-0.04865354672074318,0.03817747160792351,0.051661498844623566,0.9984368085861206
0.9998840093612671,0.0320422537624836,-0.033036258071660995,-0.03372042998671532,0.9974967241287231,-0.062033552676439285,0.033528171479701996,0.0651250034570694,0.9978658556938171
1.0001507997512817,0.03029758110642433,-0.027762841433286667,-0.03171892836689949,0.9973539113998413,-0.06552424281835556,0.02832341194152832,0.06858706474304199,0.9979766607284546
1.0001397132873535,0.0308942049741745,-0.03683975711464882,-0.033018603920936584,0.9975923895835876,-0.06054537370800972,0.037995997816324234,0.06339631974697113,0.9980719089508057
0.9993368983268738,-0.027129190042614937,0.05493456870317459,0.030670098960399628,0.998516857624054,-0.047079406678676605,-0.05744018033146858,0.04893806576728821,0.99828040599823
0.9971290230751038,0.025249367579817772,-0.07254902273416519,-0.027393287047743797,1.000433325767517,-0.013427016325294971,0.07540011405944824,0.012889550998806953,0.9989266395568848
