0.9984931349754333,-0.03135775029659271,-0.05553127080202103,0.03595825284719467,0.9960116744041443,0.08018198609352112,0.05239700898528099,-0.07879577577114105,0.9906259775161743
0.9994016289710999,-0.03287516161799431,-0.04268419370055199,0.036827605217695236,0.9957656264305115,0.08683234453201294,0.038000449538230896,-0.08600964397192001,0.99176424741745
0.9998883605003357,-0.032047439366579056,-0.03454340249300003,0.03522501513361931,0.9955080151557922,0.09022887051105499,0.02968660369515419,-0.08946066349744797,0.991973340511322
1.0003149509429932,-0.03071930818259716,-0.027499834075570107,0.0332062803208828,0.9953856468200684,0.09257833659648895,0.02301914058625698,-0.09212198853492737,0.9918667674064636
1.0007588863372803,-0.029194751754403114,0.022192858159542084,0.031093960627913475,0.9951533675193787,-0.09418337047100067,-0.017907841131091118,0.09343116730451584,0.9915435910224915
1.0015935897827148,-0.014380345121026039,0.005083358846604824,0.01438959315419197,0.9949654936790466,-0.0994156077504158,-0.004072681535035372,0.0993424728512764,0.9902559518814087
1.0014479160308838,-0.026522504165768623,-0.01010104175657034,0.027000101283192635,0.9949494004249573,0.09744137525558472,0.005390833131968975,-0.09575539827346802,0.9896910786628723
1.0018452405929565,-0.027183296158909798,-0.005013651680201292,0.02682029828429222,0.9952030777931213,0.09775231778621674,0.0003965926880482584,-0.0949937179684639,0.987309455871582
1.0015913248062134,-0.028062377125024796,0.0010670170886442065,0.028239954262971878,0.9955936074256897,0.09649743139743805,-0.0036520378198474646,-0.094256192445755,0.9826328158378601
0.9964134097099304,-0.026850391179323196,0.08191882073879242,0.031642161309719086,0.9982116222381592,-0.05332282558083534,-0.07907712459564209,0.05433777719736099,0.994217574596405
0.9985827803611755,-0.01906474307179451,-0.05453583970665932,0.01447331439703703,0.9966930150985718,-0.08339069038629532,0.05503103882074356,0.08296557515859604,0.9937027096748352
0.9976633787155151,0.01124793104827404,-0.07397086918354034,-0.01667381264269352,0.9972962737083435,-0.06785408407449722,0.07321722060441971,0.06704512983560562,0.9938996434211731
0.9981757402420044,0.015693020075559616,-0.06764734536409378,-0.02089974842965603,0.9969493746757507,-0.07318989932537079,0.06684087961912155,0.07248034328222275,0.9935775995254517
0.9987660646438599,0.016005273908376694,-0.059112999588251114,-0.020395124331116676,0.9964657425880432,-0.08000250160694122,0.05868856608867645,0.07924635708332062,0.9932786822319031
0.9991574883460999,0.017395932227373123,-0.047213658690452576,-0.020791856572031975,0.9961122870445251,-0.0867188349366188,0.04721599072217941,0.08655442297458649,0.9930727481842041
0.9991061687469482,0.020031537860631943,-0.03828175738453865,-0.02271074615418911,0.9958249926567078,-0.0898674726486206,0.038138020783662796,0.0903552919626236,0.993002712726593
0.9992890357971191,0.020352274179458618,-0.02913798578083515,-0.02274390682578087,0.9951931238174438,-0.09309359639883041,0.02883322350680828,0.09403937309980392,0.993075430393219
0.999994158744812,0.010007885284721851,-0.01995021104812622,-0.012024326249957085,0.9951329231262207,-0.09751001745462418,0.020798034965991974,0.0979674756526947,0.9932589530944824
1.0005662441253662,0.02069014310836792,0.012290844693779945,-0.021591348573565483,0.9947541356086731,0.09756314009428024,-0.011752333492040634,-0.09730719774961472,0.9928463697433472
1.00101637840271,0.018641991540789604,0.0008739863405935466,-0.018182003870606422,0.9947425723075867,0.09938112646341324,-0.0007411292172037065,-0.09812245517969131,0.9918528199195862
1.001634120941162,0.013531604781746864,-0.014430830255150795,-0.010876930318772793,0.9948648810386658,0.09989706426858902,0.013975732959806919,-0.09669262170791626,0.9900911450386047
1.0019862651824951,-0.02851671352982521,0.010326456278562546,0.026450829580426216,0.9959267377853394,0.09630078822374344,-0.014799559488892555,-0.09285694360733032,0.9859196543693542
1.001135230064392,-0.029847227036952972,0.010613002814352512,0.02863358147442341,0.9950141310691833,0.09484728425741196,-0.008927207440137863,-0.09048368036746979,0.9754890203475952
0.9954022765159607,-0.021474339067935944,-0.09384582936763763,0.024966157972812653,0.9988201856613159,0.03174832463264465,0.09219586104154587,-0.03330087661743164,0.9939932823181152
0.9961080551147461,-0.024880193173885345,-0.08667586743831635,0.029056088998913765,0.9984261989593506,0.0454215370118618,0.08496659994125366,-0.04655437171459198,0.9946659803390503
0.9971022605895996,0.013380607590079308,-0.07730075716972351,-0.01810414344072342,0.9976485967636108,-0.063259057700634,0.07665864378213882,0.0632622241973877,0.9946527481079102
0.9971410036087036,0.017728805541992188,-0.07036419957876205,-0.02231915295124054,0.9972015619277954,-0.06952103972434998,0.06953506916761398,0.06976623088121414,0.9947066307067871
0.9970710873603821,0.020141562446951866,-0.06418637186288834,-0.02433599717915058,0.9969604015350342,-0.07448200136423111,0.062764972448349,0.07502463459968567,0.9945465922355652
0.9970661997795105,0.019186101853847504,-0.05675056576728821,-0.02276357263326645,0.9966046214103699,-0.0802653506398201,0.05455319955945015,0.08117735385894775,0.9940910339355469
0.9970462322235107,0.01931842975318432,-0.046314265578985214,-0.022076549008488655,0.9962835311889648,-0.08612269163131714,0.04324031248688698,0.08774544298648834,0.9935828447341919
0.9971375465393066,0.0211173165589571,-0.03861865773797035,-0.02344789169728756,0.9960270524024963,-0.08870198577642441,0.03444060683250427,0.09117558598518372,0.9933791160583496
0.9974506497383118,0.021893419325351715,-0.030467182397842407,-0.02316543087363243,0.99544757604599,-0.09134349972009659,0.025310249999165535,0.09413359314203262,0.9934375286102295
0.9980732798576355,0.004743422381579876,-0.020893435925245285,-0.005691445432603359,0.9953404068946838,-0.09644883126020432,0.016670120880007744,0.09853385388851166,0.9927881360054016
0.9966322183609009,0.02940056473016739,0.007799385115504265,-0.028746232390403748,0.9947572350502014,0.09471458196640015,-0.001980103785172105,-0.09587126970291138,0.994466245174408
0.9970945715904236,-0.029301578179001808,0.04667993634939194,0.03109695576131344,0.9953085780143738,-0.08328253030776978,-0.04298281669616699,0.08551814407110214,0.9945259094238281
0.9969522356987,-0.02467438019812107,0.06580906361341476,0.029138797894120216,0.9970097541809082,-0.07079774886369705,-0.06446421891450882,0.07258112728595734,0.9942519068717957
0.9987072348594666,0.008074842393398285,-0.054451946169137955,-0.0032089531887322664,0.9962199330329895,0.08440137654542923,0.05231204256415367,-0.08533675968647003,0.9933778643608093
0.9989315867424011,0.010703013278543949,-0.059338927268981934,-0.004611302632838488,0.9967939257621765,0.08098649233579636,0.056843820959329605,-0.08202697336673737,0.9912684559822083
1.0018532276153564,-0.02819855324923992,0.015611819922924042,0.025778187438845634,0.9952390789985657,0.0963284820318222,-0.01936555840075016,-0.092845618724823,0.98830646276474
1.0020453929901123,-0.030476706102490425,0.01942070759832859,0.027585310861468315,0.9957101941108704,0.09473421424627304,-0.024666594341397285,-0.08977100998163223,0.9826881289482117
0.9997192025184631,-0.0316021703183651,0.028699466958642006,0.029276954010128975,0.9947198629379272,0.09096813201904297,-0.022897150367498398,-0.08468557894229889,0.9660269618034363
0.9949976801872253,-0.017213454470038414,-0.09908363968133926,0.01879594847559929,0.9996342658996582,0.013533104211091995,0.0979093536734581,-0.015066123567521572,0.9945936799049377
0.9983416199684143,-0.028275908902287483,-0.05083514750003815,0.024161212146282196,0.9962659478187561,-0.08343500643968582,0.05234402418136597,0.08217135071754456,0.9950158596038818
0.9966593384742737,0.016534246504306793,-0.07814642786979675,-0.02132474072277546,0.9979297518730164,-0.06122680380940437,0.07713762670755386,0.061764832586050034,0.995241105556488
0.9966720938682556,0.01809169165790081,-0.07316920906305313,-0.023107260465621948,0.9976610541343689,-0.06675678491592407,0.07142500579357147,0.06741074472665787,0.9950791001319885
0.9968794584274292,0.020311003550887108,-0.06654584407806396,-0.02512465789914131,0.9973705410957336,-0.07291027903556824,0.06342677772045135,0.0737869068980217,0.9944910407066345
0.9971478581428528,0.019879091531038284,-0.059206120669841766,-0.02454512007534504,0.9971035122871399,-0.07889736443758011,0.05465324968099594,0.08019684255123138,0.9933164715766907
0.9976651668548584,0.020427493378520012,-0.04975753277540207,-0.02452549897134304,0.9967184662818909,-0.08448677510023117,0.04364711791276932,0.08648763597011566,0.9920044541358948
0.9981567859649658,0.02245788648724556,-0.040925756096839905,-0.02561931498348713,0.9962943196296692,-0.08776617050170898,0.03361862897872925,0.09057975560426712,0.9910709857940674
0.9994515776634216,0.007313560228794813,-0.03251303732395172,-0.011015886440873146,0.9963459968566895,-0.09338986873626709,0.027419745922088623,0.09488607197999954,0.9894989728927612
0.9999771118164062,0.007601319346576929,-0.02327839843928814,-0.010952279902994633,0.9958222508430481,-0.09544479101896286,0.017893729731440544,0.09755624085664749,0.9896203279495239
1.0002014636993408,0.008262165822088718,0.01078943070024252,-0.009999722242355347,0.9951757192611694,0.09813360869884491,-0.004970771726220846,-0.09940820932388306,0.9905210733413696
0.9991307258605957,-0.013012317940592766,0.009074069559574127,0.012387692928314209,0.9952221512794495,0.09833525121212006,-0.015515322797000408,-0.09760171920061111,0.992000162601471
0.9963660836219788,-0.0261372122913599,0.07731369137763977,0.028334539383649826,0.9961667060852051,-0.05641482397913933,-0.0729002058506012,0.06332261115312576,0.9942086935043335
0.9965192079544067,0.0012968990486115217,-0.06425624340772629,0.002752430969849229,0.9971386790275574,0.07628108561038971,0.06822618842124939,-0.07421258091926575,0.9938837885856628
0.9967796802520752,0.001559748430736363,-0.07011379301548004,0.002310871845111251,0.9966634511947632,0.07198481261730194,0.07137154042720795,-0.07093407213687897,0.9950401782989502
0.9971774220466614,0.004380084108561277,-0.07300279289484024,0.0006996062002144754,0.9967367649078369,0.06999662518501282,0.07149020582437515,-0.07014887034893036,0.9945595264434814
0.9973510503768921,0.00743614649400115,-0.0754828155040741,-0.0012300699017941952,0.9978670477867126,0.06799039244651794,0.07162624597549438,-0.06918370723724365,0.992065966129303
0.9955922365188599,-0.001916821114718914,0.09557448327541351,0.007031903602182865,1.0010915994644165,-0.037428855895996094,-0.09197547286748886,0.03249533846974373,0.988639235496521
1.0020400285720825,-0.030171342194080353,0.04036592319607735,0.02677779458463192,0.997298002243042,0.08590853214263916,-0.04729242995381355,-0.08191031962633133,0.9833993315696716
0.9949022531509399,-0.015365300700068474,0.10064958035945892,0.015496836043894291,0.9997808933258057,-0.0009889807552099228,-0.09943275153636932,0.0026525130961090326,0.9946362972259521
0.9983863830566406,-0.008810475468635559,0.054314177483320236,0.004119048826396465,0.9962986707687378,0.08542084693908691,-0.05439232662320137,-0.08499547094106674,0.995124101638794
0.9960790872573853,0.020008640363812447,-0.08062183111906052,-0.02505011297762394,0.9982084035873413,-0.05764559656381607,0.07892663776874542,0.058067940175533295,0.9956439733505249
0.9959610104560852,0.02185068093240261,-0.07796448469161987,-0.026742633432149887,0.9982753396034241,-0.06113041192293167,0.07507713884115219,0.061645787209272385,0.9951120018959045
0.9963903427124023,0.02495731972157955,-0.07115259021520615,-0.029901891946792603,0.9977841973304749,-0.06796369701623917,0.06675080209970474,0.06898162513971329,0.9941523671150208
0.9977046847343445,-0.0005788009148091078,-0.06612455099821091,-0.005369969643652439,0.9974207878112793,-0.07811322063207626,0.06296489387750626,0.07625690847635269,0.9919551014900208
0.9982774257659912,0.02406623773276806,-0.053786396980285645,-0.028498565778136253,0.9969233870506287,-0.08162447065114975,0.047200847417116165,0.08374132215976715,0.990623414516449
1.000087857246399,-0.0003086375945713371,-0.042993150651454926,-0.0041768974624574184,0.9965425729751587,-0.09132255613803864,0.04142884165048599,0.09036257863044739,0.9886651635169983
1.0003437995910645,0.00012659812637139112,-0.03272129222750664,-0.004199706017971039,0.9962280988693237,-0.09432167559862137,0.031862229108810425,0.09429796040058136,0.9883550405502319
1.0005725622177124,-0.0001046877951011993,-0.021884700283408165,-0.0031477303709834814,0.9958229660987854,-0.09687863290309906,0.02073873020708561,0.09783678501844406,0.9886527061462402
1.0009299516677856,0.004019440151751041,-0.00022757193073630333,-0.004905473906546831,0.9953228235244751,0.09937544167041779,0.003170398063957691,-0.09949889034032822,0.9896702170372009
1.0001879930496216,-0.013434024527668953,0.033475954085588455,0.010963821783661842,0.9957701563835144,0.0926305279135704,-0.03819431737065315,-0.09065241366624832,0.9906472563743591
0.9981738328933716,0.019814183935523033,-0.06474700570106506,-0.01547270454466343,0.997503399848938,0.07252903282642365,0.06960935890674591,-0.06837806850671768,0.9908339977264404
0.9975057244300842,0.0012066501658409834,-0.07337301224470139,0.004498140886425972,0.998658299446106,0.06492001563310623,0.07759290933609009,-0.06401228159666061,0.990638792514801
0.9966493248939514,0.00021368985471781343,-0.07664522528648376,0.005285979248583317,0.9988226294517517,0.06201551482081413,0.08154279738664627,-0.059680163860321045,0.9925532937049866
0.9955590963363647,0.0010420862818136811,-0.07773087173700333,0.003395146457478404,0.9981526136398315,0.06303413957357407,0.08167257905006409,-0.05926237255334854,0.9946344494819641
0.9951211810112,0.00257070898078382,-0.08118835091590881,0.0003063734620809555,0.9976644515991211,0.06097645312547684,0.08196602761745453,-0.05770564451813698,0.9953914284706116
0.9968516826629639,0.007993148639798164,-0.0807388424873352,-0.003406036412343383,0.9974197745323181,0.06221461296081543,0.07868947088718414,-0.06092579662799835,0.994106113910675
0.9983391761779785,0.012754932977259159,-0.08110255748033524,-0.006823524832725525,0.9980823397636414,0.05970533937215805,0.07900697737932205,-0.05885965749621391,0.9904944896697998
0.999013364315033,0.016965651884675026,-0.07849541306495667,-0.011051101610064507,0.9990907907485962,0.05755770951509476,0.08054032176733017,-0.05682738125324249,0.9858880043029785
0.9947742223739624,-0.015535478480160236,-0.10100386291742325,0.015714002773165703,0.9999388456344604,0.002020523650571704,0.09943326562643051,-0.003683469258248806,0.9944592118263245
0.9958275556564331,0.015252199023962021,-0.08873721212148666,-0.01969267427921295,0.9986511468887329,-0.04696515202522278,0.08767616748809814,0.047899045050144196,0.9953556060791016
0.9955008625984192,0.015971915796399117,-0.08616026490926743,-0.020907552912831306,0.9985117316246033,-0.05224127694964409,0.08375699818134308,0.05195624753832817,0.9958159327507019
0.9958196878433228,0.017720744013786316,-0.0825275182723999,-0.022448431700468063,0.9985275268554688,-0.058347802609205246,0.07861950248479843,0.05809931829571724,0.9947370886802673
0.9970887303352356,0.0023143570870161057,-0.07657933980226517,-0.0077706677839159966,0.9978012442588806,-0.06888990849256516,0.07327278703451157,0.06722338497638702,0.9931564927101135
0.9982359409332275,-0.00014311970153357834,-0.06843756884336472,-0.005293275695294142,0.9973186254501343,-0.07644300907850266,0.06604141741991043,0.07412473112344742,0.9915664196014404
0.9993715882301331,0.0005001409444957972,-0.054441943764686584,-0.00519409729167819,0.996645450592041,-0.08597338199615479,0.05356408283114433,0.0839274674654007,0.9900575876235962
0.9997646808624268,0.00120129797141999,-0.03990713506937027,-0.0047424365766346455,0.9961720108985901,-0.09259579330682755,0.04009929299354553,0.0917699933052063,0.9894307255744934
0.9997623562812805,-0.0003354776417836547,-0.031401798129081726,-0.0031410211231559515,0.9959929585456848,-0.09576454758644104,0.03149821236729622,0.09413561969995499,0.9895939826965332
1.0003960132598877,0.002896855818107724,0.010829946957528591,-0.004534599836915731,0.9955383539199829,0.09976670145988464,-0.009650123305618763,-0.09832289069890976,0.9896589517593384
0.9988012909889221,0.01089790090918541,-0.06417891383171082,-0.0060412585735321045,0.9971991777420044,0.07580443471670151,0.06609857827425003,-0.07302714139223099,0.9898721575737
0.9976500272750854,0.01751013658940792,-0.07833370566368103,-0.012638289481401443,0.9982149004936218,0.05903780460357666,0.08145086467266083,-0.05487091839313507,0.9905112385749817
0.996857225894928,0.022375300526618958,-0.0827256292104721,-0.01838199980556965,0.9987047910690308,0.05000642314553261,0.08581025898456573,-0.04529627412557602,0.9910604357719421
0.9971370100975037,8.351908763870597e-05,-0.08440252393484116,0.004747895523905754,0.9989538192749023,0.04951411858201027,0.08629520982503891,-0.0500015914440155,0.9901595115661621
0.9971752762794495,-0.000891522504389286,-0.08381971716880798,0.006367250345647335,0.9991244673728943,0.0496571846306324,0.08699282258749008,-0.04991781339049339,0.9904688000679016
0.9964519143104553,-0.00028108039987273514,-0.08256864547729492,0.006853931117802858,0.9996932744979858,0.05268758907914162,0.08689451962709427,-0.0513182170689106,0.9917406439781189
0.9956963658332825,0.0017919412348419428,-0.0817670226097107,0.004019090905785561,0.9995514750480652,0.05710209906101227,0.0855368971824646,-0.05377570912241936,0.9935018420219421
0.995023250579834,0.004648623056709766,-0.08202661573886871,-0.0005173680256120861,0.998430073261261,0.060017671436071396,0.08374001085758209,-0.05604415014386177,0.994933009147644
0.9959630966186523,0.007089268881827593,-0.08538676053285599,-0.002803087467327714,0.9980844259262085,0.05744030699133873,0.08318935334682465,-0.05396531522274017,0.9940915703773499
0.998091995716095,0.012509111315011978,-0.08508680015802383,-0.007974138483405113,0.9981262683868408,0.055132512003183365,0.08326197415590286,-0.05297252535820007,0.9907471537590027
0.9986410737037659,-0.028217017650604248,0.07207610458135605,0.022578353062272072,0.99729323387146,0.0638677254319191,-0.0720711350440979,-0.058827679604291916,0.9833020567893982
0.9946998357772827,-0.01504242978990078,0.10147831588983536,0.014878070913255215,1.0000571012496948,0.0017301004845649004,-0.09983614087104797,-0.0005067570600658655,0.9943479299545288
0.995387852191925,0.008634733036160469,-0.09361827373504639,-0.012703129090368748,0.9990293979644775,-0.040232736617326736,0.09255167841911316,0.040337275713682175,0.9955013394355774
0.9952080249786377,0.0038712944369763136,-0.09327539056539536,-0.008181904442608356,0.9989784955978394,-0.0435691699385643,0.09023728966712952,0.042214665561914444,0.9956212043762207
0.995882511138916,0.016359912231564522,-0.08813150972127914,-0.02044771984219551,0.998856246471405,-0.05110115557909012,0.08352067321538925,0.05096275731921196,0.9938896894454956
0.9977673888206482,0.006880922242999077,-0.0756957083940506,-0.01148743275552988,0.997875452041626,-0.06907399743795395,0.07260806858539581,0.06814353913068771,0.992091715335846
0.99837726354599,0.004486577585339546,-0.06772558391094208,-0.008999145589768887,0.9974032640457153,-0.07547923177480698,0.06666319817304611,0.07497447729110718,0.9913373589515686
0.9988529682159424,0.0017369763227179646,-0.05307716876268387,-0.005925406236201525,0.9966197609901428,-0.08544428646564484,0.053417760878801346,0.08505204319953918,0.9908738732337952
0.9952967166900635,-0.015779433771967888,-0.09781751781702042,0.013915403746068478,0.9998242259025574,-0.01924341358244419,0.0975363701581955,0.0175008587539196,0.9906489849090576
0.9995019435882568,-0.011774436570703983,0.031973905861377716,0.008546499535441399,0.9956902861595154,0.09579350054264069,-0.033900465816259384,-0.09275206178426743,0.9913504123687744
1.000450849533081,0.0027683174703270197,0.011782572604715824,-0.0021193530410528183,0.9954206943511963,-0.09962940961122513,-0.011492428369820118,0.09782099723815918,0.9908513426780701
0.9967964887619019,-0.010945383459329605,-0.08847606927156448,0.006470745429396629,0.9992507100105286,-0.04482485353946686,0.08872058242559433,0.042655326426029205,0.9899412393569946
0.996948778629303,0.018560385331511497,-0.0842265859246254,-0.014160224236547947,0.9989286661148071,0.049453094601631165,0.08687648177146912,-0.04583028703927994,0.9903914928436279
0.9962536096572876,-0.022264353930950165,-0.08765832334756851,0.018742088228464127,0.9991095066070557,-0.040621332824230194,0.0904676541686058,0.03627609461545944,0.9912934303283691
0.9964308738708496,-0.024336261674761772,-0.0864429622888565,0.020793255418539047,0.9988265633583069,-0.04186512529850006,0.08917415142059326,0.03759763017296791,0.9914180040359497
0.9967233538627625,-0.0283086895942688,-0.08361729979515076,0.024801380932331085,0.9984791278839111,-0.04431799426674843,0.08716738224029541,0.03935663774609566,0.9912946820259094
0.9957535266876221,0.031645357608795166,-0.08252623677253723,-0.028201382607221603,0.9987184405326843,0.04414108768105507,0.08753456175327301,-0.038780685514211655,0.9918473958969116
0.9958881139755249,-0.0002742787473835051,-0.08830486238002777,0.006216348614543676,0.999907374382019,0.044201016426086426,0.09089411795139313,-0.04374804347753525,0.9920608997344971
0.995468020439148,0.004461167845875025,-0.08791938424110413,0.001208611996844411,0.9998200535774231,0.048434220254421234,0.09051713347434998,-0.045309972018003464,0.9936463832855225
0.9942271113395691,0.0061857388354837894,-0.09056950360536575,-0.0020749266259372234,0.9994601607322693,0.04830929636955261,0.09016192704439163,-0.04408397153019905,0.994560956954956
0.9961459636688232,0.009494719095528126,-0.0924072340130806,-0.005707492120563984,0.9987254738807678,0.04710616543889046,0.08868822455406189,-0.042211033403873444,0.9924358129501343
0.9969912171363831,0.017674140632152557,0.08952556550502777,-0.012495197355747223,0.9984292387962341,-0.05040641501545906,-0.0856369137763977,0.0457652285695076,0.9905198812484741
0.994649350643158,-0.015013915486633778,0.10164183378219604,0.015223716385662556,0.9999872446060181,-0.0010256507666781545,-0.10023204237222672,0.0019243259448558092,0.9945294260978699
0.9948943257331848,-0.00029913027537986636,-0.09932158142328262,-0.0026551284827291965,0.999459981918335,-0.027116218581795692,0.09761225432157516,0.026284178718924522,0.9957014918327332
0.995147168636322,-0.0021090549416840076,-0.0993509516119957,-0.0008802515803836286,0.9994473457336426,-0.029142774641513824,0.0955372005701065,0.027639662846922874,0.9950457215309143
0.9956375360488892,0.022083455696702003,-0.09518295526504517,-0.02461211197078228,0.9994351267814636,-0.03290044143795967,0.0906449556350708,0.034277576953172684,0.9932070374488831
0.9968571662902832,-0.002834186889231205,-0.09086262434720993,-0.001109159318730235,0.9989712238311768,-0.04731065407395363,0.08958401530981064,0.04553043469786644,0.991828441619873
0.9964134693145752,-0.0123323705047369,-0.08945830911397934,0.008456013165414333,0.9988373517990112,-0.046911392360925674,0.09006494283676147,0.043931469321250916,0.9921111464500427
0.9962491393089294,-0.03569183126091957,-0.07998761534690857,0.03207357972860336,0.997505784034729,-0.052174195647239685,0.08203543722629547,0.04602201282978058,0.9933568835258484
0.99518221616745,-0.015854487195611,-0.09792129695415497,0.013872871175408363,0.999921977519989,-0.01893562078475952,0.09768988937139511,0.0175534188747406,0.9915957450866699
0.9953619837760925,-0.010952401906251907,0.09387043863534927,0.007106977514922619,0.9992630481719971,0.038445793092250824,-0.09201915562152863,-0.035533417016267776,0.9925497174263
0.9954703450202942,-0.023010406643152237,-0.09648195654153824,0.02040518820285797,0.9996352791786194,-0.019127361476421356,0.0947648361325264,0.015493522398173809,0.9920679926872253
0.9962111711502075,-0.022677963599562645,-0.09197548031806946,0.019378410652279854,0.9993494153022766,-0.0325983501970768,0.09220962226390839,0.02867240644991398,0.9908463358879089
0.9965314865112305,-0.027057696133852005,-0.08678949624300003,0.02364887110888958,0.9989607334136963,-0.040664397180080414,0.0889299064874649,0.03588786721229553,0.9909387230873108
0.9959031939506531,-0.029432721436023712,-0.08783948421478271,0.026615874841809273,0.9991298913955688,-0.03534616902470589,0.09081574529409409,0.030186617746949196,0.991609513759613
0.9959843158721924,-0.030086640268564224,-0.08791743963956833,0.027158275246620178,0.9991413950920105,-0.03492678329348564,0.0904485210776329,0.02994679845869541,0.9920020699501038
0.9961336255073547,-0.03303708881139755,-0.08572927862405777,0.029741032049059868,0.998893678188324,-0.03758452087640762,0.08853333443403244,0.03232966735959053,0.9918339848518372
0.9955148696899414,-0.03395175561308861,-0.08529549092054367,0.031084248796105385,0.9989782571792603,-0.037855327129364014,0.08881942182779312,0.03283126652240753,0.9918221235275269
0.9954829216003418,-0.0015057706041261554,-0.09219208359718323,0.006413915194571018,0.9995742440223694,0.036051373928785324,0.09375112503767014,-0.03713931515812874,0.9920088648796082
0.9954943060874939,0.00464822631329298,-0.09194691479206085,0.00046283440315164626,0.9997854232788086,0.03972403332591057,0.09350232779979706,-0.03819410502910614,0.9931823015213013
0.9943285584449768,0.00748694222420454,-0.0935600996017456,-0.00285376887768507,0.9998945593833923,0.040817856788635254,0.09369461238384247,-0.037107162177562714,0.9941936731338501
0.994109570980072,0.023094819858670235,0.09303921461105347,-0.01726389490067959,0.9986342191696167,-0.04322988539934158,-0.08902306109666824,0.036716874688863754,0.9943462014198303
0.996336817741394,0.01264307089149952,0.09526027739048004,-0.008203963749110699,0.9989305138587952,-0.04346762225031853,-0.0923573300242424,0.039210621267557144,0.9925487637519836
0.9958884716033936,-0.019635427743196487,0.09054368734359741,0.015531573444604874,0.9988284707069397,0.04562828689813614,-0.09022996574640274,-0.044136859476566315,0.9945923089981079
0.9938428997993469,0.034695740789175034,-0.09687874466180801,-0.034614332020282745,0.9996349811553955,-0.003049727063626051,0.09452363848686218,0.0049929143860936165,0.9966146945953369
0.9947901368141174,-0.036660145968198776,-0.09642553329467773,0.03644944354891777,0.9994502663612366,0.010786106809973717,0.09153129905462265,-0.013910390436649323,0.9947995543479919
0.9956102967262268,-0.03581814840435982,-0.09533598273992538,0.03637130558490753,0.9994127154350281,0.01554590929299593,0.09157516062259674,-0.019578300416469574,0.9930719137191772
0.9962910413742065,0.001504321931861341,-0.09583281725645065,-0.00457122502848506,0.9994774460792542,-0.03466692939400673,0.09503760188817978,0.03363723307847977,0.9919126629829407
0.995694637298584,0.011706950142979622,-0.09582226723432541,-0.014520691707730293,0.9995925426483154,-0.029816173017024994,0.09501359611749649,0.030571842566132545,0.9919832944869995
0.9952138662338257,-0.01568012870848179,-0.09843521565198898,0.013869126327335835,0.999840497970581,-0.01836944743990898,0.09747879952192307,0.01673935167491436,0.9919529557228088
0.9952042698860168,-0.015760283917188644,-0.09808464348316193,0.013799916952848434,0.999876081943512,-0.01859336718916893,0.09795907884836197,0.017002670094370842,0.9920079708099365
0.99672931432724,0.009835025295615196,0.07666301727294922,-0.015272458083927631,0.9979488253593445,0.06540726870298386,-0.07410333305597305,-0.06474246829748154,0.9927394390106201
0.9953281879425049,0.02246534824371338,0.09538070857524872,-0.024067673832178116,0.9996770024299622,0.022884797304868698,-0.09272269904613495,-0.025576984509825706,0.9922155141830444
0.9960324764251709,-0.0264189001172781,-0.09236158430576324,0.02370784804224968,0.9993036389350891,-0.028655538335442543,0.09283182770013809,0.02474776655435562,0.9914948344230652
0.9963622093200684,-0.028074156492948532,-0.08886608481407166,0.02519558183848858,0.9992140531539917,-0.034835681319236755,0.09050557762384415,0.03082054667174816,0.9913436770439148
0.995621919631958,0.030480047687888145,-0.08984439820051193,-0.028400054201483727,0.9994282722473145,0.027874769642949104,0.09257949143648148,-0.02344752475619316,0.9916901588439941
0.9954649806022644,0.034264884889125824,-0.08894659578800201,-0.03199523314833641,0.9993141889572144,0.027820046991109848,0.09127753973007202,-0.023088065907359123,0.9923877716064453
0.9954119324684143,0.037039659917354584,-0.08793327957391739,-0.034351933747529984,0.9992345571517944,0.029080908745527267,0.09002401679754257,-0.02423957921564579,0.992558479309082
0.9952611327171326,0.037215739488601685,-0.08786923438310623,-0.03451685234904289,0.999099612236023,0.03009611740708351,0.08974667638540268,-0.02543395385146141,0.9924101829528809
0.9948233962059021,0.03365705534815788,-0.0910893902182579,-0.03083132579922676,0.9991751313209534,0.025244103744626045,0.0933430939912796,-0.02101556956768036,0.9928654432296753
0.994552731513977,-0.028837863355875015,0.09609319269657135,0.02718493714928627,0.9996737837791443,0.010831053368747234,-0.09678452461957932,-0.0063273608684539795,0.9939777255058289
0.9935460090637207,-0.02544550970196724,0.09875182807445526,0.02416197769343853,0.9997490644454956,0.010860084556043148,-0.09742151200771332,-0.005920094437897205,0.9945831894874573
0.9937816858291626,0.01819741353392601,0.09832880645990372,-0.014481344260275364,0.999533474445343,-0.03132586553692818,-0.09405475854873657,0.026398180052638054,0.9940635561943054
0.9952472448348999,0.01045665331184864,0.10089100152254105,-0.007475886028259993,0.9996320605278015,-0.027501100674271584,-0.09805751591920853,0.023334164172410965,0.9934198260307312
0.9951554536819458,-0.011301619000732899,0.09836926311254501,0.008496278896927834,0.9994341731071472,0.02950955182313919,-0.09763280302286148,-0.028634417802095413,0.9947500824928284
0.9932950139045715,0.031129468232393265,-0.09833487123250961,-0.0293418038636446,0.9996102452278137,0.009974843822419643,0.09474211931228638,-0.007561694830656052,0.9964528679847717
0.9951246380805969,0.0340643972158432,-0.0986117422580719,-0.03276984393596649,0.9996249675750732,0.004240791313350201,0.09411343932151794,-0.00021090588415972888,0.9935010671615601
0.9958821535110474,0.03828052058815956,-0.09578868001699448,-0.037551429122686386,0.9994778037071228,0.001422430039383471,0.09321584552526474,0.0034234158229082823,0.9925016760826111
0.995795488357544,-0.02786763571202755,-0.09594731777906418,0.029287908226251602,0.9995823502540588,0.01556436438113451,0.09547636657953262,-0.018931711092591286,0.9920910000801086
0.9951431155204773,-0.015672752633690834,-0.09881958365440369,0.014060558751225471,0.9998669624328613,-0.018087485805153847,0.09733124077320099,0.01695813238620758,0.9918872714042664
0.9952421188354492,-0.01570734567940235,-0.09844272583723068,0.01390612032264471,0.999946117401123,-0.018062148243188858,0.09768170118331909,0.017055390402674675,0.9915728569030762
0.995093584060669,-0.01572234369814396,-0.09815532714128494,0.013792948797345161,0.9998888373374939,-0.018299072980880737,0.09795725345611572,0.017033088952302933,0.991895854473114
0.9964168667793274,0.012413389980793,0.07889846712350845,-0.01784552074968815,0.9981486797332764,0.06231129169464111,-0.07585767656564713,-0.061975616961717606,0.9927258491516113
0.995408833026886,0.021891504526138306,0.09346994012594223,-0.0243543554097414,0.999556839466095,0.030598267912864685,-0.09060254693031311,-0.0331241674721241,0.9922749400138855
0.996169924736023,-0.026793934404850006,-0.08975253254175186,0.023554682731628418,0.9991120100021362,-0.036703430116176605,0.09045320004224777,0.0330142006278038,0.9919440150260925
0.9964451789855957,-0.02537217177450657,-0.08856278657913208,0.02230057492852211,0.9992654323577881,-0.0379495695233345,0.08992338180541992,0.0349053330719471,0.9917395710945129
0.9955288171768188,-0.024734945967793465,-0.09193407744169235,0.022491518408060074,0.9996806383132935,-0.02638685330748558,0.09454546868801117,0.02385341189801693,0.9918881058692932
0.9948270320892334,0.030051911249756813,-0.09235077351331711,-0.0280489232391119,0.9996041059494019,0.021200058981776237,0.09434537589550018,-0.018173357471823692,0.9927850961685181
0.9947930574417114,0.03777659311890602,-0.0906299352645874,-0.03546670451760292,0.9992932081222534,0.021200846880674362,0.0917879268527031,-0.0173454899340868,0.9933788776397705
0.9950030446052551,0.039220720529556274,-0.09029461443424225,-0.036664929240942,0.9992396235466003,0.022625619545578957,0.09071127325296402,-0.018536774441599846,0.9931759238243103
0.994719386100769,-0.033406682312488556,0.09367135912179947,0.030825475230813026,0.9995077252388,0.01898225024342537,-0.09437894076108932,-0.015310852788388729,0.9930763244628906
0.9948105812072754,0.028550349175930023,-0.0952831357717514,-0.025443043559789658,0.9994136691093445,0.02237543836236,0.09543117880821228,-0.018632350489497185,0.994027316570282
0.99424809217453,-0.02591453120112419,0.09792246669530869,0.024182263761758804,0.9996312260627747,0.01717402972280979,-0.09627024829387665,-0.012648596428334713,0.9942394495010376
0.9945883750915527,0.014140583574771881,0.09991053491830826,-0.01186872273683548,0.9998381733894348,-0.023782087489962578,-0.09714803099632263,0.02029520832002163,0.9940232634544373
0.9947803616523743,0.006580265238881111,0.10160276293754578,-0.004276466090232134,0.9999041557312012,-0.018627429381012917,-0.09974275529384613,0.015514462254941463,0.9943018555641174
0.9948405623435974,0.015371937304735184,-0.10127782821655273,-0.01418546587228775,0.9996328353881836,0.012966516427695751,0.10047783702611923,-0.011360148899257183,0.9947676062583923
0.9933865666389465,0.015439261682331562,-0.10155448317527771,-0.014893733896315098,0.9997966289520264,0.013245400041341782,0.09720231592655182,-0.012237184680998325,0.9957016110420227
0.9952129125595093,0.01881248690187931,-0.10208045691251755,-0.01824553683400154,1.0001457929611206,0.00926356390118599,0.09796366840600967,-0.008219223469495773,0.9923027157783508
0.9958545565605164,0.02523862011730671,-0.09983664005994797,-0.02431192435324192,1.0001884698867798,0.00613300409168005,0.09719564020633698,-0.003737697144970298,0.9912751317024231
0.995495080947876,0.04894408583641052,-0.08783666789531708,-0.049664877355098724,0.99884033203125,-0.006700949277728796,0.08846855163574219,0.013458444736897945,0.9927353858947754
0.9951550364494324,-0.015873605385422707,-0.09899821132421494,0.014076782390475273,0.999937117099762,-0.017757533118128777,0.09746481478214264,0.016998115926980972,0.9916931986808777
0.9952550530433655,-0.01578872837126255,-0.09856098145246506,0.013828575611114502,0.9997694492340088,-0.017823360860347748,0.0978744626045227,0.0172310471534729,0.9916971921920776
0.9957072734832764,0.07066882401704788,0.0494084358215332,-0.0657193586230278,0.9935427904129028,-0.05532227084040642,-0.05299655348062515,0.05152073875069618,0.9974191188812256
0.9967086911201477,0.0019702103454619646,0.07860007882118225,-0.007818768732249737,0.9976215362548828,0.06488154828548431,-0.07639939337968826,-0.06265007704496384,0.9926794767379761
0.9967299103736877,-0.018951039761304855,0.08034507930278778,0.023681534454226494,0.9983974099159241,-0.057654112577438354,-0.07737629115581512,0.058655139058828354,0.9920774698257446
0.995829701423645,0.026893701404333115,0.09106578677892685,-0.02967829443514347,0.9993324279785156,0.03182476386427879,-0.08883016556501389,-0.03490185737609863,0.9922614097595215
0.9957708120346069,0.02429993450641632,0.09518773853778839,-0.025788532570004463,0.9998443126678467,0.01590024307370186,-0.09440919011831284,-0.018618149682879448,0.9920686483383179
0.99507075548172,-0.027505531907081604,0.0945487841963768,0.026586459949612617,0.9999122619628906,0.01123868953436613,-0.0964873880147934,-0.008460711687803268,0.9924399852752686
0.9941992163658142,-0.031579140573740005,0.09454815089702606,0.03099944069981575,0.9997565150260925,0.006249472964555025,-0.09556160867214203,-0.0031003232579678297,0.9935493469238281
0.9943238496780396,0.036737505346536636,-0.0938338115811348,-0.03541162237524986,0.9994742274284363,0.01035251747816801,0.09345930069684982,-0.006824364885687828,0.9940370917320251
0.9947592616081238,0.03582388162612915,-0.09467394649982452,-0.034316856414079666,0.9995205998420715,0.011333318427205086,0.09364825487136841,-0.008152461610734463,0.9936929941177368
0.9946585893630981,0.001639071968384087,-0.10140862315893173,-0.00013164659321773797,0.9999499320983887,0.00816543959081173,0.10021226108074188,-0.009188485331833363,0.9932445883750916
0.9947237372398376,0.02414732798933983,-0.09867339581251144,-0.0223911851644516,0.9997687935829163,0.01156875304877758,0.09764045476913452,-0.008572702296078205,0.9941207766532898
0.9946615099906921,0.017964841797947884,-0.09977901726961136,-0.01663336716592312,0.999744713306427,0.013750119134783745,0.09811964631080627,-0.010789674706757069,0.9943089485168457
0.9952437281608582,0.021824410185217857,-0.09924980252981186,-0.021511994302272797,0.9995924830436707,0.007446213159710169,0.09870848804712296,-0.003459078958258033,0.9944254755973816
0.9952958822250366,-0.009576340205967426,0.10022492706775665,0.011110917665064335,0.9996501207351685,-0.013971896842122078,-0.09923584014177322,0.01829112134873867,0.9954606890678406
0.9950209259986877,-0.011503060348331928,-0.10136862099170685,0.00999197643250227,0.9995754957199097,-0.01573779061436653,0.10053695738315582,0.013919701799750328,0.9944289326667786
0.994841992855072,-0.000987427425570786,0.10126224905252457,0.0006168109830468893,0.9996751546859741,0.018666937947273254,-0.0978560745716095,-0.018783345818519592,0.994940459728241
0.9945570826530457,-0.0003695590712595731,0.10260042548179626,0.0003577483003027737,0.9997624158859253,0.013866680674254894,-0.0983266532421112,-0.016152504831552505,0.9929698705673218
0.9958656430244446,0.0006789736216887832,0.10261357575654984,-0.0016463152132928371,0.9999683499336243,0.01000163797289133,-0.09922435134649277,-0.013436122797429562,0.991018533706665
0.9952953457832336,-0.01585100032389164,-0.10029379278421402,0.013792204670608044,1.0001368522644043,-0.017022443935275078,0.09753860533237457,0.0163577850908041,0.9904242753982544
0.9952361583709717,-0.01590275950729847,-0.09949799627065659,0.013979991897940636,1.0001046657562256,-0.017212407663464546,0.09800346195697784,0.016317244619131088,0.9908484816551208
0.99635910987854,0.06009897217154503,-0.05521212890744209,-0.06305309385061264,0.9966988563537598,-0.05834295600652695,0.048927851021289825,0.06300925463438034,0.9938200116157532
0.996757984161377,0.05726270377635956,-0.052329856902360916,-0.06034810096025467,0.9963127374649048,-0.06321388483047485,0.04586448892951012,0.0672314465045929,0.9938313364982605
0.9984803199768066,0.03786712512373924,-0.04499606043100357,-0.04156682267785072,0.9961135983467102,-0.08148398250341415,0.03966858237981796,0.08245141804218292,0.9924697279930115
0.9989807605743408,0.035658273845911026,-0.03794262558221817,-0.03881273418664932,0.9958696961402893,-0.08544560521841049,0.03316930681467056,0.08663615584373474,0.9922996163368225
0.998500645160675,0.03653264790773392,-0.04961752891540527,-0.04029766097664833,0.996361255645752,-0.07821495085954666,0.04532012343406677,0.08040007948875427,0.9925951957702637
0.9973518252372742,-0.03227868676185608,0.07224532216787338,0.03672400489449501,0.9978558421134949,-0.059659503400325775,-0.0697878897190094,0.06252951920032501,0.9925369024276733
0.9948741793632507,0.030251096934080124,-0.09332205355167389,-0.03213861957192421,0.9998048543930054,-0.015263616107404232,0.09389831870794296,0.018413832411170006,0.9928696155548096
0.9941102266311646,0.03390150144696236,-0.094019815325737,-0.03503938019275665,0.999733567237854,-0.009102897718548775,0.09377860277891159,0.012302001938223839,0.9938737750053406
