14.267849922180176,9.305099964141846,0.6203399896621704,0.9989094734191895,-0.027304936200380325,-0.04176850616931915,0.029904805123806,0.9977104663848877,0.06126268208026886,0.040945056825876236,-0.06245836243033409,0.9975932836532593
15.50849962234497,9.305099964141846,0.6203399896621704,0.9993003606796265,-0.02819744311273098,-0.03176911175251007,0.030233273282647133,0.9973287582397461,0.0668535903096199,0.030427968129515648,-0.06798937916755676,0.9969421625137329
16.749149322509766,9.305099964141846,0.6203399896621704,0.9995903968811035,-0.027239946648478508,-0.02577240951359272,0.02887599915266037,0.9972039461135864,0.06982866674661636,0.02419552206993103,-0.07096344232559204,0.9965065121650696
17.98985004425049,9.305099964141846,0.6203399896621704,0.9998194575309753,-0.0261515025049448,-0.0206524059176445,0.027417980134487152,0.9971201419830322,0.07185424864292145,0.018968356773257256,-0.0730835497379303,0.9962447285652161
19.23055076599121,9.305099964141846,0.6203399896621704,1.0000231266021729,-0.02500068210065365,0.016624238342046738,0.02591569349169731,0.9969819188117981,-0.07327476143836975,-0.014901138842105865,0.07443053275346756,0.9960208535194397
20.471250534057617,9.305099964141846,0.6203399896621704,1.0004355907440186,-0.01297848206013441,0.0034567646216601133,0.013096719048917294,0.9966646432876587,-0.07803943753242493,-0.002988925902172923,0.0791122242808342,0.9956392049789429
21.711899757385254,9.305099964141846,0.6203399896621704,1.0004451274871826,-0.022740691900253296,-0.006838260218501091,0.02285897172987461,0.9968029260635376,0.07604789733886719,0.004691421985626221,-0.0763234868645668,0.9950342774391174
22.952549934387207,9.305099964141846,0.6203399896621704,1.0007423162460327,-0.02307116612792015,-0.0026798148173838854,0.0226040780544281,0.9969881176948547,0.07645408809185028,0.0004612824122887105,-0.07600633054971695,0.9934993386268616
24.19325065612793,9.305099964141846,0.6203399896621704,1.000752568244934,-0.02366667613387108,0.0021494633983820677,0.023290123790502548,0.9972295165061951,0.07584460079669952,-0.0031965922098606825,-0.07560397684574127,0.9906567931175232
11.786449909210205,10.545769691467285,0.6203399896621704,0.9978693723678589,-0.02310935966670513,0.062120743095874786,0.025811638683080673,0.9984861016273499,-0.040934979915618896,-0.06348998844623566,0.04255955293774605,0.9986490607261658
13.02715015411377,10.545769691467285,0.6203399896621704,0.9988570213317871,-0.01602141559123993,-0.043152276426553726,0.013279973529279232,0.9974792003631592,-0.06530531495809555,0.043580442667007446,0.06488397717475891,0.9979055523872375
14.267849922180176,10.545769691467285,0.6203399896621704,0.9982395172119141,0.011191406287252903,-0.05827062577009201,-0.014005975797772408,0.998510479927063,-0.05257024988532066,0.05839381739497185,0.053470853716135025,0.9970454573631287
15.50849962234497,10.545769691467285,0.6203399896621704,0.9985174536705017,0.014801348559558392,-0.05327937752008438,-0.01760849356651306,0.9982243776321411,-0.056673966348171234,0.05339024215936661,0.05774326249957085,0.9968693256378174
16.749149322509766,10.545769691467285,0.6203399896621704,0.998814046382904,0.014830631203949451,-0.04669319838285446,-0.017349231988191605,0.9979445338249207,-0.06207817420363426,0.047027137130498886,0.06314922869205475,0.9967980980873108
17.98985004425049,10.545769691467285,0.6203399896621704,0.9990461468696594,0.01574060320854187,-0.03760508447885513,-0.017817534506320953,0.9976493716239929,-0.06749235093593597,0.03795535862445831,0.06885161995887756,0.9967775940895081
19.23055076599121,10.545769691467285,0.6203399896621704,0.9990724921226501,0.017846766859292984,-0.030663469806313515,-0.019426163285970688,0.9974159598350525,-0.07016073912382126,0.03086784854531288,0.07199585437774658,0.996860682964325
20.471250534057617,10.545769691467285,0.6203399896621704,0.9991617798805237,0.018017509952187538,-0.02342047356069088,-0.01935921609401703,0.9971270561218262,-0.07278274744749069,0.023380590602755547,0.07486481219530106,0.9971423745155334
21.711899757385254,10.545769691467285,0.6203399896621704,0.9994672536849976,0.009588457643985748,-0.016563579440116882,-0.010912884026765823,0.9969151616096497,-0.07641839236021042,0.016575204208493233,0.07809904217720032,0.997276782989502
22.952549934387207,10.545769691467285,0.6203399896621704,0.9997016787528992,0.017997708171606064,0.010318904183804989,-0.01854209043085575,0.996808648109436,0.07631324231624603,-0.009836801327764988,-0.07779219001531601,0.9970433115959167
24.19325065612793,10.545769691467285,0.6203399896621704,0.9999938011169434,0.016342854127287865,0.0012768965680152178,-0.01616964116692543,0.9967406392097473,0.07777997106313705,-0.0009940286399796605,-0.07854494452476501,0.9964898228645325
25.433950424194336,10.545769691467285,0.6203399896621704,1.0004172325134277,0.01218603365123272,-0.011075073853135109,-0.010797420516610146,0.996812105178833,0.07832536101341248,0.011222605593502522,-0.07780870795249939,0.9953168630599976
26.674650192260742,10.545769691467285,0.6203399896621704,1.0007511377334595,-0.023943422362208366,0.009396889247000217,0.02252313680946827,0.9973264336585999,0.07573025673627853,-0.011657530441880226,-0.07448507845401764,0.9928622245788574
27.915300369262695,10.545769691467285,0.6203399896621704,1.0004551410675049,-0.02483556605875492,0.009780161082744598,0.02365865744650364,0.996991753578186,0.07502911984920502,-0.008419215679168701,-0.07315483689308167,0.9865455627441406
10.545769691467285,11.786449909210205,0.6203399896621704,0.9969040155410767,-0.01371462456882,-0.07578006386756897,0.01299584936350584,0.9999018907546997,-0.014425207860767841,0.07691723853349686,0.01319430023431778,1.000590443611145
11.786449909210205,11.786449909210205,0.6203399896621704,0.9975574612617493,-0.021494068205356598,-0.06662522256374359,0.024094996973872185,0.99891597032547,0.034506626427173615,0.06773892790079117,-0.0362212173640728,0.9983416795730591
13.02715015411377,11.786449909210205,0.6203399896621704,0.9979553818702698,0.012469264678657055,-0.06078099459409714,-0.015471130609512329,0.9986411333084106,-0.04893217235803604,0.06096494942903519,0.049932051450014114,0.9974136352539062
14.267849922180176,11.786449909210205,0.6203399896621704,0.9984403252601624,0.016059890389442444,-0.055607959628105164,-0.01869499310851097,0.9983792304992676,-0.05390158295631409,0.05597041919827461,0.05537914112210274,0.9972333312034607
15.50849962234497,11.786449909210205,0.6203399896621704,0.9985496401786804,0.017783772200345993,-0.05065163969993591,-0.020280318334698677,0.9980571866035461,-0.057725124061107635,0.0509425587952137,0.05935831367969513,0.997566282749176
16.749149322509766,11.786449909210205,0.6203399896621704,0.9985392689704895,0.017040200531482697,-0.044832129031419754,-0.01910015381872654,0.9978436827659607,-0.062398120760917664,0.04456375911831856,0.06436639279127121,0.9976648688316345
17.98985004425049,11.786449909210205,0.6203399896621704,0.9985026717185974,0.017047688364982605,-0.03672408685088158,-0.01867593079805374,0.9976165890693665,-0.06717365980148315,0.035646479576826096,0.06961239129304886,0.9976189732551575
19.23055076599121,11.786449909210205,0.6203399896621704,0.9984413385391235,0.018536940217018127,-0.03075207769870758,-0.019820621237158775,0.9974392652511597,-0.069412000477314,0.02871474251151085,0.07243239879608154,0.9976492524147034
20.471250534057617,11.786449909210205,0.6203399896621704,0.9983916282653809,0.019211644306778908,-0.02443234995007515,-0.01998509280383587,0.997218906879425,-0.07153940200805664,0.02147742174565792,0.07484545558691025,0.9978998899459839
21.711899757385254,11.786449909210205,0.6203399896621704,0.9988192319869995,0.005352388601750135,-0.017723627388477325,-0.00625104084610939,0.9972025156021118,-0.07571836560964584,0.014441976323723793,0.07892473042011261,0.9975831508636475
22.952549934387207,11.786449909210205,0.6203399896621704,0.9979380369186401,0.02517891675233841,0.006731110159307718,-0.024312719702720642,0.9967461824417114,0.0740874856710434,-0.0033255235757678747,-0.07647773623466492,0.9990410208702087
24.19325065612793,11.786449909210205,0.6203399896621704,0.9981510043144226,-0.024895058944821358,0.03720298036932945,0.025721054524183273,0.9969192743301392,-0.06467746198177338,-0.03552930802106857,0.06737090647220612,0.998867928981781
25.433950424194336,11.786449909210205,0.6203399896621704,0.9978523254394531,-0.021692145615816116,0.05229597166180611,0.023765046149492264,0.9978405833244324,-0.05491568148136139,-0.05188598856329918,0.05728169158101082,0.9983482360839844
26.674650192260742,11.786449909210205,0.6203399896621704,0.9988363981246948,0.0071479850448668,-0.04182756692171097,-0.004584726877510548,0.9972991347312927,0.06746213138103485,0.04228941351175308,-0.0680529847741127,0.9976291656494141
27.915300369262695,11.786449909210205,0.6203399896621704,0.9988512992858887,0.009531890042126179,-0.04638116806745529,-0.0061888908967375755,0.9976634979248047,0.06465168297290802,0.04584847390651703,-0.0651763305068016,0.9964519143104553
29.15595054626465,11.786449909210205,0.6203399896621704,1.0005736351013184,-0.024004653096199036,0.013286793604493141,0.022513607516884804,0.9968623518943787,0.0757289007306099,-0.015059988014400005,-0.07425397634506226,0.9944290518760681
30.396650314331055,11.786449909210205,0.6203399896621704,1.0008610486984253,-0.025401875376701355,0.017176812514662743,0.023397447541356087,0.997311532497406,0.07458536326885223,-0.019554750993847847,-0.07201272994279861,0.990658164024353
31.637351036071777,11.786449909210205,0.6203399896621704,0.9996179342269897,-0.026211068034172058,0.024961525574326515,0.024407105520367622,0.9968734383583069,0.07159700244665146,-0.020332548767328262,-0.06849878281354904,0.9800700545310974
10.545769691467285,13.02715015411377,0.6203399896621704,0.996968150138855,-0.015238781459629536,-0.07560019940137863,0.016033576801419258,0.9995409846305847,0.009879251942038536,0.07808098196983337,-0.011579685844480991,0.9989527463912964
11.786449909210205,13.02715015411377,0.6203399896621704,0.9988052248954773,-0.02383081056177616,-0.03981216251850128,0.020828260108828545,0.9973313808441162,-0.06487103551626205,0.04078385978937149,0.06453818827867508,0.9984828233718872
13.02715015411377,13.02715015411377,0.6203399896621704,0.9978312849998474,0.014947811141610146,-0.061487242579460144,-0.017903367057442665,0.9988178014755249,-0.04753744974732399,0.06172356382012367,0.04872291162610054,0.9975296854972839
14.267849922180176,13.02715015411377,0.6203399896621704,0.9981842637062073,0.01664157025516033,-0.05747929960489273,-0.019208241254091263,0.9986266493797302,-0.05167751759290695,0.05767560750246048,0.053588125854730606,0.9977502226829529
15.50849962234497,13.02715015411377,0.6203399896621704,0.9982168078422546,0.018173374235630035,-0.05180474370718002,-0.020837824791669846,0.9983699321746826,-0.05633842945098877,0.05129636451601982,0.05862634256482124,0.9981017112731934
16.749149322509766,13.02715015411377,0.6203399896621704,0.9984204173088074,0.0178343765437603,-0.045897576957941055,-0.020437199622392654,0.9981110692024231,-0.06113216653466225,0.04442376643419266,0.06379922479391098,0.9978522658348083
17.98985004425049,13.02715015411377,0.6203399896621704,0.9986961483955383,0.018093880265951157,-0.038418546319007874,-0.020542891696095467,0.9978100061416626,-0.06576509028673172,0.03568187728524208,0.06874430179595947,0.997308075428009
19.23055076599121,13.02715015411377,0.6203399896621704,0.9989809393882751,0.019517555832862854,-0.03166811913251877,-0.021451886743307114,0.9976089596748352,-0.06855813413858414,0.02778204344213009,0.0720103308558464,0.9967613816261292
20.471250534057617,13.02715015411377,0.6203399896621704,0.999836802482605,0.007413262967020273,-0.026102988049387932,-0.009825168177485466,0.997962236404419,-0.07286578416824341,0.022522296756505966,0.07621657103300095,0.9956055283546448
21.711899757385254,13.02715015411377,0.6203399896621704,1.0002800226211548,0.007770185824483633,-0.01904582977294922,-0.009786304086446762,0.9977894425392151,-0.0744943618774414,0.014707067050039768,0.07847896963357925,0.9959139227867126
22.952549934387207,13.02715015411377,0.6203399896621704,1.0003827810287476,0.008131993003189564,0.009335228241980076,-0.009187322109937668,0.9975667595863342,0.07626685500144958,-0.004294005688279867,-0.07996456325054169,0.996502161026001
24.19325065612793,13.02715015411377,0.6203399896621704,0.9997837543487549,-0.01160461362451315,0.006109077017754316,0.011197184212505817,0.9972518086433411,0.07657051086425781,-0.011591061018407345,-0.07852669805288315,0.9972997307777405
25.433950424194336,13.02715015411377,0.6203399896621704,0.997920572757721,-0.022293781861662865,0.06087376922369003,0.024189502000808716,0.9977501630783081,-0.04358243569731712,-0.05915214493870735,0.04924941062927246,0.9986677765846252
26.674650192260742,13.02715015411377,0.6203399896621704,0.9983410239219666,0.002569564152508974,-0.04963745176792145,0.0005517013487406075,0.9980819821357727,0.06150081381201744,0.05419512465596199,-0.059793248772621155,0.9980831146240234
27.915300369262695,13.02715015411377,0.6203399896621704,0.9979420900344849,0.0024633673019707203,-0.05420510470867157,-9.265369590139017e-05,0.9978744983673096,0.058438751846551895,0.05711231380701065,-0.056649282574653625,0.9987539649009705
29.15595054626465,13.02715015411377,0.6203399896621704,0.9978659749031067,0.004330679774284363,-0.056870609521865845,-0.0015152889536693692,0.9977455139160156,0.05668409541249275,0.057522740215063095,-0.05563984811306,0.9984357357025146
30.396650314331055,13.02715015411377,0.6203399896621704,0.9980156421661377,0.0067002722062170506,-0.05928812548518181,-0.0033564316108822823,0.9983522295951843,0.05471368879079819,0.057783909142017365,-0.05466504767537117,0.9967916011810303
31.637351036071777,13.02715015411377,0.6203399896621704,0.997196614742279,-0.003944779746234417,0.07553797215223312,0.006912958342581987,1.000100016593933,-0.029263008385896683,-0.07395344227552414,0.026876838877797127,0.9944162964820862
32.8780517578125,13.02715015411377,0.6203399896621704,1.0008869171142578,-0.025253763422369957,0.03439774736762047,0.022917388007044792,0.9981861114501953,0.06743162870407104,-0.037608277052640915,-0.06553034484386444,0.9909811615943909
10.545769691467285,14.267849922180176,0.6203399896621704,0.996650755405426,-0.013724373653531075,0.07712192088365555,0.013840538449585438,0.9998205304145813,-2.8500766347860917e-05,-0.07926958054304123,0.0015094045083969831,0.9985867142677307
11.786449909210205,14.267849922180176,0.6203399896621704,0.9989085793495178,-0.008364544250071049,0.04195196554064751,0.005233584437519312,0.997491717338562,0.06701642274856567,-0.042744360864162445,-0.06746483594179153,0.9980408549308777
13.02715015411377,14.267849922180176,0.6203399896621704,0.9977983832359314,0.017818614840507507,-0.06313029676675797,-0.020742453634738922,0.999091625213623,-0.044734660536050797,0.0633988007903099,0.04599158465862274,0.9978896975517273
14.267849922180176,14.267849922180176,0.6203399896621704,0.99791020154953,0.019305141642689705,-0.06069820374250412,-0.02210244908928871,0.9989517331123352,-0.047077957540750504,0.06047574430704117,0.04875338822603226,0.9981169104576111
15.50849962234497,14.267849922180176,0.6203399896621704,0.9981079697608948,0.02180703729391098,-0.05490107461810112,-0.024549968540668488,0.9985581636428833,-0.052326500415802,0.053911782801151276,0.054660458117723465,0.9980403184890747
16.749149322509766,14.267849922180176,0.6203399896621704,0.9986935257911682,0.0017439454095438123,-0.05157564580440521,-0.005215207114815712,0.9986963272094727,-0.059877388179302216,0.05085531994700432,0.061515890061855316,0.9969225525856018
17.98985004425049,14.267849922180176,0.6203399896621704,0.9992217421531677,0.020909348502755165,-0.04098610207438469,-0.023609373718500137,0.9977672696113586,-0.06351169943809509,0.03842775896191597,0.06626953929662704,0.9967507719993591
19.23055076599121,14.267849922180176,0.6203399896621704,1.0002549886703491,0.0014765619998797774,-0.03382943943142891,-0.004358167760074139,0.9981024861335754,-0.07068374752998352,0.033348098397254944,0.07267451286315918,0.995244562625885
20.471250534057617,14.267849922180176,0.6203399896621704,1.0006238222122192,0.001909008715301752,-0.025994976982474327,-0.004462248180061579,0.9979832172393799,-0.07315977662801743,0.02569318190217018,0.07592359930276871,0.9950995445251465
21.711899757385254,14.267849922180176,0.6203399896621704,1.0008491277694702,0.0016272305510938168,-0.017566412687301636,-0.003785445587709546,0.9978087544441223,-0.07512442767620087,0.016708338633179665,0.07868542522192001,0.9952837824821472
22.952549934387207,14.267849922180176,0.6203399896621704,1.001007080078125,0.004634774290025234,0.0004612322663888335,-0.005443071946501732,0.9977738261222839,0.07686536759138107,0.002221051836386323,-0.08034136891365051,0.9957097768783569
24.19325065612793,14.267849922180176,0.6203399896621704,1.000354290008545,-0.012103757821023464,0.025598978623747826,0.01032982300966978,0.9978169798851013,0.07176227867603302,-0.030212461948394775,-0.07335849851369858,0.9964295029640198
25.433950424194336,14.267849922180176,0.6203399896621704,0.9988840818405151,0.016859935596585274,-0.05054869502782822,-0.013838548213243484,0.9988380670547485,0.05658801272511482,0.0554770790040493,-0.0556335411965847,0.996606707572937
26.674650192260742,14.267849922180176,0.6203399896621704,0.9988550543785095,0.0021999150048941374,-0.057600636035203934,0.00218927301466465,0.9992856979370117,0.05225207284092903,0.061908453702926636,-0.051458939909935,0.9964184165000916
27.915300369262695,14.267849922180176,0.6203399896621704,0.9982872605323792,0.0019990054424852133,-0.060189805924892426,0.002503261435776949,0.9995054006576538,0.05053386092185974,0.06490356475114822,-0.04800111800432205,0.997270405292511
29.15595054626465,14.267849922180176,0.6203399896621704,0.9974234104156494,0.002825077623128891,-0.061158034950494766,0.0008680432802066207,0.998948872089386,0.051405660808086395,0.06512484699487686,-0.04763953760266304,0.9985206723213196
30.396650314331055,14.267849922180176,0.6203399896621704,0.997002124786377,0.0035596704110503197,-0.0637793242931366,-0.001711096498183906,0.998650848865509,0.049654554575681686,0.0653528943657875,-0.04611780866980553,0.9989261031150818
31.637351036071777,14.267849922180176,0.6203399896621704,0.9976884722709656,0.00732078030705452,-0.06347827613353729,-0.004975409246981144,0.9983742833137512,0.050064392387866974,0.06306319683790207,-0.04842209815979004,0.9979902505874634
32.8780517578125,14.267849922180176,0.6203399896621704,0.9984261393547058,0.010886366479098797,-0.0646500438451767,-0.007628641091287136,0.9985962510108948,0.04740116745233536,0.06350112706422806,-0.046718597412109375,0.9957516193389893
34.11870002746582,14.267849922180176,0.6203399896621704,0.9988662004470825,0.014219791628420353,-0.06405357271432877,-0.01072972547262907,0.9991554021835327,0.045328181236982346,0.06463107466697693,-0.045074284076690674,0.9929797053337097
10.545769691467285,15.50849962234497,0.6203399896621704,0.996504008769989,-0.013811777345836163,-0.07762511819601059,0.01398616936057806,1.000076174736023,0.0009795711375772953,0.07916190475225449,-0.0021887333132326603,0.9984337091445923
11.786449909210205,15.50849962234497,0.6203399896621704,0.997204601764679,0.0139521025121212,-0.06946776062250137,-0.016921954229474068,0.999078631401062,-0.03638266772031784,0.0695146843791008,0.03728795051574707,0.9980430603027344
13.02715015411377,15.50849962234497,0.6203399896621704,0.9974320530891418,0.014971562661230564,-0.06736253947019577,-0.017390156164765358,0.9993035793304443,-0.040478941053152084,0.06725867092609406,0.0413784459233284,0.9980368614196777
14.267849922180176,15.50849962234497,0.6203399896621704,0.9977025985717773,0.016172146424651146,-0.06383010745048523,-0.018709411844611168,0.9991366863250732,-0.04474934935569763,0.06316448748111725,0.046125661581754684,0.9980577230453491
15.50849962234497,15.50849962234497,0.6203399896621704,0.9983721971511841,0.004039614927023649,-0.05934905633330345,-0.0070943343453109264,0.9989104270935059,-0.05253167077898979,0.05900184065103531,0.05391168221831322,0.997351348400116
16.749149322509766,15.50849962234497,0.6203399896621704,0.9989619851112366,0.002069995738565922,-0.053089600056409836,-0.005315071437507868,0.9985643029212952,-0.05839727446436882,0.05304015800356865,0.05979738384485245,0.9968186616897583
17.98985004425049,15.50849962234497,0.6203399896621704,0.9996874332427979,0.0024777690414339304,-0.04227299615740776,-0.005370690952986479,0.9980162978172302,-0.0660911351442337,0.04274681955575943,0.0676000788807869,0.9962931871414185
19.23055076599121,15.50849962234497,0.6203399896621704,1.0000061988830566,0.0027990753296762705,-0.031018534675240517,-0.005066836252808571,0.9978025555610657,-0.07146043330430984,0.03209206834435463,0.07382260262966156,0.9961913228034973
20.471250534057617,15.50849962234497,0.6203399896621704,1.0000247955322266,0.0017535967053845525,-0.024532407522201538,-0.003731745295226574,0.998167097568512,-0.07353648543357849,0.025518890470266342,0.07603392750024796,0.995992124080658
21.711899757385254,15.50849962234497,0.6203399896621704,1.00039541721344,0.004036093130707741,0.00858439039438963,-0.005051479674875736,0.9981316328048706,0.07658108323812485,-0.008171504363417625,-0.07952795922756195,0.9957343935966492
22.952549934387207,15.50849962234497,0.6203399896621704,0.9998422265052795,0.009445255622267723,-0.04924081265926361,-0.007096557412296534,0.9988813996315002,0.05826978757977486,0.05312785878777504,-0.059723906219005585,0.9960287809371948
24.19325065612793,15.50849962234497,0.6203399896621704,0.9987303018569946,0.01476841326802969,-0.06035841256380081,-0.012254423461854458,0.9994146823883057,0.04520078003406525,0.06504359841346741,-0.04505414888262749,0.9966086745262146
25.433950424194336,15.50849962234497,0.6203399896621704,0.998052716255188,0.018691906705498695,-0.06442418694496155,-0.01640751212835312,0.9995872974395752,0.03830403462052345,0.06871602684259415,-0.03735598549246788,0.9968303442001343
26.674650192260742,15.50849962234497,0.6203399896621704,0.9982333779335022,0.001369856996461749,-0.06648958474397659,0.002298513660207391,0.9996024966239929,0.03948407620191574,0.06938304752111435,-0.04007588326931,0.9963998794555664
27.915300369262695,15.50849962234497,0.6203399896621704,0.9981254935264587,0.0007502993103116751,-0.0667143240571022,0.0036020800471305847,0.9999246597290039,0.040101248770952225,0.06961728632450104,-0.03993530571460724,0.9962010979652405
29.15595054626465,15.50849962234497,0.6203399896621704,0.9979082345962524,0.0011298076715320349,-0.06608377397060394,0.003900312352925539,1.000315546989441,0.04284008964896202,0.06948645412921906,-0.04091105982661247,0.996636152267456
30.396650314331055,15.50849962234497,0.6203399896621704,0.9976072311401367,0.0028975307941436768,-0.06507159769535065,0.0013430253602564335,1.0001262426376343,0.046378687024116516,0.06819424778223038,-0.04283649101853371,0.9975869059562683
31.637351036071777,15.50849962234497,0.6203399896621704,0.9970381259918213,0.005310317035764456,-0.0647672638297081,-0.0024899954441934824,0.99924236536026,0.048318203538656235,0.06679917871952057,-0.04469474405050278,0.9984620809555054
32.8780517578125,15.50849962234497,0.6203399896621704,0.9972830414772034,0.006751526612788439,-0.06719909608364105,-0.004305001813918352,0.998866617679596,0.04589090123772621,0.06674157828092575,-0.04305171221494675,0.998100221157074
34.11870002746582,15.50849962234497,0.6203399896621704,0.9981247782707214,0.010769079439342022,-0.06785058230161667,-0.008154635317623615,0.9987089037895203,0.04385053366422653,0.06668206304311752,-0.0421002171933651,0.9961523413658142
35.35934829711914,15.50849962234497,0.6203399896621704,0.9987040162086487,-0.02357097901403904,0.059362560510635376,0.020302189514040947,0.998246967792511,0.04970570281147957,-0.058812353760004044,-0.04716035723686218,0.9923152327537537
10.545769691467285,16.749149322509766,0.6203399896621704,0.9963352680206299,-0.01347969938069582,0.07830499112606049,0.013323362916707993,1.0000970363616943,0.0016658258391544223,-0.07920479774475098,-0.0009628836414776742,0.9983778595924377
11.786449909210205,16.749149322509766,0.6203399896621704,0.9968942403793335,0.008697770535945892,-0.07354426383972168,-0.01131234597414732,0.9994016289710999,-0.03119620494544506,0.07327799499034882,0.031527165323495865,0.9979763031005859
13.02715015411377,16.749149322509766,0.6203399896621704,0.9972451329231262,0.005383277777582407,-0.07319127023220062,-0.007353023160248995,0.9996132254600525,-0.03359566256403923,0.07253783941268921,0.03385940566658974,0.9978089928627014
14.267849922180176,16.749149322509766,0.6203399896621704,0.9977859854698181,0.01520203985273838,-0.06797916442155838,-0.017402473837137222,0.9993126392364502,-0.03919922560453415,0.06721377372741699,0.040528036653995514,0.9977524280548096
15.50849962234497,16.749149322509766,0.6203399896621704,0.9985370635986328,0.0074623823165893555,-0.05834953486919403,-0.010499252937734127,0.9987237453460693,-0.05301821231842041,0.058151133358478546,0.054358769208192825,0.997300386428833
16.749149322509766,16.749149322509766,0.6203399896621704,0.9989176988601685,0.005521813407540321,-0.0523507259786129,-0.008656997233629227,0.99835604429245,-0.0582251138985157,0.052932072430849075,0.05990269407629967,0.9970740675926208
17.98985004425049,16.749149322509766,0.6203399896621704,0.9992710947990417,0.0033102247398346663,-0.041029077023267746,-0.006224439945071936,0.9977536797523499,-0.06619540601968765,0.042148374021053314,0.06819996982812881,0.997013509273529
19.23055076599121,16.749149322509766,0.6203399896621704,0.997238278388977,-0.013787646777927876,-0.07518015801906586,0.012903175316751003,0.9999583959579468,-0.014301205053925514,0.07830500602722168,0.014166934415698051,0.9969677925109863
20.471250534057617,16.749149322509766,0.6203399896621704,0.9995983242988586,-0.00735074607655406,0.025261644273996353,0.00540532311424613,0.998672604560852,0.07304204255342484,-0.02709430828690529,-0.0752134844660759,0.9965343475341797
21.711899757385254,16.749149322509766,0.6203399896621704,1.0002810955047607,0.003531546564772725,0.008772242814302444,-0.0036038237158209085,0.9981673955917358,-0.07631796598434448,-0.009341957978904247,0.0794033333659172,0.9964749813079834
22.952549934387207,16.749149322509766,0.6203399896621704,0.9988078474998474,-0.00950755923986435,-0.06777667999267578,0.007453257218003273,0.9997155666351318,-0.034189362078905106,0.0719437450170517,0.035019755363464355,0.9963971972465515
24.19325065612793,16.749149322509766,0.6203399896621704,0.9983828067779541,0.01559510175138712,-0.06483674049377441,-0.013431759551167488,0.9996302127838135,0.037471331655979156,0.06956295669078827,-0.037768881767988205,0.9969804883003235
25.433950424194336,16.749149322509766,0.6203399896621704,0.9976874589920044,-0.01861429400742054,-0.06804411113262177,0.016903312876820564,0.9997742772102356,-0.030727190896868706,0.07236350327730179,0.030151499435305595,0.997310221195221
26.674650192260742,16.749149322509766,0.6203399896621704,0.9975495338439941,-0.020397614687681198,-0.06778326630592346,0.01848958432674408,0.9997251033782959,-0.0318475104868412,0.07127169519662857,0.031183917075395584,0.9971814155578613
27.915300369262695,16.749149322509766,0.6203399896621704,0.9976082444190979,-0.023829109966754913,-0.0664178803563118,0.021513640880584717,0.9996814131736755,-0.03386395797133446,0.0693221464753151,0.032748445868492126,0.9968096017837524
29.15595054626465,16.749149322509766,0.6203399896621704,0.9973567128181458,0.026538021862506866,-0.06601463258266449,-0.023751839995384216,0.9996953010559082,0.034186091274023056,0.06921432167291641,-0.0322222076356411,0.9968054294586182
30.396650314331055,16.749149322509766,0.6203399896621704,0.9975019097328186,0.0009118053712882102,-0.0706816017627716,0.003249162808060646,1.000219702720642,0.035876546055078506,0.07251974195241928,-0.034924596548080444,0.9966633319854736
31.637351036071777,16.749149322509766,0.6203399896621704,0.9973418116569519,0.004723293241113424,-0.06997095048427582,-0.0010360367596149445,1.0001431703567505,0.039003416895866394,0.07214419543743134,-0.03601716086268425,0.9974413514137268
32.8780517578125,16.749149322509766,0.6203399896621704,0.9965972304344177,0.006175980903208256,-0.07129719108343124,-0.0036061087157577276,0.9997947216033936,0.03861786425113678,0.07214459776878357,-0.03491833433508873,0.998104989528656
34.11870002746582,16.749149322509766,0.6203399896621704,0.9970731139183044,0.008718100376427174,-0.07274620234966278,-0.006568610202521086,0.9994080066680908,0.037272870540618896,0.07116755098104477,-0.033525001257658005,0.9969947338104248
35.35934829711914,16.749149322509766,0.6203399896621704,0.9975326061248779,0.014923498034477234,0.07076483219861984,-0.011903016828000546,0.9989405274391174,-0.039565179497003555,-0.06944888830184937,0.03689942508935928,0.9960765242576599
10.545769691467285,17.98985004425049,0.6203399896621704,0.9963158965110779,-0.013513941317796707,0.07878780364990234,0.013680228032171726,0.9999227523803711,-0.0004816635337192565,-0.07929995656013489,0.0009890258079394698,0.9982897043228149
11.786449909210205,17.98985004425049,0.6203399896621704,0.9966254234313965,0.0016392070101574063,-0.07821028679609299,-0.0033406487200409174,0.9997555613517761,-0.02100754715502262,0.07733409106731415,0.020721537992358208,0.9978546500205994
13.02715015411377,17.98985004425049,0.6203399896621704,0.9972598552703857,0.00046236635535024107,-0.07791344821453094,-0.0018014105735346675,0.9998727440834045,-0.022272761911153793,0.07702335715293884,0.022340180352330208,0.9974727630615234
14.267849922180176,17.98985004425049,0.6203399896621704,0.9976465106010437,0.019402481615543365,-0.07324033975601196,-0.02104385942220688,0.9995832443237305,-0.025470711290836334,0.07275550067424774,0.027085905894637108,0.9975973963737488
15.50849962234497,17.98985004425049,0.6203399896621704,0.9977710843086243,-0.00015238721971400082,-0.070384182035923,-0.002288785297423601,0.9995173811912537,-0.03616407886147499,0.07120288908481598,0.03677913546562195,0.9971541166305542
16.749149322509766,17.98985004425049,0.6203399896621704,0.99764084815979,-0.007479436695575714,-0.06948351114988327,0.0054216147400438786,0.999552845954895,-0.035570524632930756,0.07167159765958786,0.035891901701688766,0.9970918893814087
17.98985004425049,17.98985004425049,0.6203399896621704,0.9974269270896912,-0.025749487802386284,-0.06256788223981857,0.0243974719196558,0.9993959665298462,-0.039085034281015396,0.06583663076162338,0.03839785233139992,0.9973086714744568
19.23055076599121,17.98985004425049,0.6203399896621704,0.997179388999939,-0.013747586868703365,-0.07497066259384155,0.012869564816355705,0.9998352527618408,-0.014135721139609814,0.0782589465379715,0.014173747971653938,0.9973063468933105
20.471250534057617,17.98985004425049,0.6203399896621704,0.9985807538032532,-0.005727976094931364,0.07204173505306244,0.005313103087246418,1.0000896453857422,0.028490327298641205,-0.07449884712696075,-0.02857261709868908,0.9962877035140991
21.711899757385254,17.98985004425049,0.6203399896621704,0.9983921051025391,-0.019012494012713432,-0.07327732443809509,0.0184521172195673,0.9999712705612183,-0.014321742579340935,0.07671021670103073,0.013454480096697807,0.9967640042304993
22.952549934387207,17.98985004425049,0.6203399896621704,0.9984830617904663,-0.018806656822562218,-0.07020284980535507,0.017687654122710228,0.999886155128479,-0.024291010573506355,0.07461825758218765,0.0241865087300539,0.9968969821929932
24.19325065612793,17.98985004425049,0.6203399896621704,0.9982136487960815,-0.022237438708543777,-0.0665854811668396,0.0209638774394989,0.9997907280921936,-0.03031618520617485,0.07138292491436005,0.030333982780575752,0.9973682165145874
25.433950424194336,17.98985004425049,0.6203399896621704,0.9975701570510864,-0.024256614968180656,-0.06795911490917206,0.0232203658670187,0.9998024106025696,-0.026280734688043594,0.0724760890007019,0.025828003883361816,0.9977785348892212
26.674650192260742,17.98985004425049,0.6203399896621704,0.9972558617591858,-0.024863284081220627,-0.0686425119638443,0.023746659979224205,0.9998161196708679,-0.025998808443546295,0.07222647964954376,0.025502055883407593,0.9977633953094482
27.915300369262695,17.98985004425049,0.6203399896621704,0.9971821904182434,-0.027380719780921936,-0.06788526475429535,0.02574544958770275,0.9998365640640259,-0.027893615886569023,0.07051412761211395,0.027311177924275398,0.9974334239959717
29.15595054626465,17.98985004425049,0.6203399896621704,0.9970872402191162,-0.02829245664179325,-0.0681290328502655,0.026046227663755417,0.9997919797897339,-0.02851707488298416,0.0703260600566864,0.02750806324183941,0.9971282482147217
30.396650314331055,17.98985004425049,0.6203399896621704,0.9972636103630066,3.9862029552750755e-06,-0.07385942339897156,0.0034863618202507496,0.9998639822006226,0.029136095196008682,0.07466153800487518,-0.029524285346269608,0.9969027638435364
31.637351036071777,17.98985004425049,0.6203399896621704,0.9973006844520569,0.005029765889048576,-0.0733661949634552,-0.0014963054563850164,1.0000675916671753,0.0318867526948452,0.07439984381198883,-0.03038107044994831,0.9970127940177917
32.8780517578125,17.98985004425049,0.6203399896621704,0.9968240261077881,0.007252643350511789,-0.07386814057826996,-0.004202730022370815,1.000182867050171,0.03249213099479675,0.07471539825201035,-0.029552264139056206,0.9974918961524963
34.11870002746582,17.98985004425049,0.6203399896621704,0.9963507652282715,0.019215859472751617,0.07237888127565384,-0.01603320613503456,0.9992427229881287,-0.03390122577548027,-0.07145194709300995,0.02997198887169361,0.997710645198822
35.35934829711914,17.98985004425049,0.6203399896621704,0.9971332550048828,0.01101941429078579,0.07454966753721237,-0.008168341591954231,0.9992607831954956,-0.034294743090867996,-0.07406171411275864,0.03171651437878609,0.9969367980957031
10.545769691467285,19.23055076599121,0.6203399896621704,0.9970561861991882,-0.01707560569047928,0.07088697701692581,0.014198679476976395,0.9991417527198792,0.035609640181064606,-0.070638008415699,-0.034834347665309906,0.9981961250305176
11.786449909210205,19.23055076599121,0.6203399896621704,0.9963146448135376,0.02892398275434971,-0.07566539198160172,-0.02866833470761776,0.9998056888580322,-0.002108552260324359,0.07490089535713196,0.0031117983162403107,0.998212456703186
13.02715015411377,19.23055076599121,0.6203399896621704,0.997284471988678,-0.03037765994668007,-0.07456424087285995,0.030678188428282738,0.9996024370193481,0.008452684618532658,0.07355503737926483,-0.010292986407876015,0.9977244734764099
14.267849922180176,19.23055076599121,0.6203399896621704,0.9974986910820007,-0.02955656684935093,-0.07301092892885208,0.03053922951221466,0.9996117353439331,0.012601067312061787,0.07294927537441254,-0.014643753878772259,0.9976399540901184
15.50849962234497,19.23055076599121,0.6203399896621704,0.9974310994148254,0.003123693400993943,-0.07413607835769653,-0.004995251540094614,0.9997331500053406,-0.026532011106610298,0.07544742524623871,0.02707599848508835,0.9972395300865173
16.749149322509766,19.23055076599121,0.6203399896621704,0.9972182512283325,0.011177297681570053,-0.07369218021631241,-0.012943116016685963,0.9997100234031677,-0.02294589765369892,0.07585769891738892,0.024123387411236763,0.9974199533462524
17.98985004425049,19.23055076599121,0.6203399896621704,0.9972139596939087,-0.013906983658671379,-0.0751476064324379,0.012856712564826012,0.9998526573181152,-0.014124399051070213,0.0780840516090393,0.014099355787038803,0.9973319172859192
19.23055076599121,19.23055076599121,0.6203399896621704,0.9971975684165955,-0.013913236558437347,-0.07490471005439758,0.012861590832471848,0.9998441338539124,-0.014083875343203545,0.07814109325408936,0.014068832620978355,0.997549295425415
20.471250534057617,19.23055076599121,0.6203399896621704,0.9972001910209656,-0.013990497216582298,-0.0747077465057373,0.012816770933568478,0.9998295307159424,-0.014080749824643135,0.07811076194047928,0.01404928881675005,0.9977665543556213
21.711899757385254,19.23055076599121,0.6203399896621704,0.9971895813941956,-0.014089454896748066,-0.07454225420951843,0.012845510616898537,0.9998182654380798,-0.014098288491368294,0.07808350026607513,0.014065983705222607,0.9978979229927063
22.952549934387207,19.23055076599121,0.6203399896621704,0.9982151389122009,-0.021879179403185844,-0.07067330181598663,0.02100573293864727,0.9997972249984741,-0.021132327616214752,0.07491546869277954,0.020925166085362434,0.9974074959754944
24.19325065612793,19.23055076599121,0.6203399896621704,0.9980409741401672,-0.02323957160115242,-0.06833160668611526,0.02208646386861801,0.9998020529747009,-0.02588541805744171,0.0729106217622757,0.02597450278699398,0.9978070855140686
25.433950424194336,19.23055076599121,0.6203399896621704,0.9974520802497864,0.02531336434185505,-0.06961233913898468,-0.02443990297615528,0.999875545501709,0.020587701350450516,0.07409153133630753,-0.020267270505428314,0.9982735514640808
26.674650192260742,19.23055076599121,0.6203399896621704,0.9970566630363464,0.028210386633872986,-0.06926441192626953,-0.027569718658924103,0.9998657703399658,0.020475219935178757,0.07285898178815842,-0.020169338211417198,0.998386800289154
27.915300369262695,19.23055076599121,0.6203399896621704,0.9967764019966125,0.030463384464383125,-0.06922867894172668,-0.029439853504300117,0.9999448657035828,0.021127237007021904,0.07158774137496948,-0.02093748189508915,0.9981226921081543
29.15595054626465,19.23055076599121,0.6203399896621704,0.9968206286430359,0.030783869326114655,-0.06986397504806519,-0.02905331552028656,0.9999690055847168,0.022078897804021835,0.07123105227947235,-0.021738585084676743,0.9976587295532227
30.396650314331055,19.23055076599121,0.6203399896621704,0.9968248605728149,0.028061527758836746,-0.0725826621055603,-0.02592337317764759,0.9999067187309265,0.01893577352166176,0.07357493788003922,-0.017855064943432808,0.9974991083145142
31.637351036071777,19.23055076599121,0.6203399896621704,0.9965987205505371,-0.024282783269882202,0.07625610381364822,0.023144342005252838,1.0000392198562622,0.008000490255653858,-0.07652632892131805,-0.005796049255877733,0.9975430965423584
32.8780517578125,19.23055076599121,0.6203399896621704,0.9964079260826111,-0.021601537242531776,0.07765470445156097,0.020883092656731606,1.0000663995742798,0.00815054215490818,-0.07734532654285431,-0.005151608493179083,0.9975914359092712
34.11870002746582,19.23055076599121,0.6203399896621704,0.9962586164474487,0.01574392057955265,0.07653714716434479,-0.01335994154214859,0.9998801946640015,-0.024538742378354073,-0.07559812068939209,0.0215725377202034,0.9973012208938599
35.35934829711914,19.23055076599121,0.6203399896621704,0.9964396357536316,0.009850289672613144,0.07906162738800049,-0.00780774001032114,0.9998180270195007,-0.021803513169288635,-0.07859959453344345,0.019221611320972443,0.9974564909934998
10.545769691467285,20.471250534057617,0.6203399896621704,0.9965980052947998,-0.010472952388226986,0.07710875570774078,0.008579103276133537,0.9996310472488403,0.02331104502081871,-0.07664032280445099,-0.02280040644109249,0.9980502724647522
11.786449909210205,20.471250534057617,0.6203399896621704,0.9966390132904053,0.02570939064025879,-0.07666844129562378,-0.02482457458972931,0.9998689889907837,0.008158267475664616,0.07578679174184799,-0.007013901136815548,0.9982253909111023
13.02715015411377,20.471250534057617,0.6203399896621704,0.9973236918449402,0.027930282056331635,-0.07582088559865952,-0.027834830805659294,0.9998542070388794,0.0030834523495286703,0.07518445700407028,-0.0012913055252283812,0.9975264668464661
