0.9965384006500244,0.01659451425075531,-0.07616769522428513,-0.022823277860879898,0.9978546500205994,-0.055611252784729004,0.06651372462511063,0.05449160933494568,0.9738317131996155
0.9995430707931519,0.01703719049692154,0.07839908450841904,-0.021838275715708733,0.9996219277381897,0.04709942638874054,-0.0771104246377945,-0.045198798179626465,0.9802860021591187
0.9993778467178345,0.01687912456691265,0.08383236080408096,-0.02103620581328869,0.9999925494194031,0.03390400856733322,-0.08123911172151566,-0.031258437782526016,0.9786052703857422
0.9966306090354919,0.017245320603251457,0.08897657692432404,-0.020623505115509033,0.9996877312660217,0.0233450997620821,-0.07626669853925705,-0.019946005195379257,0.9695847034454346
0.9928252696990967,0.018949085846543312,0.09249623119831085,-0.017280949279665947,1.0015876293182373,0.017550162971019745,-0.06901755183935165,-0.021690305322408676,0.9598886370658875
1.0011683702468872,0.013887681998312473,-0.0602651983499527,-0.020887505263090134,0.9968411326408386,-0.0670856162905693,0.060186829417943954,0.0684288814663887,0.9819360375404358
0.9997897148132324,0.01502989511936903,-0.06455639749765396,-0.01987648755311966,0.9979926943778992,-0.06494962424039841,0.06572894752025604,0.06576167792081833,0.9873199462890625
0.9994520545005798,0.014128943905234337,-0.07056793570518494,-0.018086416646838188,0.9979095458984375,-0.05961427092552185,0.07103575021028519,0.06080514192581177,0.9889635443687439
0.9987639784812927,0.015061731450259686,-0.07782118022441864,-0.01910049468278885,0.9982666969299316,-0.0525914691388607,0.07685554772615433,0.05318325757980347,0.9898967742919922
0.9982531070709229,0.016007736325263977,0.08371883630752563,-0.019842972978949547,0.9986357688903809,0.04521040990948677,-0.08151907473802567,-0.0453898087143898,0.9900429248809814
0.997859537601471,0.017378496006131172,0.08971060067415237,-0.020701199769973755,0.9992099404335022,0.03325195983052254,-0.08660203218460083,-0.03347194939851761,0.9894779920578003
0.997823178768158,0.018716098740696907,0.09273223578929901,-0.021510694175958633,0.9995396137237549,0.02342001162469387,-0.08940419554710388,-0.024111488834023476,0.988467812538147
0.9982768893241882,0.019874604418873787,0.0925673320889473,-0.022308606654405594,0.9996948838233948,0.020492523908615112,-0.08992670476436615,-0.021205371245741844,0.9873304963111877
0.9989469647407532,0.020889604464173317,0.09186887741088867,-0.023365071043372154,0.9996421337127686,0.014857903122901917,-0.09021137654781342,-0.015079017728567123,0.9855170249938965
0.9996808171272278,0.021271413192152977,0.09032218903303146,-0.02388661541044712,0.9998121857643127,0.010319233871996403,-0.08995729684829712,-0.010340793058276176,0.9831907749176025
1.0001896619796753,0.022038597613573074,0.08764978498220444,-0.022843798622488976,1.0008554458618164,0.003309552790597081,-0.0893041118979454,-0.0035197932738810778,0.9800562858581543
0.999739408493042,0.023385649546980858,0.0833810493350029,-0.020735563710331917,0.9998082518577576,-0.00753411091864109,-0.0846700519323349,0.0063651069067418575,0.972445547580719
1.0004990100860596,0.012652014382183552,-0.060698773711919785,-0.01929509826004505,0.9963833689689636,-0.0670764148235321,0.05924798548221588,0.07136687636375427,0.9819948673248291
0.9997162222862244,0.014339515939354897,-0.06316576153039932,-0.019035857170820236,0.9979678988456726,-0.0664854347705841,0.06478802114725113,0.06841558963060379,0.9894005656242371
0.9992444515228271,0.014648052863776684,-0.06530728936195374,-0.018453324213624,0.9975761771202087,-0.0651075467467308,0.06529311090707779,0.067631296813488,0.9911015033721924
0.9984578490257263,0.014471526257693768,-0.0680290013551712,-0.018737517297267914,0.9975914359092712,-0.06431498378515244,0.06682898849248886,0.066207155585289,0.9928303956985474
0.9963812828063965,-0.010848894715309143,-0.0887727290391922,0.014837751165032387,0.9990507960319519,0.035316649824380875,0.08713233470916748,-0.03651881590485573,0.9940559267997742
0.9960323572158813,0.022355493158102036,0.08563850820064545,-0.02638998068869114,0.998689591884613,0.03959795460104942,-0.08246374130249023,-0.041183557361364365,0.9948757290840149
0.9958468079566956,0.02410956472158432,0.08477304875850677,-0.0280124694108963,0.9985780715942383,0.042621638625860214,-0.08071774244308472,-0.04361950233578682,0.9948281645774841
0.9961747527122498,0.021187182515859604,0.08141619712114334,-0.02574348635971546,0.9983288049697876,0.05163878574967384,-0.07667062431573868,-0.051600635051727295,0.9944465756416321
0.9948351979255676,-0.018879707902669907,0.09754394739866257,0.019837915897369385,0.9998788237571716,-0.008260807022452354,-0.09247968345880508,0.01012476347386837,0.9938473701477051
0.9967813491821289,0.01911870948970318,0.0810566172003746,-0.0232046190649271,0.9984884858131409,0.05441976711153984,-0.07506642490625381,-0.05368002504110336,0.9929692149162292
0.9960727691650391,-0.019846836104989052,0.09749072790145874,0.02085166610777378,0.9997240304946899,-0.006626345217227936,-0.09164783358573914,0.008745947852730751,0.9917941093444824
0.9967106580734253,-0.02693360485136509,0.09288118034601212,0.02593178302049637,0.9996088743209839,0.023816630244255066,-0.08832256495952606,-0.019168291240930557,0.9905831217765808
0.9977935552597046,0.022490497678518295,0.09479270130395889,-0.023523924872279167,0.999847948551178,0.00048918800894171,-0.09177131205797195,-0.0021792342886328697,0.9879274964332581
0.9989602565765381,0.02425939030945301,0.09095288813114166,-0.025320572778582573,1.000104546546936,-0.010134704411029816,-0.0906374529004097,0.008848422206938267,0.9846283197402954
1.0003230571746826,0.026613712310791016,0.08329028636217117,-0.026363370940089226,1.0008023977279663,-0.0210375115275383,-0.08713685721158981,0.01976586878299713,0.9795785546302795
1.0011892318725586,0.028923770412802696,0.07185012847185135,-0.027018332853913307,1.0002740621566772,-0.029653947800397873,-0.07729323208332062,0.027066953480243683,0.9663954377174377
1.0004645586013794,0.008887724950909615,0.05657996982336044,-0.014387581497430801,0.9976757168769836,0.06994633376598358,-0.05713501572608948,-0.07326365262269974,0.9789396524429321
1.000130295753479,0.011927446350455284,0.0622718520462513,-0.01596103049814701,0.9981371164321899,0.06640823930501938,-0.06285033375024796,-0.07050777226686478,0.9868801832199097
0.9966585636138916,0.01495253574103117,0.08946499228477478,-0.014408976770937443,1.0005016326904297,-0.025110933929681778,-0.09155558049678802,0.022073376923799515,0.9907010197639465
0.9959039688110352,0.017598256468772888,0.09228023141622543,-0.017151538282632828,0.9999909996986389,-0.015136733651161194,-0.09335501492023468,0.011619815602898598,0.9935263991355896
0.9953370690345764,0.018120402470231056,0.09331189841032028,-0.017779920250177383,0.9997377991676331,-0.008061249740421772,-0.09403880685567856,0.005082863382995129,0.995323896408081
0.9949193596839905,0.027216948568820953,0.09061187505722046,-0.028425242751836777,0.9992715716362,0.011982372030615807,-0.09109259396791458,-0.01469452679157257,0.9965779185295105
0.9948302507400513,0.027479149401187897,0.08522649854421616,-0.030308198183774948,0.998878002166748,0.033081088215112686,-0.08596798032522202,-0.03490955010056496,0.9965700507164001
0.9942978620529175,0.029858984053134918,-0.08708952367305756,-0.031647078692913055,0.9989753365516663,-0.024576615542173386,0.08963701128959656,0.026249157264828682,0.995797872543335
0.9935382604598999,0.03017372451722622,-0.08763595670461655,-0.032380111515522,0.9992931485176086,-0.02182845026254654,0.09031644463539124,0.023322327062487602,0.9956052899360657
0.9930575489997864,0.028653085231781006,-0.09081490337848663,-0.029416032135486603,0.9996187686920166,-0.01225308794528246,0.09289053082466125,0.013467848300933838,0.9955020546913147
0.9928067326545715,0.029278170317411423,-0.09186011552810669,-0.0292174331843853,0.999681293964386,-0.006473721470683813,0.09333676099777222,0.00805213674902916,0.9954580068588257
0.9925748109817505,-0.030227718874812126,0.0918826088309288,0.030379487201571465,0.9996359944343567,-0.007949435152113438,-0.0925120860338211,0.009954476729035378,0.9953415989875793
0.9922783970832825,0.02975279465317726,-0.09285704791545868,-0.028714992105960846,0.9995855689048767,-0.001627580146305263,0.09274731576442719,0.0038843397051095963,0.994955837726593
0.9931877255439758,-0.01574675925076008,-0.09564302861690521,0.012653862126171589,0.9992323517799377,-0.017994575202465057,0.0936298817396164,0.01655174233019352,0.993897557258606
0.9954061508178711,-0.018803372979164124,-0.09068974107503891,0.014926782809197903,0.9991230964660645,-0.03671121224761009,0.08736449480056763,0.033635057508945465,0.992592990398407
0.9998421669006348,0.017227904871106148,-0.022237110882997513,-0.018875086680054665,0.9961677193641663,-0.09512022882699966,0.018793778494000435,0.09032724797725677,0.9909898638725281
0.9993817210197449,0.03164177015423775,0.008041235618293285,-0.03245304897427559,0.99798184633255,0.09147770702838898,-0.0028749662451446056,-0.08771783113479614,0.988288402557373
1.0001555681228638,0.031218182295560837,0.07821857929229736,-0.02987062558531761,0.9996280074119568,-0.03713606670498848,-0.08205737918615341,0.033221639692783356,0.9824193120002747
1.000822901725769,0.033046793192625046,0.06555817276239395,-0.031508222222328186,1.000022292137146,-0.042301326990127563,-0.07625607401132584,0.0376933328807354,0.9716052412986755
1.0006252527236938,0.006048834417015314,0.0395066998898983,-0.009590515866875648,0.9981072545051575,0.08365239948034286,-0.04816440865397453,-0.08145879209041595,0.9820696115493774
1.000981092453003,0.006175975315272808,0.04598405584692955,-0.009933952242136002,0.9979169964790344,0.079936183989048,-0.0499170757830143,-0.08088255673646927,0.9848676919937134
1.0002251863479614,0.00892955157905817,0.05881642550230026,-0.013060551136732101,0.9978085160255432,0.07235142588615417,-0.058526575565338135,-0.07513909786939621,0.9884551167488098
0.9961121678352356,0.03333878144621849,-0.0872289165854454,-0.03287762403488159,0.9993433356285095,0.0212983638048172,0.088705874979496,-0.014328873716294765,0.9931044578552246
0.9976999759674072,-0.026300333440303802,0.05802735686302185,0.029957100749015808,0.9969176054000854,-0.07062634080648422,-0.05451780930161476,0.0742519199848175,0.9951217174530029
0.9948655366897583,0.029484713450074196,0.09037162363529205,-0.028244292363524437,0.9986221790313721,-0.0031314832158386707,-0.09269256889820099,3.34097640006803e-05,0.9966509342193604
0.9945212602615356,0.03115811012685299,0.08919183909893036,-0.03020637482404709,0.9986751675605774,0.002376031130552292,-0.09276243299245834,-0.003358408808708191,0.9969780445098877
0.9960175156593323,0.02942618727684021,0.07318629324436188,-0.03264739364385605,0.9980921149253845,0.050164975225925446,-0.07723578065633774,-0.052608609199523926,0.9957707524299622
0.9957235455513,0.030715500935912132,0.08001365512609482,-0.033933911472558975,0.9988693594932556,0.037325724959373474,-0.08380914479494095,-0.038868777453899384,0.9951309561729431
0.9959632158279419,0.030899355188012123,-0.08424369990825653,-0.03324343264102936,0.9992290139198303,-0.02673337794840336,0.08752330392599106,0.02818465791642666,0.9946213960647583
0.9961708784103394,0.030124669894576073,-0.08539023250341415,-0.032778989523649216,0.9994311928749084,-0.022751973941922188,0.08885408937931061,0.024373678490519524,0.9943029284477234
0.9956480264663696,0.028143620118498802,-0.0881231278181076,-0.02991359308362007,0.9996756315231323,-0.014144443906843662,0.09185395389795303,0.015323936939239502,0.9940318465232849
0.9953144192695618,0.027736376971006393,-0.08920689672231674,-0.028943423181772232,0.9999498724937439,-0.008680184371769428,0.0929153561592102,0.010199625976383686,0.9939596056938171
0.9952107667922974,0.028228726238012314,-0.08947726339101791,-0.02933240681886673,0.9999260306358337,-0.006962690968066454,0.09287455677986145,0.00918737705796957,0.9941592812538147
0.9951711297035217,0.028197236359119415,-0.08989564329385757,-0.028268400579690933,1.0000548362731934,0.0017291007097810507,0.09351934492588043,0.0006094420677982271,0.9942113757133484
0.9941087961196899,-0.028794391080737114,-0.08679350465536118,0.02675997093319893,0.9999223351478577,-0.0257931649684906,0.09061881899833679,0.0237980205565691,0.9942181706428528
0.9941028952598572,-0.033158380538225174,-0.08011601120233536,0.027453823015093803,0.998559832572937,-0.04312700778245926,0.08347147703170776,0.040950026363134384,0.9944594502449036
0.994672417640686,-0.02155786007642746,-0.07977575063705444,0.014924079179763794,0.9976620674133301,-0.05300218611955643,0.08060663938522339,0.05072306841611862,0.9942936301231384
0.9965336918830872,-0.025735583156347275,-0.07567361742258072,0.02015474997460842,0.9978018999099731,-0.05919291824102402,0.0748908668756485,0.054465532302856445,0.9938250184059143
0.9989215731620789,-0.040595248341560364,-0.059541966766119,0.03818179666996002,0.9965378046035767,-0.06692717224359512,0.05959319323301315,0.059710793197155,0.9910730719566345
1.0004096031188965,0.034776654094457626,0.07046855241060257,-0.032167743891477585,0.9988600611686707,-0.04914269223809242,-0.07562316209077835,0.04438275471329689,0.9824656248092651
0.9984912276268005,0.0370892770588398,0.05905640497803688,-0.03602296859025955,0.9982161521911621,-0.050548698753118515,-0.056752197444438934,0.044974591583013535,0.9541797041893005
1.0019923448562622,0.005003449972718954,0.03794499859213829,-0.008944595232605934,0.9961260557174683,0.08591428399085999,-0.041067078709602356,-0.08338841050863266,0.9784382581710815
1.000735878944397,0.0058941044844686985,0.04333869367837906,-0.01024949736893177,0.9970750212669373,0.08468224853277206,-0.04691797494888306,-0.08314897119998932,0.9873954057693481
1.0003103017807007,-0.01623116433620453,0.045652810484170914,0.020279934629797935,0.9966332912445068,-0.08295999467372894,-0.0426083579659462,0.08282140642404556,0.9903745055198669
0.998337984085083,-0.02312140166759491,0.05283370241522789,0.027350638061761856,0.9969177842140198,-0.07690463960170746,-0.048234909772872925,0.07877152413129807,0.9934879541397095
0.9969038367271423,-0.02575463056564331,0.054615359753370285,0.029603930190205574,0.9971863627433777,-0.07412136346101761,-0.05193667858839035,0.07689490914344788,0.9954208731651306
0.9958873391151428,-0.028686700388789177,0.05842423066496849,0.031655799597501755,0.9974219799041748,-0.06843457370996475,-0.059273384511470795,0.07161851227283478,0.9959845542907715
0.9962899684906006,-0.029535960406064987,-0.06444868445396423,0.0323866568505764,0.9977913498878479,0.0605483278632164,0.06826437264680862,-0.06333357840776443,0.9956711530685425
0.9971062541007996,-0.029954694211483,-0.0676843672990799,0.0335075780749321,0.9979233741760254,0.05588247999548912,0.0721118226647377,-0.05771651118993759,0.9950920939445496
0.9971411824226379,0.030318686738610268,0.07500960677862167,-0.03405143693089485,0.9985631704330444,0.04539377987384796,-0.07892869412899017,-0.046785756945610046,0.9944900274276733
0.9967859983444214,0.03135339915752411,-0.08223386108875275,-0.03485206887125969,0.9993439316749573,-0.029863949865102768,0.0857771635055542,0.03128308430314064,0.9943267107009888
0.9965932369232178,0.030528996139764786,-0.08549251407384872,-0.033231787383556366,0.9995641112327576,-0.022160058841109276,0.08861871808767319,0.023559557273983955,0.994255542755127
0.9965346455574036,0.02957342006266117,-0.08766722679138184,-0.03152380511164665,0.9996437430381775,-0.01529148779809475,0.0904468521475792,0.01667792536318302,0.994072437286377
0.9963792562484741,0.027806952595710754,-0.08957409113645554,-0.028799308463931084,0.999871015548706,-0.00398895563557744,0.09236355125904083,0.005084296688437462,0.9937689900398254
0.9961588978767395,0.026930104941129684,-0.08979813009500504,-0.027184678241610527,1.0000666379928589,0.0019909904804080725,0.09296288341283798,-0.0007155210478231311,0.9934639930725098
0.995851993560791,0.02784014120697975,-0.08930276334285736,-0.02772175334393978,1.0001124143600464,0.004697612952440977,0.09299500286579132,-0.0024748402647674084,0.9935084581375122
0.9960773587226868,-0.02825816348195076,-0.08759929984807968,0.02666805125772953,1.0000044107437134,-0.017478493973612785,0.09187176823616028,0.015108063817024231,0.9935862421989441
0.9964881539344788,-0.028569243848323822,-0.08069070428609848,0.025586163625121117,0.9994256496429443,-0.03831925988197327,0.08593476563692093,0.03607247397303581,0.9936070442199707
0.9966679811477661,-0.030482525005936623,-0.07438860088586807,0.027403920888900757,0.998891294002533,-0.04900914058089256,0.08008600026369095,0.04662759229540825,0.9940595030784607
0.9955360293388367,-0.03257172182202339,-0.07116720080375671,0.02861453779041767,0.9985129833221436,-0.05399599298834801,0.07650330662727356,0.05186302587389946,0.9945899248123169
0.9953609108924866,-0.023793479427695274,-0.07374634593725204,0.017010042443871498,0.9980112314224243,-0.05811046063899994,0.07746946066617966,0.05607926473021507,0.9953570365905762
0.999687910079956,0.01570669747889042,-0.0051783905364573,-0.014932767488062382,0.9940634965896606,-0.09658104181289673,0.0025763220619410276,0.0943751186132431,0.995103657245636
0.9981507658958435,-0.009762418456375599,0.06688117235898972,0.0050503285601735115,0.997432291507721,0.07200130075216293,-0.05918823927640915,-0.06916721165180206,0.9904173612594604
1.0010730028152466,0.039067067205905914,0.05624030902981758,-0.036596473306417465,0.9987198114395142,-0.06016269698739052,-0.06510742008686066,0.05383053421974182,0.9776021242141724
1.0008295774459839,0.008068709634244442,0.04103545844554901,-0.01190432533621788,0.9965441226959229,0.08645977079868317,-0.043849676847457886,-0.08473562449216843,0.9886266589164734
1.000288486480713,0.007407205179333687,0.03776741772890091,-0.011175515130162239,0.9963022470474243,0.0885259136557579,-0.03772547468543053,-0.08793722838163376,0.9913738965988159
0.9987847805023193,-0.022567471489310265,0.04077376052737236,0.026352044194936752,0.9962130784988403,-0.08424639701843262,-0.0376431904733181,0.08539774268865585,0.9942749738693237
0.9969004392623901,-0.028134211897850037,0.04786164313554764,0.03187715634703636,0.9965817332267761,-0.07776238024234772,-0.0468083918094635,0.07961677014827728,0.9957623481750488
0.9967767596244812,-0.028091609477996826,0.050231367349624634,0.03194421902298927,0.9968777298927307,-0.07517465204000473,-0.051723409444093704,0.07703793048858643,0.9956358671188354
0.9971737861633301,-0.030088996514678,-0.055411446839571,0.033296532928943634,0.9972919821739197,0.06956874579191208,0.05869429185986519,-0.07124838978052139,0.9949885606765747
0.9979506731033325,-0.030964083969593048,-0.062419939786195755,0.034778255969285965,0.9976522326469421,0.061542220413684845,0.06656220555305481,-0.0630590096116066,0.9944900274276733
0.9980190396308899,-0.032133378088474274,-0.06562826037406921,0.03644230216741562,0.9979754090309143,0.05684097856283188,0.06984841078519821,-0.05843562260270119,0.9942983388900757
0.9973767995834351,0.03169511631131172,0.07686711847782135,-0.03567909076809883,0.9989626407623291,0.041066259145736694,-0.08086061477661133,-0.042278990149497986,0.9940950870513916
0.996795654296875,0.033121682703495026,-0.08396118879318237,-0.03620680794119835,0.9995842576026917,-0.02376421168446541,0.08716429024934769,0.02509249374270439,0.9941708445549011
0.9962441921234131,-0.03269343823194504,0.088016577064991,0.03429720923304558,0.9998754858970642,-0.006610827054828405,-0.09065157920122147,0.007779386360198259,0.9943364262580872
0.9961366057395935,0.030409200116991997,-0.0894736498594284,-0.03112311288714409,0.9998757243156433,-0.0013050839770585299,0.09186890721321106,0.002427662257105112,0.9943372011184692
0.9961531162261963,-0.02789527177810669,-0.08960958570241928,0.0272201057523489,0.9998685121536255,-0.011560174636542797,0.09220772236585617,0.010898031294345856,0.994107186794281
0.9962539076805115,-0.026716211810708046,-0.08918570727109909,0.02556782402098179,0.9999139308929443,-0.014332530088722706,0.09217285364866257,0.013500448316335678,0.9937232732772827
0.9963318109512329,-0.027243785560131073,-0.08720328658819199,0.025482889264822006,0.9999092221260071,-0.021569782868027687,0.09094910323619843,0.02011662721633911,0.9935007691383362
0.9965533018112183,-0.027087697759270668,-0.08608126640319824,0.02494088001549244,0.9998738169670105,-0.02550945244729519,0.09032206237316132,0.023307323455810547,0.9934410452842712
0.9969611167907715,-0.027844753116369247,-0.07984990626573563,0.02489837259054184,0.9993473887443542,-0.041013188660144806,0.08484620600938797,0.03844280168414116,0.9935234189033508
0.9972671270370483,-0.030342012643814087,-0.07171037793159485,0.02689622901380062,0.9985891580581665,-0.05330590158700943,0.07775799185037613,0.05047765374183655,0.9940482974052429
0.9973630905151367,-0.031676698476076126,-0.06340387463569641,0.028572063893079758,0.9978345632553101,-0.06243119761347771,0.06972313672304153,0.060255423188209534,0.9946994781494141
0.9974583983421326,-0.03267170116305351,-0.057741548866033554,0.02844409830868244,0.9973421096801758,-0.06742119789123535,0.06444022059440613,0.0663912370800972,0.9950172901153564
0.9960734248161316,0.03390909731388092,0.051525555551052094,-0.028042038902640343,0.9964836835861206,-0.0742272213101387,-0.05811239033937454,0.07288690656423569,0.9965915679931641
0.998020589351654,-0.017882423475384712,0.05176557973027229,0.012844759970903397,0.9958854913711548,0.08107129484415054,-0.05064010992646217,-0.07832804322242737,0.9949072003364563
1.000914216041565,0.041676707565784454,0.047665953636169434,-0.03872278705239296,0.9961916208267212,-0.07014019042253494,-0.053935762494802475,0.06374117732048035,0.9868893027305603
1.0002039670944214,0.04153752699494362,0.038015007972717285,-0.04509939253330231,0.9958030581474304,-0.061453111469745636,-0.0378282405436039,0.05364090949296951,0.9521647691726685
1.000175952911377,0.008801768533885479,0.02094280906021595,-0.01149195246398449,0.9950551390647888,0.09858783334493637,-0.023997299373149872,-0.09041345119476318,0.9858957529067993
1.0005345344543457,0.008843963965773582,0.021681075915694237,-0.010297542437911034,0.9959620237350464,0.09504413604736328,-0.026502026244997978,-0.09122740477323532,0.9893653392791748
1.0003571510314941,0.00953326839953661,0.03850020840764046,-0.012543267570436,0.99603271484375,0.08835086226463318,-0.04091213643550873,-0.08603323996067047,0.9903293251991272
1.0008057355880737,-0.013295333832502365,0.014394296333193779,0.01465578656643629,0.9952858090400696,-0.09551887214183807,-0.014081548899412155,0.09384144097566605,0.9923064112663269
0.9998714327812195,-0.019372349604964256,0.0132841095328331,0.021082086488604546,0.9953296780586243,-0.0939188003540039,-0.011338863521814346,0.0937175452709198,0.9945208430290222
0.9982302188873291,-0.02718709409236908,0.024896543473005295,0.029788009822368622,0.9956670999526978,-0.08849097043275833,-0.02397538721561432,0.08981405198574066,0.9958322048187256
0.9978140592575073,-0.030611226335167885,-0.03479940444231033,0.03347000107169151,0.9960511922836304,0.08289989084005356,0.03669344633817673,-0.08449710160493851,0.9956520199775696
0.9986482262611389,-0.030529934912919998,-0.03686084598302841,0.03364447131752968,0.9962796568870544,0.08130114525556564,0.040158968418836594,-0.08289429545402527,0.994770884513855
0.998441755771637,-0.03138317912817001,-0.05162421986460686,0.03504789248108864,0.9971608519554138,0.0717402845621109,0.05545483157038689,-0.07302506268024445,0.9941338896751404
0.9983169436454773,-0.032681021839380264,-0.0625680461525917,0.03659597039222717,0.997839093208313,0.06092251464724541,0.06664994359016418,-0.06203077360987663,0.9938372373580933
0.997855007648468,0.033096447587013245,0.07037051022052765,-0.037227243185043335,0.9984350204467773,0.050814125686883926,-0.07459376007318497,-0.05166178196668625,0.9936954975128174
0.9968761801719666,0.03193981200456619,-0.08320911973714828,-0.0354321226477623,0.9995777010917664,-0.02773275040090084,0.08670028299093246,0.027975957840681076,0.9936597347259521
0.9966965317726135,0.03337571397423744,-0.08482345193624496,-0.0362512581050396,0.9996406435966492,-0.02333788014948368,0.08731429278850555,0.024310238659381866,0.9939371943473816
0.9960528612136841,-0.03220709040760994,0.08899908512830734,0.03322610631585121,0.9998140931129456,-0.004623228684067726,-0.0913519635796547,0.005191084463149309,0.9941403269767761
0.9960052371025085,0.02831151708960533,-0.09046114981174469,-0.027847083285450935,0.9997968673706055,0.006321608554571867,0.09289810061454773,-0.006353203672915697,0.9941088557243347
0.996200680732727,-0.02692250721156597,-0.089157834649086,0.025307277217507362,0.9997401237487793,-0.017542706802487373,0.09189720451831818,0.01773396134376526,0.9938825368881226
0.9964183568954468,-0.02542635053396225,-0.08775144070386887,0.02326156198978424,0.9997079968452454,-0.02335379458963871,0.09096959233283997,0.023302029818296432,0.9936308860778809
0.9966750741004944,-0.025711864233016968,-0.08385580778121948,0.0228777714073658,0.9995686411857605,-0.03393459692597389,0.08761058002710342,0.03334173560142517,0.9935764670372009
0.9968389272689819,-0.025895601138472557,-0.08262082934379578,0.022747505456209183,0.9995964765548706,-0.03688979148864746,0.08671077340841293,0.03530704975128174,0.9935276508331299
0.9973124265670776,-0.02773679792881012,-0.07434487342834473,0.023839114233851433,0.9989492893218994,-0.051182400435209274,0.07947196066379547,0.04894241690635681,0.993581235408783
0.9979354739189148,-0.029871534556150436,-0.06313721090555191,0.0257937703281641,0.9980383515357971,-0.06384171545505524,0.06963659822940826,0.061678748577833176,0.9938308596611023
0.9976130723953247,-0.03086947090923786,-0.05465537682175636,0.02729017473757267,0.9974337220191956,-0.07076375931501389,0.06217556819319725,0.06925564259290695,0.9945600032806396
0.9986839890480042,0.03203960880637169,0.04648256674408913,-0.02909831330180168,0.9967936277389526,-0.07495236396789551,-0.053644098341464996,0.07511822134256363,0.9947842955589294
0.9967978596687317,-0.032327961176633835,0.0428960844874382,0.02800450474023819,0.996625542640686,0.0778447762131691,-0.05048355460166931,-0.07826792448759079,0.9953842163085938
0.9985579252243042,-0.019316725432872772,0.047508604824543,0.015360004268586636,0.9960625767707825,0.08138712495565414,-0.05217502638697624,-0.08050158619880676,0.9963716268539429
0.9994826316833496,0.04485633596777916,-0.04565146565437317,-0.041636817157268524,0.9957824349403381,0.07054963707923889,0.04830426350235939,-0.0683661550283432,0.9922930598258972
1.000903844833374,0.04535933956503868,-0.03559435158967972,-0.04418289661407471,0.9975999593734741,0.06701555103063583,0.04614021256566048,-0.06737350672483444,0.9754085540771484
0.9994367957115173,0.008563091047108173,0.032516028732061386,-0.004357694182544947,0.9957839250564575,-0.09741844981908798,-0.02560671977698803,0.09232023358345032,0.9902260899543762
1.0001634359359741,0.008682278916239738,0.016800781711935997,-0.00616042222827673,0.995780348777771,-0.09839049726724625,-0.012571127153933048,0.09549251943826675,0.99144047498703
0.997589111328125,0.01224999874830246,-0.06648654490709305,-0.007053340785205364,0.9981936812400818,0.0721147283911705,0.06332762539386749,-0.07194562256336212,0.9923549890518188
0.9979915618896484,0.034426502883434296,0.058396611362695694,-0.029306190088391304,0.9973933100700378,-0.0714215636253357,-0.05967242270708084,0.06873194128274918,0.993451714515686
0.9998733997344971,-0.026438092812895775,-0.008940457366406918,0.02563546411693096,0.9949692487716675,-0.09288989752531052,0.011086576618254185,0.09259776026010513,0.9949221611022949
0.9975835084915161,0.028035787865519524,-0.06086423620581627,-0.02409309148788452,0.9962591528892517,0.06983087956905365,0.06208566948771477,-0.07017360627651215,0.9959370493888855
0.9987019896507263,0.03055565617978573,-0.0019209320889785886,-0.03105434775352478,0.9952046275138855,0.09051166474819183,0.0007223412394523621,-0.09266717731952667,0.9955737590789795
0.9993111491203308,0.03347739949822426,0.014492468908429146,-0.03460709750652313,0.9956385493278503,0.08785312622785568,-0.017099004238843918,-0.08989214897155762,0.9946321249008179
0.9997726678848267,0.033836763352155685,0.022827882319688797,-0.03550082445144653,0.9959432482719421,0.08566918969154358,-0.025820089504122734,-0.08733873814344406,0.9938694834709167
0.9986024498939514,-0.03304146230220795,-0.05836862325668335,0.03711574152112007,0.9974916577339172,0.06618138402700424,0.06165412440896034,-0.06668072938919067,0.9935590624809265
0.9980744123458862,0.03397445008158684,0.06945562362670898,-0.03812730312347412,0.9982820153236389,0.05327481031417847,-0.07286228239536285,-0.05335153639316559,0.9932522177696228
0.9979403018951416,0.0335719957947731,0.06969846785068512,-0.0378531739115715,0.998421311378479,0.052347250282764435,-0.0736381784081459,-0.05283580347895622,0.992764413356781
0.9966192245483398,0.03164299577474594,-0.08185641467571259,-0.035671576857566833,0.9994321465492249,-0.032376546412706375,0.08544370532035828,0.03284017741680145,0.9928839206695557
0.9963524341583252,0.03129688277840614,-0.0835256576538086,-0.03469303995370865,0.9993755221366882,-0.03026479482650757,0.08609386533498764,0.03103647753596306,0.9935975670814514
0.9956651926040649,-0.031095420941710472,0.08959262073040009,0.032030075788497925,0.9996362328529358,-0.003048436250537634,-0.09178734570741653,0.0024155108258128166,0.9936150312423706
0.9959941506385803,0.02415018528699875,-0.09189188480377197,-0.023548400029540062,0.9996697902679443,0.006699431221932173,0.09400169551372528,-0.008697864599525928,0.9930797219276428
0.996543824672699,-0.023091787472367287,-0.09001721441745758,0.021096302196383476,0.9997870326042175,-0.019866984337568283,0.09244085848331451,0.021985551342368126,0.9924489855766296
0.9969359040260315,-0.02263110876083374,-0.08570772409439087,0.019814912229776382,0.9995570182800293,-0.03263925388455391,0.08900284767150879,0.03426950052380562,0.9920583963394165
0.9969173073768616,-0.02354031428694725,-0.08266488462686539,0.020399851724505424,0.9995155930519104,-0.03850364312529564,0.08687877655029297,0.03860357031226158,0.9926562309265137
0.9973657727241516,-0.0241856649518013,-0.07854237407445908,0.020317014306783676,0.9992114305496216,-0.04639333859086037,0.08262749016284943,0.04558169096708298,0.9933802485466003
0.9981273412704468,-0.026998136192560196,-0.06754302233457565,0.02235599234700203,0.9985145926475525,-0.06048980727791786,0.0729464590549469,0.0586530826985836,0.993598222732544
0.9988895058631897,-0.028718410059809685,-0.0556878037750721,0.023978134617209435,0.9978845715522766,-0.07099862396717072,0.06291382759809494,0.06886651366949081,0.9934048056602478
0.9982145428657532,-0.030538255348801613,-0.04460682347416878,0.026374973356723785,0.997363269329071,-0.07764802128076553,0.05423849821090698,0.07609371095895767,0.993553638458252
0.9982078075408936,-0.03204285725951195,0.039701737463474274,0.02911178581416607,0.9972386360168457,0.07889506965875626,-0.048927221447229385,-0.07897630333900452,0.9937214255332947
0.9961385726928711,-0.032682158052921295,0.03839985653758049,0.02947748824954033,0.9968095421791077,0.07970010489225388,-0.04581116512417793,-0.08047070354223251,0.9938679933547974
0.9997906684875488,-0.01976442150771618,0.041585199534893036,0.016557013615965843,0.9960423111915588,0.08341025561094284,-0.04855145141482353,-0.08411307632923126,0.9960464835166931
0.9986798167228699,-0.047215767204761505,-0.034953951835632324,0.044757597148418427,0.9960650205612183,-0.07485741376876831,0.03583753854036331,0.075212262570858,0.9940488338470459
1.0017328262329102,0.045111604034900665,-0.0336063988506794,-0.04276561364531517,0.9966561794281006,0.0711369439959526,0.04340866208076477,-0.0705934390425682,0.9797458052635193
0.9987898468971252,0.010911449790000916,-0.05123548582196236,-0.005466901231557131,0.9966239929199219,0.08880895376205444,0.04653201997280121,-0.08445017039775848,0.9915593862533569
0.9990859031677246,0.038464296609163284,0.04605893790721893,-0.034506529569625854,0.9964136481285095,-0.0803050771355629,-0.04843425378203392,0.07628820836544037,0.9925462007522583
0.9988038539886475,0.030743390321731567,0.04715525731444359,-0.02616110071539879,0.9962891936302185,-0.08097024261951447,-0.04931040108203888,0.07876721769571304,0.9936375021934509
0.9996742606163025,-0.024835508316755295,-0.017824366688728333,0.02302689291536808,0.9950107932090759,-0.09189704805612564,0.020529862493276596,0.09216096252202988,0.9947423338890076
0.9988142251968384,-0.026875808835029602,-0.023556312546133995,0.02500961348414421,0.9950457215309143,-0.08909305185079575,0.02535349689424038,0.09055072069168091,0.9958735108375549
0.9985028505325317,-0.028531987220048904,-0.02670784667134285,0.02649298869073391,0.9953552484512329,-0.08734210580587387,0.026468615978956223,0.08979319781064987,0.9957242012023926
0.9988080263137817,-0.03258401155471802,-0.03226405009627342,0.029480600729584694,0.9960722923278809,-0.08433264493942261,0.031205246224999428,0.08701972663402557,0.9947227239608765
0.9993759989738464,-0.03648515045642853,-0.026573650538921356,0.03322410210967064,0.9962050318717957,-0.08508248627185822,0.025593118742108345,0.08720820397138596,0.9940282702445984
0.9989187121391296,-0.03820208087563515,0.03848657011985779,0.03415758162736893,0.9968922734260559,0.07996051013469696,-0.03765954449772835,-0.08187510073184967,0.9936351776123047
0.9971483945846558,-0.03759074583649635,0.06982558965682983,0.03356436267495155,0.9989480972290039,0.05503020063042641,-0.0700458511710167,-0.05727683752775192,0.9933857321739197
0.9973200559616089,-0.03762231394648552,0.0680757537484169,0.0337272584438324,0.9990448951721191,0.056878168135881424,-0.06821762770414352,-0.05914401262998581,0.9930366277694702
0.9996693730354309,-0.03385971114039421,-0.04525912180542946,0.03694114461541176,0.9970268607139587,0.07587263733148575,0.04759296402335167,-0.0766277015209198,0.9922913908958435
0.9966450333595276,0.031115802004933357,-0.08609866350889206,-0.03429258614778519,1.0002076625823975,-0.022335482761263847,0.08893890678882599,0.022481417283415794,0.9919393062591553
0.9958810806274414,-0.0296541228890419,0.08799684047698975,0.028910070657730103,1.0004619359970093,0.01999399997293949,-0.0912201777100563,-0.021489467471837997,0.9915581941604614
0.9967296719551086,-0.02936544641852379,-0.0603611059486866,0.026156440377235413,0.9982131719589233,-0.06856633722782135,0.06156511604785919,0.07093024998903275,0.9919134378433228
0.9972739219665527,-0.0210198312997818,-0.07166258990764618,0.01780097559094429,0.9984315633773804,-0.06092177703976631,0.06958748400211334,0.06415248662233353,0.9924909472465515
0.9977861642837524,-0.019342683255672455,-0.07714811712503433,0.015660585835576057,0.9992119073867798,-0.0543588325381279,0.07539094984531403,0.05805932730436325,0.9906910061836243
0.9981563687324524,-0.02027021534740925,-0.07389993220567703,0.016743991523981094,0.999019980430603,-0.05727805569767952,0.0750989019870758,0.058996234089136124,0.9897087216377258
0.9980675578117371,-0.02253546752035618,-0.06916874647140503,0.01878228969871998,0.9986532330513,-0.061131369322538376,0.07255805283784866,0.0613350048661232,0.9914463758468628
0.9988015294075012,-0.022669296711683273,-0.06215336173772812,0.01853219047188759,0.9980616569519043,-0.06804399937391281,0.06576340645551682,0.06819411367177963,0.9929919838905334
0.9997196197509766,-0.025101350620388985,-0.05272744968533516,0.02063295803964138,0.9975680112838745,-0.07468248158693314,0.05824737250804901,0.07393642514944077,0.9933719038963318
1.0008896589279175,0.026015644893050194,-0.0388655886054039,-0.02196168527007103,0.9970703721046448,0.08241450786590576,0.04693037271499634,-0.080927275121212,0.9928843975067139
1.0003207921981812,-0.028016816824674606,-0.030755195766687393,0.02420886792242527,0.9973236322402954,-0.08549626916646957,0.042544931173324585,0.08338924497365952,0.9917386770248413
0.9982147812843323,-0.03060535341501236,0.028104055672883987,0.02745637111365795,0.9977297782897949,0.08562221378087997,-0.041353195905685425,-0.08397528529167175,0.9909703731536865
0.9944114685058594,-0.03316342458128929,0.030711939558386803,0.031062522903084755,0.9970782399177551,0.08358978480100632,-0.04066596180200577,-0.08336732536554337,0.9918069243431091
0.9999493360519409,-0.020428769290447235,0.03538665175437927,0.01778586022555828,0.996485710144043,0.08585530519485474,-0.04261849820613861,-0.08738338947296143,0.9948268532752991
0.9981278777122498,-0.04520063474774361,-0.03293401375412941,0.04251380264759064,0.9966433048248291,-0.07792316377162933,0.0334264300763607,0.07797199487686157,0.9945515394210815
1.0016967058181763,0.04703931137919426,-0.03371250256896019,-0.04388594627380371,0.9974790811538696,0.07298534363508224,0.042553503066301346,-0.0707113966345787,0.9830712080001831
0.9983290433883667,0.013069049455225468,0.06271584331989288,-0.00724717928096652,0.9968909025192261,-0.08080289512872696,-0.06024584919214249,0.07545685023069382,0.9917083978652954
0.9988353848457336,0.013733969070017338,0.05782034993171692,-0.008475459180772305,0.9967272877693176,-0.08011116087436676,-0.05772864818572998,0.07714144140481949,0.9930573105812073
0.9990320205688477,0.031451333314180374,0.037680063396692276,-0.02809281274676323,0.9960142970085144,-0.08425489068031311,-0.041969213634729385,0.08284935355186462,0.9943206310272217
0.99871826171875,-0.027231108397245407,-0.031195860356092453,0.024711662903428078,0.9959190487861633,-0.0866476446390152,0.03536639362573624,0.08731770515441895,0.995011031627655
0.9980072975158691,-0.027164749801158905,0.03695884346961975,0.024171631783246994,0.9960013628005981,0.08362416923046112,-0.03889826685190201,-0.08577455580234528,0.9956633448600769
0.9981619715690613,-0.028740007430315018,0.039344992488622665,0.025081519037485123,0.9962726831436157,0.08228021115064621,-0.039442699402570724,-0.08513104915618896,0.9949442148208618
0.9982784986495972,-0.03307192772626877,0.047563374042510986,0.028579626232385635,0.9970067143440247,0.07702121138572693,-0.04770777374505997,-0.07920105010271072,0.9941871762275696
0.9981793165206909,-0.0366504043340683,0.04947325959801674,0.0321207158267498,0.99722820520401,0.07477875053882599,-0.049859195947647095,-0.076124407351017,0.9941333532333374
0.9980470538139343,-0.03800942376255989,0.05056910216808319,0.033584848046302795,0.9973532557487488,0.07375172525644302,-0.050285566598176956,-0.07487434148788452,0.993972659111023
0.9978383183479309,-0.03745323792099953,0.0588909313082695,0.032999761402606964,0.9978982210159302,0.06779010593891144,-0.0584709495306015,-0.06890249252319336,0.9937026500701904
0.9979954957962036,0.037790652364492416,0.05730072036385536,-0.033326853066682816,0.9979658722877502,-0.06901971995830536,-0.056823525577783585,0.06979416310787201,0.9935272932052612
0.9990018606185913,-0.037370070815086365,0.04317931458353996,0.03338852524757385,0.9972848892211914,0.07849428057670593,-0.04261058196425438,-0.07893528044223785,0.9930446147918701
0.9990942478179932,-0.03502194583415985,0.050117772072553635,0.030786439776420593,0.9978939890861511,0.07487376779317856,-0.05039026960730553,-0.07518340647220612,0.9922397136688232
0.9997789263725281,-0.03025032766163349,0.032842326909303665,0.026675783097743988,0.9975140690803528,0.08569465577602386,-0.032960180193185806,-0.08552838861942291,0.9904652833938599
0.9971709251403809,-0.03064526617527008,0.03542109206318855,0.0270023662596941,0.9978547096252441,0.0861053615808487,-0.03721795603632927,-0.08501140773296356,0.9905681014060974
0.9987119436264038,0.022557156160473824,0.031762655824422836,-0.019113877788186073,0.9971811175346375,-0.0902421846985817,-0.02844090946018696,0.09023826569318771,0.9918768405914307
