0.9976764917373657,0.016712568700313568,-0.0636817216873169,-0.020918596535921097,0.998404324054718,-0.04437738656997681,0.05740554258227348,0.04387589544057846,0.9854223728179932
0.9992955327033997,0.017200132831931114,0.06587538868188858,-0.020422549918293953,0.9993352890014648,0.03815191984176636,-0.06423317641019821,-0.0368461050093174,0.989163339138031
0.9991840720176697,0.017508279532194138,0.06994971632957458,-0.020450742915272713,0.9995399713516235,0.028356751427054405,-0.06781510263681412,-0.02610469050705433,0.9882910251617432
0.9977157115936279,0.018025824800133705,0.07319216430187225,-0.020766379311680794,0.999487578868866,0.02069011516869068,-0.06574141979217529,-0.017151741310954094,0.9829914569854736
0.9958006739616394,0.01917349360883236,0.07467029243707657,-0.01944519206881523,1.0006194114685059,0.017423367127776146,-0.061783384531736374,-0.01740001142024994,0.9770640730857849
1.0002708435058594,0.014951720833778381,-0.05142762139439583,-0.019140193238854408,0.9980332255363464,-0.0535220243036747,0.050758663564920425,0.05571110174059868,0.989668607711792
0.9993922710418701,0.015580401755869389,-0.054174695163965225,-0.01853528432548046,0.998557448387146,-0.05225198715925217,0.05422735959291458,0.053815923631191254,0.9933264851570129
0.9989511370658875,0.014939099550247192,-0.05864538997411728,-0.017440997064113617,0.9985001683235168,-0.048343610018491745,0.05830731242895126,0.04977765679359436,0.9947929978370667
0.9982998967170715,0.015775121748447418,-0.06393633037805557,-0.018404517322778702,0.9987219572067261,-0.04273676499724388,0.06291805952787399,0.04343023523688316,0.9957294464111328
0.9978457689285278,0.016600029543042183,0.06819235533475876,-0.01915799267590046,0.9990058541297913,0.03682253509759903,-0.06665367633104324,-0.03705747798085213,0.9960158467292786
0.9975436329841614,0.01778388023376465,0.07259756326675415,-0.01993124932050705,0.9993700385093689,0.02725396677851677,-0.07076481729745865,-0.027341146022081375,0.9957908987998962
0.9975447058677673,0.018895117565989494,0.07472865283489227,-0.02058979496359825,0.9996041059494019,0.01949923485517502,-0.07290332764387131,-0.01961268112063408,0.9951753616333008
0.9978837966918945,0.01968880370259285,0.07441693544387817,-0.021215694025158882,0.9996926188468933,0.017254572361707687,-0.07323826104402542,-0.017192721366882324,0.9943395256996155
0.9983644485473633,0.020388387143611908,0.07398273795843124,-0.0220219474285841,0.999773383140564,0.012700044550001621,-0.07357718050479889,-0.012189608998596668,0.9929942488670349
0.9989468455314636,0.02057380974292755,0.07326516509056091,-0.02241753786802292,0.9999284148216248,0.00884146336466074,-0.0734415128827095,-0.008044851943850517,0.991108775138855
0.9994831085205078,0.02111680619418621,0.07199719548225403,-0.0219748392701149,1.0004630088806152,0.0033912493381649256,-0.07310602813959122,-0.002734850626438856,0.9886612892150879
0.9994333386421204,0.02214430645108223,0.06955721229314804,-0.021021768450737,0.9998396039009094,-0.00460904510691762,-0.07026910781860352,0.005064445082098246,0.9836048483848572
0.9999441504478455,0.014090918935835361,-0.05158109962940216,-0.01812094636261463,0.9977387189865112,-0.054284341633319855,0.049915213137865067,0.0576401986181736,0.9894895553588867
0.9992520213127136,0.015101708471775055,-0.0526554211974144,-0.017967943102121353,0.998642086982727,-0.05389638617634773,0.05316700413823128,0.05592138692736626,0.9942793250083923
0.9987376928329468,0.015308302827179432,-0.05376197397708893,-0.01792810671031475,0.9984033107757568,-0.052884429693222046,0.05360173434019089,0.055300794541835785,0.9958831667900085
0.9981508851051331,0.015211529098451138,-0.05543017387390137,-0.018163075670599937,0.9982903599739075,-0.05217929184436798,0.05478499457240105,0.054056279361248016,0.9974886775016785
0.9968120455741882,-0.01265763770788908,-0.07172117382287979,0.014707885682582855,0.9991952776908875,0.028435857966542244,0.07168710231781006,-0.02994370274245739,0.9986798167228699
0.9964320659637451,0.021948086097836494,0.06786148250102997,-0.024201294407248497,0.9991214275360107,0.032406046986579895,-0.06754665821790695,-0.033187080174684525,0.99962317943573
0.9961848258972168,0.023145779967308044,0.06641025841236115,-0.02574142813682556,0.9992303848266602,0.034659698605537415,-0.06613552570343018,-0.03499680384993553,0.9996162056922913
0.9964835047721863,0.02070479467511177,0.06337880343198776,-0.02415527030825615,0.9989295601844788,0.0411839596927166,-0.0631379783153534,-0.041869405657052994,0.9993038177490234
0.9955989718437195,-0.01919310912489891,0.07611718773841858,0.019266251474618912,0.9999027848243713,-0.007026287727057934,-0.07598845660686493,0.008226399309933186,0.9992069602012634
0.9968416690826416,0.018972231075167656,0.0625782161951065,-0.022326942533254623,0.9987788200378418,0.043013233691453934,-0.06134212017059326,-0.043819721788167953,0.9991047978401184
0.9962775111198425,-0.019746020436286926,0.07568711787462234,0.020004579797387123,0.9997283220291138,-0.005971810780465603,-0.07473091781139374,0.007144961040467024,0.9985451102256775
0.9967763423919678,-0.025185832753777504,0.07243780791759491,0.023805104196071625,0.9995571970939636,0.017561471089720726,-0.07156968861818314,-0.016116388142108917,0.9975780844688416
0.9972510933876038,0.021504106000065804,0.07520166039466858,-0.02185077592730522,0.9998549222946167,0.0012645069509744644,-0.07407735288143158,-0.0018912615487352014,0.9957305788993835
0.9981812238693237,0.022889327257871628,0.07344301044940948,-0.02331673912703991,0.9999399185180664,-0.007316725328564644,-0.07320008426904678,0.0072375014424324036,0.9931656122207642
0.9993095397949219,0.024640122428536415,0.06910913437604904,-0.024526678025722504,1.000285029411316,-0.015834778547286987,-0.07088710367679596,0.01616045832633972,0.9894298315048218
1.0002331733703613,0.026530390605330467,0.06226053833961487,-0.025483036413788795,0.9998379945755005,-0.02182185836136341,-0.06456581503152847,0.022280527278780937,0.9808658957481384
1.0000665187835693,0.010746251791715622,0.048543673008680344,-0.01433466374874115,0.9983969330787659,0.05679814890027046,-0.0479496531188488,-0.0600489005446434,0.9873034358024597
0.9995759129524231,0.013125471770763397,0.05231074243783951,-0.015833746641874313,0.9986575841903687,0.05419344827532768,-0.05193671956658363,-0.057626232504844666,0.9927729368209839
0.9975219964981079,0.015835732221603394,0.0730133056640625,-0.014779578894376755,0.9998441338539124,-0.021206870675086975,-0.07503499835729599,0.0185577180236578,0.9955921173095703
0.9968918561935425,0.018062572926282883,0.07457105815410614,-0.0170375257730484,0.999535322189331,-0.012385529465973377,-0.0762433186173439,0.009886936284601688,0.9978227019309998
0.9964830875396729,0.018281644210219383,0.07483230531215668,-0.01738966442644596,0.9993104934692383,-0.0061715818010270596,-0.076914481818676,0.004542538430541754,0.9993136525154114
0.9961317777633667,0.025473302230238914,0.07198801636695862,-0.025735514238476753,0.9991637468338013,0.010779260657727718,-0.07438142597675323,-0.011174276471138,1.0002460479736328
0.9964210391044617,0.025427522137761116,0.06754738837480545,-0.027124561369419098,0.9991277456283569,0.028043590486049652,-0.07064442336559296,-0.02767152152955532,1.0000673532485962
0.9973872900009155,0.02753998152911663,-0.06913489103317261,-0.028592124581336975,0.9994834065437317,-0.02059793844819069,0.07417118549346924,0.02039598487317562,0.9990035891532898
0.9972435235977173,0.027820317074656487,-0.06920140236616135,-0.029273945838212967,0.9997324347496033,-0.018013499677181244,0.07442816346883774,0.0178085844963789,0.998812198638916
0.9969320297241211,0.02630569227039814,-0.07135789096355438,-0.026923125609755516,0.9999058842658997,-0.010095901787281036,0.07632669806480408,0.009958013892173767,0.9987280368804932
0.9968646764755249,0.026609115302562714,-0.07173209637403488,-0.02691107615828514,0.9998417496681213,-0.005371196661144495,0.07695414125919342,0.005579785909503698,0.9988647103309631
0.9968716502189636,-0.027248205617070198,0.07136508822441101,0.027956072241067886,0.9997166395187378,-0.006529914680868387,-0.07682787626981735,0.006929998751729727,0.9989606142044067
0.9964603185653687,0.027048874646425247,-0.07159736007452011,-0.02705441601574421,0.999995768070221,-0.0014771376736462116,0.07741663604974747,0.001897139591164887,0.9989283680915833
0.9954290390014648,-0.01682506687939167,-0.0735679641366005,0.014168566092848778,0.9996816515922546,-0.013830424286425114,0.07820399850606918,0.013649264350533485,0.9997527003288269
0.9956928491592407,-0.01895950734615326,-0.06969469040632248,0.015600938349962234,0.9992376565933228,-0.027896655723452568,0.07195834070444107,0.027279091998934746,1.000050663948059
0.9997742772102356,0.01709434762597084,-0.016802046447992325,-0.01859034225344658,0.9961957931518555,-0.07402154058218002,0.015772342681884766,0.07375751435756683,0.9988542795181274
0.999643087387085,0.02890283241868019,0.0047147865407168865,-0.02911534160375595,0.9973307847976685,0.0724625289440155,-0.0031704495195299387,-0.07117270678281784,0.9962581992149353
0.9989758133888245,0.028651760891079903,0.06494075059890747,-0.02737342193722725,0.9994379281997681,-0.027791175991296768,-0.06635570526123047,0.027155060321092606,0.9920132756233215
0.9998737573623657,0.03032340668141842,0.05712457001209259,-0.028970036655664444,0.9997097253799438,-0.03074844740331173,-0.06233830749988556,0.031114326789975166,0.984615683555603
1.0003653764724731,0.008182684890925884,0.03516574949026108,-0.010804671794176102,0.99870765209198,0.06746844202280045,-0.03949017450213432,-0.06725151836872101,0.9885691404342651
1.000403881072998,0.00834819208830595,0.03967629000544548,-0.011057816445827484,0.9984652996063232,0.06496255099773407,-0.04104781895875931,-0.06660867482423782,0.9909681677818298
0.9996557235717773,0.010847107507288456,0.04905848950147629,-0.013696657493710518,0.998400092124939,0.05895177647471428,-0.048040568828582764,-0.061551619321107864,0.9937807321548462
0.9971787333488464,0.030511312186717987,-0.07039514183998108,-0.029826045036315918,0.9990541934967041,0.0167559627443552,0.07200149446725845,-0.012750006280839443,0.9971374273300171
0.997768223285675,-0.02485085092484951,0.046023331582546234,0.027075432240962982,0.9980469346046448,-0.057107120752334595,-0.045200932770967484,0.060301002115011215,0.9988184571266174
0.9966651201248169,0.027100007981061935,0.07229578495025635,-0.025668201968073845,0.9986006617546082,-0.0012133560376241803,-0.07563892006874084,0.0008614574908278883,1.0002113580703735
0.9967178702354431,0.028033480048179626,0.07128658145666122,-0.027553895488381386,0.9990028738975525,0.003423464484512806,-0.07577819377183914,-0.0017176901455968618,1.0001869201660156
0.9986409544944763,0.027414537966251373,0.0581851601600647,-0.029200639575719833,0.9986336827278137,0.04099007695913315,-0.0637328028678894,-0.04211678355932236,0.9989585876464844
0.9982555508613586,0.02794591337442398,0.06431101262569427,-0.03087475709617138,0.999129593372345,0.030894868075847626,-0.06839573383331299,-0.030490817502141,0.9984661340713501
0.9978111982345581,0.02823721244931221,-0.06825224310159683,-0.03029441274702549,0.9996883273124695,-0.02226659469306469,0.07113654166460037,0.02196677401661873,0.997986912727356
0.9980069398880005,0.027828427031636238,-0.06917580217123032,-0.029640665277838707,0.999666154384613,-0.018896235153079033,0.07229975610971451,0.018878543749451637,0.9977583885192871
0.9978320598602295,0.026156814768910408,-0.07119625061750412,-0.027246296405792236,0.9998782277107239,-0.011775762774050236,0.07476571947336197,0.0115407919511199,0.9975525736808777
0.9976105690002441,0.02570667304098606,-0.07171259075403214,-0.026438718661665916,0.9999555945396423,-0.007262970320880413,0.07555757462978363,0.007392461411654949,0.9974282383918762
0.9974815249443054,0.026034630835056305,-0.07160314172506332,-0.026722602546215057,0.9999487996101379,-0.005866453982889652,0.07534973323345184,0.006581745110452175,0.9974830746650696
0.9979065656661987,0.026158826425671577,-0.07136273384094238,-0.02571640908718109,1.0000402927398682,0.0012200006749480963,0.07586301863193512,-0.0002474987995810807,0.9974974989891052
0.9983509182929993,-0.02580631896853447,-0.06760141998529434,0.02508542872965336,0.9997765421867371,-0.020148884505033493,0.07424529641866684,0.020151736214756966,0.997873842716217
0.997486412525177,-0.02735281176865101,-0.06191477179527283,0.02657621167600155,0.9998509287834167,-0.03327169641852379,0.06887724250555038,0.035485781729221344,0.9984796047210693
0.9969432353973389,-0.019963214173913002,-0.0624069981276989,0.016132768243551254,0.9989368319511414,-0.04102654755115509,0.06694583594799042,0.04319560527801514,0.9996705055236816
0.9972344636917114,-0.024345505982637405,-0.05877247452735901,0.0200633704662323,0.998654842376709,-0.04564273729920387,0.061964940279722214,0.0452783927321434,0.9996864199638367
0.9980234503746033,-0.03675585612654686,-0.04678107425570488,0.03381569683551788,0.9979570508003235,-0.050683002918958664,0.04791947081685066,0.04951786994934082,0.998174786567688
0.9988697171211243,0.03177731856703758,0.05817532539367676,-0.029567258432507515,0.9990676641464233,-0.03636922314763069,-0.06068570911884308,0.03587114438414574,0.9927523136138916
0.9983835816383362,0.03325092792510986,0.05125522240996361,-0.03227490559220314,0.999118447303772,-0.036696478724479675,-0.04954676702618599,0.03768077865242958,0.9753692746162415
1.0013030767440796,0.0075131612829864025,0.033965103328228,-0.010411394760012627,0.9974008202552795,0.06889905035495758,-0.034691907465457916,-0.06863641738891602,0.9862664341926575
1.0002477169036865,0.008191993460059166,0.037342410534620285,-0.011206467635929585,0.9979777932167053,0.06828801333904266,-0.03855615109205246,-0.06834662705659866,0.9925800561904907
0.9996642470359802,-0.016653738915920258,0.03799724206328392,0.019311638548970222,0.9977617263793945,-0.0667850449681282,-0.035643983632326126,0.06777890771627426,0.9950003027915955
0.9983101487159729,-0.022356392815709114,0.042562928050756454,0.024989355355501175,0.9979896545410156,-0.061973508447408676,-0.040259912610054016,0.06396494060754776,0.9974560737609863
0.997651219367981,-0.024515070021152496,0.04338280111551285,0.026624014601111412,0.998090922832489,-0.06000553444027901,-0.04324418678879738,0.06212495639920235,0.9987035989761353
0.9976053833961487,-0.02698887512087822,0.046374157071113586,0.028361527249217033,0.9983108043670654,-0.05575709044933319,-0.04905599728226662,0.05793250724673271,0.9989681243896484
0.9984724521636963,-0.027738790959119797,-0.05153321474790573,0.029195474460721016,0.9984541535377502,0.04948722571134567,0.05630691722035408,-0.05094769224524498,0.9987949728965759
0.9991074800491333,-0.027677012607455254,-0.05465758219361305,0.03032395802438259,0.9985183477401733,0.045726411044597626,0.05909469723701477,-0.046111397445201874,0.9983953833580017
0.998629093170166,0.027892325073480606,0.06117170304059982,-0.030825505033135414,0.9990018010139465,0.03710183501243591,-0.06456787884235382,-0.03732195496559143,0.9981509447097778
0.9980359673500061,0.028829166665673256,-0.067112497985363,-0.03144143521785736,0.9995309710502625,-0.024472858756780624,0.07028556615114212,0.024408427998423576,0.9982484579086304
0.9978078007698059,0.028109531849622726,-0.06970302015542984,-0.03014051355421543,0.9997087121009827,-0.01824616827070713,0.07261346280574799,0.017977174371480942,0.99819415807724
0.9977480173110962,0.0272474754601717,-0.07148149609565735,-0.02879980579018593,0.9997439980506897,-0.012695319019258022,0.07409491389989853,0.012386651709675789,0.997933566570282
0.9977380633354187,0.025857405737042427,-0.0730079635977745,-0.026610100641846657,0.9999328851699829,-0.003480527549982071,0.07560352236032486,0.0029483656398952007,0.997574508190155
0.9977192878723145,0.025065993890166283,-0.0729694738984108,-0.025333311408758163,1.0000557899475098,0.001356138032861054,0.07606440037488937,-0.00166974903549999,0.9972650408744812
0.9975752234458923,0.025733396410942078,-0.072268545627594,-0.025776423513889313,1.0000771284103394,0.00339361815713346,0.0760219544172287,-0.003127288306131959,0.9972617030143738
0.9978682994842529,-0.02586446702480316,-0.07069416344165802,0.025056621059775352,0.9999376535415649,-0.013504590839147568,0.07496323436498642,0.01338618341833353,0.9973063468933105
0.9982554912567139,-0.025764761492609978,-0.06500523537397385,0.02443753182888031,0.9997127056121826,-0.030018093064427376,0.06971172243356705,0.030391572043299675,0.9972917437553406
0.9980307817459106,-0.02717234194278717,-0.05989592894911766,0.025578387081623077,0.9994863867759705,-0.03849037364125252,0.06436694413423538,0.03867365047335625,0.9974532127380371
0.9980217814445496,-0.02911020629107952,-0.056534040719270706,0.026673777028918266,0.9991632103919983,-0.04257672652602196,0.061541635543107986,0.04271400347352028,0.9976800084114075
0.9979309439659119,-0.02245890162885189,-0.05713723227381706,0.017908761277794838,0.9985431432723999,-0.04546785727143288,0.06395182013511658,0.04588568955659866,0.9994522333145142
1.0003522634506226,0.01629999279975891,-0.005328763741999865,-0.016001347452402115,0.9955523014068604,-0.07382626831531525,0.001349956844933331,0.07821490615606308,1.0007877349853516
0.9982823729515076,-0.011509673669934273,0.04969189688563347,0.008473643101751804,0.9979678392410278,0.05633800849318504,-0.05096588283777237,-0.05680198594927788,0.9982839822769165
0.9992845058441162,0.034446582198143005,0.047806743532419205,-0.03214597702026367,0.9990867972373962,-0.044595811516046524,-0.05147392675280571,0.04404766857624054,0.9906809329986572
1.0002480745315552,0.009944850578904152,0.035326987504959106,-0.012709435075521469,0.9976475238800049,0.06937319040298462,-0.0361444316804409,-0.06955485045909882,0.9934346675872803
0.9997817873954773,0.009384306147694588,0.031931620091199875,-0.011980659328401089,0.9974507689476013,0.07152877002954483,-0.031031671911478043,-0.07218646258115768,0.9956051111221313
0.9986104369163513,-0.021901333704590797,0.03298934921622276,0.024192968383431435,0.9974461793899536,-0.06787503510713577,-0.03136131539940834,0.06943681091070175,0.9980082511901855
0.9977477192878723,-0.026389414444565773,0.03796379640698433,0.028573591262102127,0.9977020621299744,-0.06292122602462769,-0.03897519037127495,0.0642712414264679,0.9989778399467468
0.9981068968772888,-0.02632117085158825,0.04010879620909691,0.02865730971097946,0.997829020023346,-0.06111698970198631,-0.04287976026535034,0.06220509484410286,0.9986026287078857
0.998508870601654,-0.027766121551394463,-0.04489259794354439,0.03001243621110916,0.9981296062469482,0.05671991780400276,0.04817666485905647,-0.057404547929763794,0.9981926679611206
0.9989074468612671,-0.028566701337695122,-0.05103782191872597,0.03128118813037872,0.9983535408973694,0.05013683810830116,0.05455551669001579,-0.05057326331734657,0.9980917572975159
0.9988505244255066,-0.029469139873981476,-0.05384348705410957,0.03261332958936691,0.998620331287384,0.04633684083819389,0.05734531953930855,-0.04676022753119469,0.9981828331947327
0.9982323050498962,0.029219558462500572,0.06302233785390854,-0.031960468739271164,0.9992034435272217,0.033444277942180634,-0.06636179983615875,-0.033424004912376404,0.9982345700263977
0.9978038668632507,0.030362427234649658,-0.06848601996898651,-0.03243352100253105,0.9996165037155151,-0.019584333524107933,0.07134784758090973,0.01918303407728672,0.9983565807342529
0.9973992109298706,-0.02990931086242199,0.07158613950014114,0.030964955687522888,1.0000157356262207,-0.005701433401554823,-0.07401338964700699,0.004940090235322714,0.9983797073364258
0.9972565174102783,0.02786506712436676,-0.0727565735578537,-0.028499672189354897,0.9999454617500305,-0.0012666161637753248,0.07506045699119568,0.0006181036587804556,0.9981592297554016
0.9973515868186951,-0.02577274851500988,-0.07299122214317322,0.02541470341384411,0.9999237060546875,-0.009280183352530003,0.07528338581323624,0.010069334879517555,0.9978634715080261
0.9975475072860718,-0.024733377620577812,-0.07266618311405182,0.02410939149558544,0.9999516606330872,-0.011502900160849094,0.07522505521774292,0.01207919791340828,0.997565507888794
0.9977098107337952,-0.02508401870727539,-0.07101874053478241,0.024163557216525078,0.9999022483825684,-0.017163818702101707,0.07406550645828247,0.017467258498072624,0.9973546862602234
0.997916042804718,-0.024831430986523628,-0.07007089257240295,0.023801429197192192,0.99989914894104,-0.0200640968978405,0.07357301563024521,0.020079363137483597,0.9972226023674011
0.9981902837753296,-0.0253433920443058,-0.06508932262659073,0.023906828835606575,0.9996538162231445,-0.03233125060796738,0.06901885569095612,0.032461218535900116,0.9972169995307922
0.9984295964241028,-0.027316629886627197,-0.058502282947301865,0.025541409850120544,0.999274730682373,-0.04192414879798889,0.06305103003978729,0.042309995740652084,0.997577428817749
0.9988159537315369,-0.02844124101102352,-0.051418568938970566,0.02658109925687313,0.9987798929214478,-0.049207478761672974,0.056063152849674225,0.050121039152145386,0.9979296922683716
0.9996498227119446,-0.028511280193924904,-0.045617640018463135,0.0270127784460783,0.9984486103057861,-0.05289077013731003,0.05192604288458824,0.05473998561501503,0.9982033371925354
0.9988066554069519,0.02905392087996006,0.03849683701992035,-0.026971060782670975,0.998408317565918,-0.05719485133886337,-0.047335054725408554,0.060758672654628754,1.0000921487808228
0.9990919828414917,-0.016262585297226906,0.0373326875269413,0.014750226400792599,0.997930645942688,0.06265342235565186,-0.0439867340028286,-0.06555163860321045,1.0005698204040527
0.9987718462944031,0.0370689295232296,0.040035147219896317,-0.03431776911020279,0.9976851344108582,-0.052229251712560654,-0.04171840474009514,0.05289536342024803,0.9973883032798767
0.9994332790374756,0.03745922073721886,0.036079052835702896,-0.037588298320770264,0.9979526996612549,-0.047432612627744675,-0.034722767770290375,0.04791826382279396,0.9765600562095642
1.0001060962677002,0.010083869099617004,0.01939728483557701,-0.012047916650772095,0.9969635009765625,0.07833892852067947,-0.02025100588798523,-0.0744384378194809,0.9902871251106262
1.0002763271331787,0.010083993896842003,0.019862141460180283,-0.011414077132940292,0.997427761554718,0.07618755847215652,-0.021908588707447052,-0.07510180026292801,0.9931824803352356
0.9999487400054932,0.0109656797721982,0.032924048602581024,-0.013265315443277359,0.997419536113739,0.07067879289388657,-0.033598531037569046,-0.0706954225897789,0.9944393038749695
1.000137448310852,-0.013740284368395805,0.013215935789048672,0.01504184864461422,0.9968772530555725,-0.07670953869819641,-0.01224565226584673,0.0770004615187645,0.9960980415344238
0.9993894100189209,-0.018880313262343407,0.011317513883113861,0.020191572606563568,0.9968293309211731,-0.0754665806889534,-0.009993713349103928,0.07671203464269638,0.997936487197876
0.9984022974967957,-0.025503939017653465,0.019621744751930237,0.027082249522209167,0.9970054030418396,-0.07117931544780731,-0.020328287035226822,0.07311192899942398,0.9991211891174316
0.9986385107040405,-0.028152599930763245,-0.027404608204960823,0.03004186786711216,0.9971818923950195,0.06709804385900497,0.030630938708782196,-0.06818103045225143,0.9988643527030945
0.9994094371795654,-0.028054434806108475,-0.029665524140000343,0.030324500054121017,0.9973685145378113,0.06601205468177795,0.03312268108129501,-0.06691883504390717,0.9981556534767151
0.9991406202316284,-0.028788091614842415,-0.042207032442092896,0.03152228146791458,0.9979984164237976,0.05823837220668793,0.04562990739941597,-0.05885295942425728,0.9979581832885742
0.9989003539085388,-0.02992713637650013,-0.0513070747256279,0.03273504599928856,0.9984539747238159,0.0493752658367157,0.05491971969604492,-0.04966996610164642,0.9979796409606934
0.9984717965126038,0.030278922989964485,0.057689569890499115,-0.033203259110450745,0.9988836050033569,0.041306864470243454,-0.06121483072638512,-0.04112126678228378,0.9980816841125488
0.9977851510047913,0.029405400156974792,-0.06804594397544861,-0.03176744282245636,0.9995800852775574,-0.022587120532989502,0.070937879383564,0.02165759541094303,0.998249888420105
0.9977766275405884,0.030527541413903236,-0.06903806328773499,-0.03250281140208244,0.9995838403701782,-0.01944056712090969,0.07149659097194672,0.018507707864046097,0.9985167980194092
0.9974478483200073,-0.02951282449066639,0.07228856533765793,0.03012690134346485,1.0001115798950195,-0.004193471744656563,-0.07453469187021255,0.002739057643339038,0.9985135793685913
0.9973301887512207,0.026046084240078926,-0.0734412744641304,-0.02590170130133629,0.9999357461929321,0.0050866990350186825,0.07578331977128983,-0.006426732987165451,0.9982490539550781
0.99742192029953,-0.024783475324511528,-0.07249567657709122,0.02392599917948246,0.9998367428779602,-0.014315991662442684,0.07495119422674179,0.015626154839992523,0.9979371428489685
0.9976038336753845,-0.023524614050984383,-0.0715458020567894,0.022274984046816826,0.9997639656066895,-0.018987825140357018,0.07427309453487396,0.020112020894885063,0.9977247714996338
0.9977732300758362,-0.023737601935863495,-0.06852137297391891,0.022090977057814598,0.999655544757843,-0.027354218065738678,0.07134588062763214,0.028324933722615242,0.9976310729980469
0.9978697896003723,-0.02379320003092289,-0.06764926016330719,0.022055959329009056,0.9997455477714539,-0.029464902356266975,0.07055526971817017,0.02988896146416664,0.9974620342254639
0.9981951117515564,-0.025264453142881393,-0.06116623803973198,0.02306758239865303,0.999477207660675,-0.04083728790283203,0.06435074657201767,0.04094248265028,0.9973241090774536
0.9986357092857361,-0.027035053819417953,-0.05227089300751686,0.02468527853488922,0.9990480542182922,-0.050909820944070816,0.056103575974702835,0.05118919909000397,0.9973076581954956
0.9986960887908936,-0.02790607325732708,-0.04525857791304588,0.025835298001766205,0.9987470507621765,-0.05632254481315613,0.04990946874022484,0.05721304938197136,0.9977145791053772
0.9994997978210449,0.02874942310154438,0.03814155235886574,-0.02720901556313038,0.9983647465705872,-0.05951159819960594,-0.04308397322893143,0.06180216372013092,0.9979477524757385
0.9991633892059326,-0.028844963759183884,0.033533353358507156,0.026923872530460358,0.9984518885612488,0.061000678688287735,-0.0401977114379406,-0.0640203207731247,0.9985244870185852
1.0000144243240356,-0.01768435351550579,0.03512565419077873,0.016445202752947807,0.9983896017074585,0.06395579129457474,-0.0438263900578022,-0.06701740622520447,1.0000536441802979
0.997969925403595,0.03938385471701622,-0.03732379525899887,-0.03719984367489815,0.9977903962135315,0.053240153938531876,0.038263142108917236,-0.05673573166131973,1.000130534172058
0.9997802376747131,0.03948386013507843,-0.03316661715507507,-0.03716905787587166,0.998086154460907,0.05126020684838295,0.036985721439123154,-0.054878395050764084,0.9893324375152588
0.9998462796211243,0.009461539797484875,0.023716075345873833,-0.0069903042167425156,0.9972597360610962,-0.07890723645687103,-0.020592356100678444,0.07595159113407135,0.993363082408905
1.0002187490463257,0.009699733927845955,0.011439611203968525,-0.008420336991548538,0.9971660375595093,-0.07960084080696106,-0.009970569051802158,0.07839509099721909,0.9944878220558167
0.99864661693573,0.012555491179227829,-0.05220400169491768,-0.009212163276970387,0.998505711555481,0.059401337057352066,0.05178739130496979,-0.05928880721330643,0.9954378008842468
0.9985358119010925,0.03046957589685917,0.045925240963697433,-0.027438204735517502,0.9979445338249207,-0.057453859597444534,-0.048020731657743454,0.05653567984700203,0.9969077706336975
0.9994823932647705,-0.024298762902617455,-0.00670262798666954,0.0240379236638546,0.9965727925300598,-0.07431633025407791,0.008276215754449368,0.07568282634019852,0.9982218742370605
0.9981804490089417,0.02542925626039505,-0.04915139451622963,-0.023081252351403236,0.9972430467605591,0.05586335435509682,0.05008312687277794,-0.05747181922197342,0.999130368232727
0.9990371465682983,0.02812398225069046,-0.002052957657724619,-0.028215399011969566,0.9967988729476929,0.07266861200332642,-8.604503091191873e-05,-0.07541245967149734,0.9987863898277283
0.9998735189437866,0.030556771904230118,0.01128887664526701,-0.031016139313578606,0.9969609975814819,0.07079385966062546,-0.014627738855779171,-0.07282838970422745,0.9982059597969055
1.000227689743042,0.03074108622968197,0.01852278597652912,-0.03188692778348923,0.9971532225608826,0.06922721117734909,-0.021727856248617172,-0.07065505534410477,0.9978413581848145
0.9991359710693359,-0.03017009235918522,-0.047624170780181885,0.03314881771802902,0.9982095956802368,0.053406257182359695,0.050777632743120193,-0.05350526422262192,0.9978042840957642
0.9986381530761719,0.03099057264626026,0.056648340076208115,-0.03393328934907913,0.9987425208091736,0.04292279854416847,-0.05989791452884674,-0.04251154884696007,0.9977778792381287
0.9985254406929016,0.03066018782556057,0.05690041929483414,-0.033745501190423965,0.9988132119178772,0.042462266981601715,-0.06057334691286087,-0.0420914851129055,0.9976415038108826
0.9976396560668945,0.02912973240017891,-0.0668211281299591,-0.03204642981290817,0.9994502067565918,-0.02646002732217312,0.07005153596401215,0.025704989209771156,0.9979924559593201
0.997542142868042,0.028837017714977264,-0.0679861307144165,-0.03133155778050423,0.9993577003479004,-0.025067457929253578,0.07069586962461472,0.02413870580494404,0.9987467527389526
0.9971575140953064,-0.02849888615310192,0.0728682279586792,0.029248086735606194,1.000018835067749,-0.0028340094722807407,-0.07492144405841827,0.0005009586457163095,0.998654305934906
0.9974867701530457,0.0225878544151783,-0.0748324990272522,-0.022384557873010635,0.9999505877494812,0.005814290605485439,0.076824851334095,-0.008150866255164146,0.9980790615081787
0.9977685809135437,-0.021550815552473068,-0.07335640490055084,0.020627180114388466,0.9997708201408386,-0.016626151278614998,0.0754602923989296,0.018964024260640144,0.997428297996521
0.9979605078697205,-0.021177107468247414,-0.0700114369392395,0.019565049558877945,0.9997133016586304,-0.026793157681822777,0.07259586453437805,0.028962332755327225,0.9969746470451355
0.9978763461112976,-0.02192615531384945,-0.06769327819347382,0.02017686702311039,0.9996923208236694,-0.03128791227936745,0.07070906460285187,0.03256150335073471,0.9972569942474365
0.9980993866920471,-0.022409334778785706,-0.06451022624969482,0.02012772113084793,0.9995883703231812,-0.037489697337150574,0.06719741225242615,0.03825479373335838,0.9976024627685547
0.9985700249671936,-0.024821022525429726,-0.05582725629210472,0.021775590255856514,0.9992625713348389,-0.04882270470261574,0.05895433947443962,0.04890010133385658,0.9975138306617737
0.9991747140884399,-0.026394007727503777,-0.046371590346097946,0.023053936660289764,0.9989529252052307,-0.057354457676410675,0.05056723207235336,0.057081397622823715,0.9970618486404419
0.9988146424293518,-0.02798249013721943,-0.03731190413236618,0.02500355802476406,0.998649001121521,-0.06264495104551315,0.04335876554250717,0.06269631534814835,0.996953547000885
0.9989447593688965,-0.0290517695248127,0.03298957645893097,0.027189556509256363,0.9985828995704651,0.06334680318832397,-0.03910532966256142,-0.06491915136575699,0.9970425963401794
0.9982113838195801,-0.029379025101661682,0.03059965744614601,0.02782413177192211,0.9983500838279724,0.06327392905950546,-0.03675045073032379,-0.06592600047588348,0.9975503087043762
1.0008352994918823,-0.018419139087200165,0.031175823882222176,0.01680043712258339,0.9982607364654541,0.06682794541120529,-0.03849610686302185,-0.06970582902431488,0.9989342093467712
0.9974180459976196,-0.04138732701539993,-0.02795739471912384,0.03998624160885811,0.9983057975769043,-0.05795133113861084,0.029701773077249527,0.06146623566746712,1.0001916885375977
0.9999068975448608,0.04011004418134689,-0.031001608818769455,-0.03787839785218239,0.9979814887046814,0.05354888737201691,0.034694820642471313,-0.05775667354464531,0.992664635181427
0.9994081854820251,0.011374196968972683,-0.03905182331800461,-0.008004711009562016,0.9976341128349304,0.07223759591579437,0.037640854716300964,-0.06950236856937408,0.9948510527610779
0.9990943670272827,0.033884722739458084,0.036070529371500015,-0.03144029155373573,0.9974756240844727,-0.06419157236814499,-0.03863319754600525,0.062086522579193115,0.9960458874702454
0.9990268349647522,0.027426306158304214,0.037128932774066925,-0.024793539196252823,0.9974237084388733,-0.06509567052125931,-0.039604946970939636,0.0645601823925972,0.9967950582504272
0.9994819164276123,-0.02286454103887081,-0.013873804360628128,0.022177912294864655,0.9967605471611023,-0.07365906238555908,0.01612863317131996,0.07548936456441879,0.9977731108665466
0.9988420009613037,-0.02469593472778797,-0.01913781464099884,0.023501073941588402,0.9966613054275513,-0.07134318351745605,0.020098969340324402,0.07409290224313736,0.9988833665847778
0.9988627433776855,-0.026170341297984123,-0.02193382941186428,0.02475755475461483,0.9969178438186646,-0.07008124142885208,0.020923903211951256,0.07341484725475311,0.99874347448349
0.999275803565979,-0.029541535302996635,-0.026220818981528282,0.02713909186422825,0.997467041015625,-0.06771387159824371,0.024856531992554665,0.07104666531085968,0.9980419874191284
0.9996646642684937,-0.032755423337221146,-0.021466393023729324,0.030150074511766434,0.9975242614746094,-0.06843927502632141,0.020079486072063446,0.07110647112131119,0.9978017210960388
0.9993987679481506,-0.03402264416217804,0.03085598535835743,0.03100079484283924,0.9979286193847656,0.06450964510440826,-0.029760736972093582,-0.06693045794963837,0.9977618455886841
0.9979584813117981,-0.03344713896512985,0.056193362921476364,0.030610715970396996,0.9993323087692261,0.044767145067453384,-0.056330252438783646,-0.047308433800935745,0.9978065490722656
0.998075008392334,-0.033460211008787155,0.054852038621902466,0.030833914875984192,0.9993777871131897,0.04631830006837845,-0.05485685169696808,-0.04897009953856468,0.9977923631668091
0.9998542666435242,-0.03087775409221649,-0.03691856190562248,0.03300406038761139,0.9978773593902588,0.06146319583058357,0.039690155535936356,-0.061809781938791275,0.9974652528762817
0.9976019859313965,0.028626667335629463,-0.07010330259799957,-0.03107166290283203,1.0000371932983398,-0.018120218068361282,0.07282884418964386,0.017367519438266754,0.9974918365478516
0.9969244599342346,-0.027277974411845207,0.07159861922264099,0.026996802538633347,1.0003520250320435,0.016245882958173752,-0.07455810904502869,-0.018667863681912422,0.9974756836891174
0.9975002408027649,-0.026951810345053673,-0.048982251435518265,0.024650398641824722,0.9988589882850647,-0.05562138557434082,0.049585651606321335,0.05908546969294548,0.9978063106536865
0.998229444026947,-0.020015660673379898,-0.05789566412568092,0.017590928822755814,0.9988855123519897,-0.05002656579017639,0.05667535588145256,0.05348433181643486,0.9982191324234009
0.9983484148979187,-0.01849420554935932,-0.06241253763437271,0.016117844730615616,0.9993958473205566,-0.04498707130551338,0.0615810863673687,0.04855111613869667,0.9965535402297974
0.9986637234687805,-0.019343167543411255,-0.06008223071694374,0.01707240752875805,0.999387800693512,-0.047138918191194534,0.06127500161528587,0.04931500554084778,0.9955204129219055
0.9984685778617859,-0.02116958610713482,-0.056491199880838394,0.01881413348019123,0.9991072416305542,-0.04994361847639084,0.05886797606945038,0.05120076611638069,0.996647298336029
0.9990208148956299,-0.021343382075428963,-0.05100374296307564,0.018538707867264748,0.9987656474113464,-0.05542462691664696,0.05319800227880478,0.05672670900821686,0.9975669980049133
0.9996924996376038,-0.023458899930119514,-0.04354653134942055,0.020170101895928383,0.9984707832336426,-0.060717567801475525,0.04681173339486122,0.06127217411994934,0.9975570440292358
1.0007551908493042,0.024386469274759293,-0.032355017960071564,-0.021105295047163963,0.9982005953788757,0.06714491546154022,0.037388041615486145,-0.06674874573945999,0.9968520402908325
1.000450849533081,-0.02620520442724228,-0.025514494627714157,0.02299937978386879,0.9986081719398499,-0.06971962749958038,0.03376256674528122,0.06867842376232147,0.9956169128417969
0.998686671257019,-0.028372202068567276,0.02307324856519699,0.025879159569740295,0.9990403652191162,0.06950375437736511,-0.032788872718811035,-0.06913101673126221,0.9947664141654968
0.9961804151535034,-0.029910577461123466,0.024597076699137688,0.02909991703927517,0.9985117316246033,0.06690818816423416,-0.03276003897190094,-0.06845245510339737,0.9959354996681213
1.0011438131332397,-0.0191655233502388,0.026541555300354958,0.017283258959650993,0.9980056285858154,0.06931798160076141,-0.03277141600847244,-0.07197656482458115,0.9978450536727905
0.9972900152206421,-0.03986178711056709,-0.025498144328594208,0.038492556661367416,0.9978442788124084,-0.06118745729327202,0.028569195419549942,0.06317000091075897,1.000492811203003
0.9999130964279175,0.04171055182814598,-0.0295622106641531,-0.03934665769338608,0.9983544945716858,0.05484827235341072,0.03330221399664879,-0.057910166680812836,0.9947196841239929
0.9990822076797485,0.013054980896413326,0.048323314636945724,-0.009398185648024082,0.9977467656135559,-0.06562961637973785,-0.04866292327642441,0.0622563511133194,0.9956936836242676
0.9992378950119019,0.01355812419205904,0.04520219936966896,-0.010472014546394348,0.9976750612258911,-0.06510990858078003,-0.04675867408514023,0.06370589882135391,0.9962911009788513
0.998992919921875,0.028192317113280296,0.030268698930740356,-0.026172032579779625,0.9972924590110779,-0.06749698519706726,-0.03354814276099205,0.06765519827604294,0.9973468780517578
0.998989462852478,-0.02482731081545353,-0.02515028603374958,0.023654595017433167,0.9973700046539307,-0.06944447010755539,0.02818947285413742,0.07150917500257492,0.9978973865509033
0.9983828663825989,-0.024878675118088722,0.030238483101129532,0.02285006456077099,0.9973030090332031,0.06699154525995255,-0.031177446246147156,-0.07003653049468994,0.9985859990119934
0.9987763166427612,-0.02626909874379635,0.032171741127967834,0.02371162921190262,0.997502863407135,0.06608477234840393,-0.03171530365943909,-0.06939668208360672,0.9980594515800476
0.9989301562309265,-0.02983398735523224,0.0384308323264122,0.026510780677199364,0.998043954372406,0.06184464693069458,-0.03834819048643112,-0.06461844593286514,0.9976636171340942
0.9987010359764099,-0.03269707038998604,0.03984847664833069,0.02943560481071472,0.9981372952461243,0.06007128953933716,-0.03988945856690407,-0.062245484441518784,0.9978563785552979
0.9987257719039917,-0.03380364179611206,0.040561262518167496,0.030606437474489212,0.9982104897499084,0.05932816118001938,-0.04017869010567665,-0.06136297434568405,0.997962236404419
0.9984518885612488,-0.033322252333164215,0.04721575230360031,0.030167507007718086,0.998487114906311,0.05469512566924095,-0.046866487711668015,-0.056665316224098206,0.9980223178863525
0.9985226988792419,0.033607956022024155,0.045972585678100586,-0.030452581122517586,0.9984709620475769,-0.055666930973529816,-0.04552840441465378,0.05753612890839577,0.9981761574745178
0.9993134140968323,-0.033320311456918716,0.03476279228925705,0.03042915090918541,0.9979825019836426,0.06334017217159271,-0.03379441797733307,-0.0648307055234909,0.998150646686554
0.9992950558662415,-0.03140070289373398,0.04057600721716881,0.028463512659072876,0.9984276294708252,0.06051172688603401,-0.04027828201651573,-0.061928313225507736,0.9978291988372803
0.9998724460601807,-0.027601957321166992,0.026491034775972366,0.025043709203600883,0.9983354806900024,0.06931806355714798,-0.026077518239617348,-0.07058246433734894,0.9966142773628235
