1.0005348920822144,0.0026371467392891645,-0.05282986909151077,-0.0027263243682682514,0.9974005222320557,0.06832049787044525,0.051615066826343536,-0.05982552841305733,0.985171377658844
1.0007057189941406,0.0025115658063441515,-0.044842593371868134,-0.0005528123583644629,0.9982508420944214,0.07061713933944702,0.04292461276054382,-0.06600316613912582,0.9881013631820679
1.0014586448669434,0.0002150123327737674,0.03481273725628853,0.00183942134026438,0.9975829720497131,-0.07423843443393707,-0.03182164952158928,0.07111220061779022,0.9904422163963318
1.0016121864318848,-0.002097244141623378,0.026811568066477776,0.0037308421451598406,0.997323215007782,-0.0765579491853714,-0.024054506793618202,0.07350651174783707,0.9912737607955933
1.0016636848449707,-0.0035955787170678377,-0.016987841576337814,0.004213915206491947,0.9974055886268616,0.07851694524288177,0.014788250438869,-0.07606980204582214,0.99134761095047
1.0018236637115479,-0.005814643576741219,-0.007098952773958445,0.005451269447803497,0.9971805810928345,0.07954490929841995,0.004292102996259928,-0.07773973792791367,0.9917114973068237
1.0023444890975952,-0.008303371258080006,0.0019443578785285354,0.007026520557701588,0.9979073405265808,0.0791558027267456,-0.005357955116778612,-0.07640296220779419,0.9905533194541931
1.0008209943771362,-0.011928007006645203,0.011129852384328842,0.009533112868666649,0.9971759915351868,0.0771784707903862,-0.01301661878824234,-0.07425248622894287,0.9853142499923706
0.9983522295951843,0.003579852869734168,0.06162608414888382,-0.0010641696862876415,0.9982271790504456,-0.05393576994538307,-0.061942800879478455,0.049866966903209686,0.9898010492324829
0.9993500709533691,0.003208365524187684,0.057871609926223755,0.00018321615061722696,0.9986298680305481,-0.05686435475945473,-0.0558573417365551,0.054018471390008926,0.9929423332214355
0.9999114274978638,0.0025471001863479614,-0.04911697655916214,0.0006718506338074803,0.9980648159980774,0.06343346834182739,0.0477934293448925,-0.06094212457537651,0.9936735033988953
0.9999499320983887,0.00180529966019094,-0.0414823517203331,0.0008768894476816058,0.9977453947067261,0.06801848113536835,0.04131665453314781,-0.06588512659072876,0.9941005706787109
0.9990924000740051,0.012822291813790798,-0.05290016531944275,-0.010004619136452675,0.9980863332748413,0.05794818699359894,0.05406748503446579,-0.05539257451891899,0.9952707290649414
0.9996548891067505,0.0012288747821003199,0.02441885881125927,0.0006382543360814452,0.9976385831832886,-0.07493160665035248,-0.022842228412628174,0.07505759596824646,0.9959490299224854
0.999631941318512,0.005015559494495392,0.02283814735710621,-0.003819317789748311,0.9974707961082458,-0.07491927593946457,-0.021669767796993256,0.07541360706090927,0.9967473149299622
0.9993529319763184,0.0033514518290758133,0.029175356030464172,-0.0022136273328214884,0.997261106967926,-0.07234080880880356,-0.028851985931396484,0.07317506521940231,0.9977509379386902
0.9973148703575134,0.008360639214515686,0.07014487683773041,-0.006827710662037134,0.9990503191947937,-0.03260225057601929,-0.07112998515367508,0.032304540276527405,0.998174250125885
0.9975752830505371,-0.00022720177366863936,-0.07199696451425552,0.002514297142624855,0.9994260668754578,0.03070439212024212,0.07129008322954178,-0.029705950990319252,0.9966349601745605
1.0009634494781494,-0.010232365690171719,0.023526106029748917,0.007571258582174778,0.9981682300567627,0.0745263546705246,-0.025488339364528656,-0.07152553647756577,0.9930100440979004
1.0053642988204956,-0.011889543384313583,0.020943542942404747,0.008392573334276676,0.9995327591896057,0.07281874120235443,-0.024811282753944397,-0.06789383292198181,0.9795980453491211
0.9982398152351379,0.003898728173226118,0.06598664075136185,-0.0009116611909121275,0.9989872574806213,-0.045482710003852844,-0.0642336905002594,0.04352135956287384,0.9947012066841125
0.998623251914978,0.0037464876659214497,0.061972133815288544,-0.0005994090461172163,0.9986580610275269,-0.04980291798710823,-0.06094422563910484,0.04794357344508171,0.9953333139419556
0.999091386795044,-0.009330034255981445,0.04948077350854874,0.006616633851081133,0.997921347618103,0.06121799722313881,-0.05000002309679985,-0.05896974727511406,0.9959850907325745
0.9993904232978821,0.01404078770428896,0.02391761727631092,-0.012970393523573875,0.9974303841590881,-0.07366110384464264,-0.02589476853609085,0.07238614559173584,0.9966515302658081
0.9987559914588928,0.006669876631349325,-0.04224861413240433,-0.004444500897079706,0.9978436827659607,0.06577465683221817,0.043114494532346725,-0.06486231833696365,0.997260332107544
0.9991896748542786,0.0058134631253778934,0.013193588703870773,-0.005656708963215351,0.9969422221183777,-0.0769033208489418,-0.013310200534760952,0.07665816694498062,0.9980093836784363
0.9989493489265442,-0.006267182063311338,0.0214842576533556,0.006680463440716267,0.9972615242004395,-0.07507219910621643,-0.022687233984470367,0.0735458955168724,0.9983260035514832
0.9989545345306396,-0.006006092764437199,0.018205197528004646,0.006599495653063059,0.9972518086433411,-0.0757625624537468,-0.02126811258494854,0.07380854338407516,0.9987276196479797
0.9990466833114624,-0.0055135744623839855,0.02526172623038292,0.006862585432827473,0.9975032806396484,-0.07356614619493484,-0.029332542791962624,0.07089699059724808,0.9993066787719727
0.9983210563659668,0.00321795791387558,-0.030788764357566833,-0.002787283854559064,0.9971372485160828,0.07119003683328629,0.0354316346347332,-0.06976643204689026,1.0013395547866821
0.9976657629013062,0.0015630546258762479,-0.030411042273044586,-0.0012785348808392882,0.997410237789154,0.07133317738771439,0.03327492997050285,-0.06974159181118011,1.001881718635559
0.9975591897964478,0.009404702112078667,0.06867397576570511,-0.007905709557235241,0.9988228678703308,-0.03229948878288269,-0.0688793957233429,0.034132834523916245,0.9997908473014832
0.9977872967720032,0.00020818955090362579,-0.0715690553188324,0.0018275672337040305,1.0004935264587402,0.025692138820886612,0.07158208638429642,-0.026150502264499664,0.9960764050483704
1.0059566497802734,-0.012629272416234016,0.029763244092464447,0.009948459453880787,0.9995532631874084,0.062265027314424515,-0.03408088535070419,-0.0634310245513916,0.9830899834632874
0.9976686835289001,0.004627694841474295,0.06935480237007141,-0.0018494599498808384,0.9992388486862183,-0.038058843463659286,-0.06803200393915176,0.03650112822651863,0.9963956475257874
0.9973029494285583,-0.0034406641498208046,0.07712012529373169,0.0021619026083499193,0.9997062683105469,0.01677854359149933,-0.07597880810499191,-0.016091011464595795,0.9963677525520325
0.9987026453018188,-0.002332075731828809,-0.047698307782411575,0.00020110340847168118,0.9982212781906128,-0.062406934797763824,0.04701755940914154,0.061896227300167084,0.9968585968017578
0.9971551895141602,-0.005264698527753353,-0.0780642032623291,0.0055756033398211,0.999415397644043,-0.000250229932134971,0.07759648561477661,-0.00010712935181800276,0.9975227117538452
0.9989898800849915,0.0073774936608970165,0.029745176434516907,-0.006578552071005106,0.9974997043609619,-0.07149268686771393,-0.030453259125351906,0.07101766765117645,0.9981815218925476
0.9981608390808105,-0.005667034070938826,-0.04843719303607941,0.007306050509214401,0.9979268312454224,0.05989434942603111,0.04726728796958923,-0.06125568225979805,0.9986600279808044
0.9992450475692749,-0.006551147438585758,0.021235333755612373,0.00833718478679657,0.9974099397659302,-0.07454459369182587,-0.023201055824756622,0.07313895970582962,0.9985167980194092
0.9992896318435669,0.006279718596488237,0.03161419928073883,-0.008529654704034328,0.9980030655860901,0.07078838348388672,-0.03361576050519943,-0.06883569806814194,0.9982472062110901
0.9996835589408875,-0.006105708424001932,0.022841256111860275,0.008001932874321938,0.9978438019752502,-0.07365846633911133,-0.025936618447303772,0.07224120944738388,0.997840166091919
0.999238133430481,-0.006305616814643145,0.027182169258594513,0.008344156667590141,0.9981352090835571,-0.07151342928409576,-0.03166516125202179,0.07010829448699951,0.9977153539657593
0.9994472861289978,-0.004234974272549152,-0.02945045381784439,0.007078416179865599,0.9978944063186646,0.07067247480154037,0.036359935998916626,-0.06883394718170166,0.9991280436515808
0.9991769790649414,-0.00018149275274481624,-0.02896624617278576,0.0035701203159987926,0.9980173707008362,0.07135643810033798,0.035945113748311996,-0.06824693828821182,1.0010939836502075
0.99848473072052,-0.00029632504447363317,-0.030868452042341232,0.002980836434289813,0.9983141422271729,0.07047691941261292,0.035561446100473404,-0.0679124966263771,1.001338243484497
0.9987381100654602,-0.0034365826286375523,-0.03647107630968094,0.005938176531344652,0.9983450770378113,0.06711652129888535,0.03819204866886139,-0.06608924269676208,1.0000989437103271
0.9996765851974487,-0.0007787046488374472,-0.03686957061290741,0.002614770783111453,0.9979789853096008,0.06515006721019745,0.036033857613801956,-0.06598234176635742,0.9960839152336121
0.9982795715332031,-0.010545628145337105,0.04479866847395897,0.009419380687177181,0.9977356791496277,0.0559636615216732,-0.03213917464017868,-0.06144287809729576,0.973226010799408
0.9972257614135742,0.005643125623464584,0.07136495411396027,-0.003344952594488859,0.9993237257003784,-0.03146408498287201,-0.07072694599628448,0.030208051204681396,0.9979462623596191
0.9973427653312683,0.005207335110753775,0.0709102675318718,-0.0030223997309803963,0.9993302226066589,-0.03332417085766792,-0.07011967897415161,0.03253984823822975,0.9973931312561035
0.9970735907554626,-0.006487228907644749,-0.07822670042514801,0.006616139784455299,0.9997150301933289,-0.0012291636085137725,0.07717947661876678,0.0013197779189795256,0.9973131418228149
0.9984557628631592,0.0005044839344918728,-0.06040407717227936,-0.002335886936634779,0.9986114501953125,-0.04925065487623215,0.06052900105714798,0.047583941370248795,0.9972413182258606
0.9973955154418945,-0.005907648708671331,-0.07626282423734665,0.006007488816976547,0.9994860291481018,0.011251905001699924,0.0764901265501976,-0.008994718082249165,0.9972378611564636
0.9978635311126709,-0.005700037349015474,0.06679901480674744,0.007341460324823856,0.9994662404060364,-0.037373680621385574,-0.06850910931825638,0.03521690145134926,0.9977213144302368
0.9985332489013672,0.0063077243976294994,0.044435594230890274,-0.009190341457724571,0.9983900785446167,0.06184019148349762,-0.04707568511366844,-0.06093408167362213,0.9982057213783264
0.9989123344421387,0.00662345252931118,0.036194972693920135,-0.009578499011695385,0.9978561401367188,0.0673094317317009,-0.03870692849159241,-0.0664973184466362,0.9986088871955872
0.9987947344779968,0.007010302972048521,0.041128795593976974,-0.009896556846797466,0.9981198310852051,0.06477329879999161,-0.04347997531294823,-0.0633946880698204,0.9988135099411011
0.999517560005188,0.006898272782564163,0.032957129180431366,-0.009082396514713764,0.9978271722793579,0.06906641274690628,-0.03580614551901817,-0.06777218729257584,0.998579204082489
0.9997215270996094,-0.006232040468603373,-0.0351494662463665,0.008746013045310974,0.9978871941566467,0.06720507144927979,0.039130933582782745,-0.06621742248535156,0.9981452822685242
0.999256432056427,-0.0033846767619252205,-0.03516353666782379,0.006764295976608992,0.9978243708610535,0.06723357737064362,0.04006803408265114,-0.06653968244791031,0.998546838760376
0.9990164041519165,-0.0004542665265034884,-0.03576422482728958,0.0036022125277668238,0.9979295134544373,0.06756408512592316,0.04033644124865532,-0.06632033735513687,0.9994571208953857
0.9988933801651001,0.0013148979051038623,-0.03897189721465111,0.0010232774075120687,0.9980555176734924,0.06571976840496063,0.04330134391784668,-0.06436848640441895,1.0001001358032227
0.9981702566146851,0.0039694239385426044,-0.04393966123461723,-0.0025641550309956074,0.9985759258270264,0.06146516650915146,0.047900423407554626,-0.061825163662433624,1.001030683517456
0.9977779984474182,-0.006171099841594696,-0.04579424113035202,0.008764063008129597,0.9983837008476257,0.060020457953214645,0.04561493173241615,-0.059797585010528564,0.9996688365936279
0.9993741512298584,-0.009623627178370953,0.04699883610010147,0.007256410550326109,0.9986520409584045,0.057336222380399704,-0.04715244472026825,-0.05781771242618561,0.9941070079803467
0.9968228340148926,0.006338728591799736,0.07201167941093445,-0.004460793919861317,0.9993985891342163,-0.02651321515440941,-0.07193852216005325,0.025871556252241135,0.9994853734970093
0.9969362616539001,0.00609053997322917,0.07290146499872208,-0.004283254966139793,0.9994876980781555,-0.02668522670865059,-0.07243362069129944,0.026279404759407043,0.9982799291610718
0.9969711899757385,-0.006229679100215435,-0.07757142186164856,0.00715501606464386,0.9996801614761353,0.008373958989977837,0.07649050652980804,-0.007930805906653404,0.9977858066558838
0.9972821474075317,-0.001528049586340785,-0.0777335911989212,0.0023272584658116102,0.9995589852333069,0.009396138601005077,0.07634913176298141,-0.007578727323561907,0.9971504807472229
0.998073935508728,-0.0066877491772174835,-0.075800321996212,0.007078887429088354,0.9998691082000732,0.01269797794520855,0.07573681324720383,-0.010776078328490257,0.9962148070335388
0.997520923614502,-0.007090567145496607,0.07294268161058426,0.007701505441218615,1.0002100467681885,-0.019183434545993805,-0.0750846415758133,0.0177055262029171,0.9961225390434265
0.997547447681427,-0.006541343871504068,0.06370122730731964,0.009106380864977837,0.9998031258583069,-0.03955532982945442,-0.06700039654970169,0.03876906633377075,0.9969919323921204
0.9981870055198669,0.007799544371664524,0.05196569487452507,-0.011342470534145832,0.9989107251167297,0.05414053052663803,-0.055253174155950546,-0.053634706884622574,0.9979749917984009
0.9988377690315247,0.00776303606107831,0.04105396196246147,-0.011213572695851326,0.9980804920196533,0.06346608698368073,-0.0442822091281414,-0.06275425851345062,0.9987089037895203
0.9987828135490417,0.00752920052036643,0.04385562613606453,-0.010875620879232883,0.9981299042701721,0.06229495629668236,-0.04704007878899574,-0.06075121834874153,0.9992584586143494
0.9992949962615967,0.007250874303281307,0.037860531359910965,-0.010087678208947182,0.9979098439216614,0.06639449298381805,-0.041106581687927246,-0.06467375159263611,0.9994032979011536
0.9993091225624084,-0.007166579365730286,-0.041656244546175,0.010177087970077991,0.9981260299682617,0.06366133689880371,0.04511747136712074,-0.06206449866294861,0.9990960955619812
0.9991884231567383,-0.004767071455717087,-0.04078396037220955,0.007973897270858288,0.9979419112205505,0.06428255140781403,0.04468448460102081,-0.06322237849235535,0.9992730021476746
0.9991549253463745,-0.0016524560051038861,-0.04229862987995148,0.004869147203862667,0.9978710412979126,0.06373146176338196,0.04576793313026428,-0.06238517165184021,0.9996778964996338
0.9990837574005127,0.0005495765944942832,-0.046135641634464264,0.002314603189006448,0.9981698989868164,0.06107553094625473,0.049626369029283524,-0.059569429606199265,0.9998422265052795
0.9990687370300293,0.003248297842219472,-0.05014020577073097,-0.0013672903878614306,0.9983113408088684,0.05654764175415039,0.05479204282164574,-0.05519406870007515,1.0005663633346558
0.9978647232055664,-0.009300073608756065,-0.04995787516236305,0.012109844014048576,0.998757004737854,0.05537205561995506,0.053092632442712784,-0.05469536781311035,1.0006777048110962
0.9973573684692383,0.016737239435315132,0.0726141557097435,-0.015624349005520344,0.9992235898971558,-0.008430897258222103,-0.07359274476766586,0.007087822537869215,0.9983179569244385
1.0019488334655762,-0.008473329246044159,0.04668765515089035,0.006054741330444813,1.0001057386398315,0.05237378180027008,-0.04670986533164978,-0.055594343692064285,0.9869630932807922
0.9972371459007263,0.0067223417572677135,0.07311917841434479,-0.005317807197570801,0.9997453093528748,-0.02136896550655365,-0.07085435092449188,0.02114543877542019,1.0033677816390991
0.9970518946647644,0.004497739020735025,-0.07058609277009964,-0.007145997602492571,0.9990710020065308,-0.030512768775224686,0.07047314196825027,0.030598880723118782,0.999190628528595
0.9969694018363953,-0.004400843288749456,-0.07612302154302597,0.006047571077942848,0.9995114207267761,0.016686012968420982,0.07513413578271866,-0.015880161896348,0.9982916712760925
0.9974040985107422,0.00036053574876859784,-0.07628042995929718,0.0008149846689775586,0.9995020627975464,0.017415929585695267,0.07497691363096237,-0.015277775004506111,0.9973180890083313
0.9978613257408142,-0.007654609624296427,-0.07479602843523026,0.008075956255197525,1.0000793933868408,0.01818547584116459,0.07450919598340988,-0.01634896546602249,0.9959622621536255
0.9979358315467834,-0.008622794412076473,0.07166686654090881,0.00901202391833067,1.000230073928833,-0.022886749356985092,-0.07364920526742935,0.022060377523303032,0.9954831600189209
0.9974135756492615,-0.00855439156293869,0.06838711351156235,0.010131902061402798,1.0000799894332886,-0.028085857629776,-0.07178705930709839,0.0283065065741539,0.9959104657173157
0.9976361393928528,-0.007640885189175606,0.06038494408130646,0.011138487607240677,0.9994848966598511,-0.04247712343931198,-0.06392671912908554,0.043336279690265656,0.9968277215957642
0.9981510043144226,0.008754212409257889,0.05517314746975899,-0.012806915678083897,0.9990090131759644,0.04962661862373352,-0.05839695781469345,-0.04993730038404465,0.9976851940155029
0.9985789656639099,0.009078806266188622,0.049823276698589325,-0.01307042594999075,0.9985640048980713,0.055913716554641724,-0.05297831445932388,-0.055447351187467575,0.9984230995178223
0.9985308051109314,0.007974088191986084,0.05060826241970062,-0.011769638396799564,0.9985478520393372,0.05639094486832619,-0.053826138377189636,-0.05483546853065491,0.9991167783737183
0.9988689422607422,-0.007934356108307838,-0.0473729632794857,0.011458124965429306,0.998372495174408,0.05973523110151291,0.05060640722513199,-0.057675935328006744,0.999537467956543
0.9988230466842651,-0.008203541859984398,-0.049115024507045746,0.011565661057829857,0.9985357522964478,0.05827723816037178,0.05206194892525673,-0.05629336088895798,0.9995588660240173
0.9988878965377808,-0.006184440106153488,-0.04765057936310768,0.009647916071116924,0.998316764831543,0.059725865721702576,0.05053887143731117,-0.05823764577507973,0.9995831847190857
0.9988830089569092,-0.0027319283690303564,-0.04880873113870621,0.006098221056163311,0.9982621073722839,0.05934532731771469,0.051319465041160583,-0.05787733569741249,0.999687671661377
0.9989492893218994,-0.0009273142204619944,-0.05368662253022194,0.003984010312706232,0.9985617995262146,0.05499521642923355,0.05610469728708267,-0.053331922739744186,0.9996408820152283
0.9988427758216858,0.0018965286435559392,-0.05613641440868378,0.0007170094759203494,0.9989166259765625,0.05148598924279213,0.0590939000248909,-0.05003133788704872,0.9996135234832764
0.9985065460205078,0.004187452606856823,-0.05653151124715805,-0.0028335859533399343,0.9988963007926941,0.049036893993616104,0.061231642961502075,-0.0490511916577816,1.000604510307312
0.9971058964729309,-0.011108075268566608,-0.05758930742740631,0.013876666314899921,0.9988424777984619,0.04669196903705597,0.058687012642621994,-0.046449821442365646,1.000289797782898
0.9991441965103149,-0.0006642391672357917,-0.05962533876299858,0.002709592692553997,0.9987680912017822,0.042580779641866684,0.0595313236117363,-0.04618644341826439,0.9961316585540771
0.9962259531021118,0.006568031385540962,0.07417529076337814,-0.005641486495733261,0.9995787143707275,-0.01561946701258421,-0.07495684921741486,0.015817655250430107,1.0005695819854736
0.9968368411064148,-0.004499331116676331,-0.07413143664598465,0.006609891541302204,0.9993317127227783,0.022753529250621796,0.07348068803548813,-0.02184627205133438,0.9992324709892273
0.9970881938934326,-0.009875025600194931,0.0735064372420311,0.01208059024065733,0.9994019269943237,-0.024037465453147888,-0.07236095517873764,0.022552993148565292,0.9980833530426025
0.9979358315467834,-0.005844454746693373,0.07203693687915802,0.006997601129114628,0.9998283982276917,-0.02822795696556568,-0.07153474539518356,0.026321664452552795,0.9961013197898865
0.9980665445327759,-0.006900387350469828,0.07013733685016632,0.007957234978675842,0.999996542930603,-0.028334617614746094,-0.07171564549207687,0.02751946449279785,0.9952000379562378
0.9976705312728882,-0.007482809480279684,0.06825803965330124,0.008945662528276443,0.999954879283905,-0.028487378731369972,-0.07153650373220444,0.028664009645581245,0.9951456189155579
0.9973018169403076,-0.008082701824605465,0.0647001713514328,0.010473961010575294,0.9997562170028687,-0.033927761018276215,-0.06867721676826477,0.03530702739953995,0.9957753419876099
0.9973919987678528,-0.007493704557418823,0.06149307265877724,0.011030674912035465,0.9994233846664429,-0.03991914540529251,-0.06501699239015579,0.041646119207143784,0.9967522621154785
0.9980463981628418,0.008638537488877773,0.05736004188656807,-0.012710973620414734,0.9990328550338745,0.04653221368789673,-0.06016898155212402,-0.04774870723485947,0.9974925518035889
0.9981064200401306,0.009528457187116146,0.05855284258723259,-0.01352784689515829,0.9991722106933594,0.04606427624821663,-0.06138203293085098,-0.04597944766283035,0.9981429576873779
0.9981301426887512,0.008047753944993019,0.057574253529310226,-0.011929118074476719,0.9991517663002014,0.04875512793660164,-0.0603538453578949,-0.047455500811338425,0.9987677931785583
0.9980593919754028,-0.00833759643137455,-0.059787869453430176,0.012012829072773457,0.9993364810943604,0.04698066785931587,0.062339555472135544,-0.04476914554834366,0.9991828799247742
0.9981285929679871,-0.0089615723118186,-0.059873826801776886,0.01229395903646946,0.9993048906326294,0.04715026170015335,0.062158096581697464,-0.044835254549980164,0.9994045495986938
0.998167872428894,-0.008503315038979053,-0.05789204686880112,0.011849505826830864,0.9990243315696716,0.04983796179294586,0.059802763164043427,-0.048030223697423935,0.9994421005249023
0.998308539390564,-0.003880444448441267,-0.057601723819971085,0.007166560739278793,0.9988235235214233,0.051103878766298294,0.05922631919384003,-0.049689099192619324,0.9995005130767822
0.9984531998634338,-0.002052910393103957,-0.060817211866378784,0.00511588528752327,0.9991209506988525,0.04734272137284279,0.06213296949863434,-0.0457952655851841,0.9993510246276855
0.9987223744392395,0.0007868202519603074,-0.06200883910059929,0.001523103448562324,0.9993561506271362,0.04434174299240112,0.0644659623503685,-0.04317633435130119,0.9993864893913269
0.998574435710907,0.0032070183660835028,-0.06129567325115204,-0.0008079486433416605,0.9991251230239868,0.04317020997405052,0.06556321680545807,-0.04239197075366974,1.000342607498169
0.9970503449440002,-0.012384685687720776,-0.06116737425327301,0.014587702229619026,0.9994661808013916,0.04138387367129326,0.06394628435373306,-0.040923748165369034,1.0008004903793335
0.9969659447669983,-0.004007522016763687,0.07472963631153107,0.004286848474293947,0.9996890425682068,0.006883908994495869,-0.07507842779159546,-0.00859755463898182,0.9987582564353943
1.0034289360046387,-0.005196643993258476,0.05250272899866104,0.0030569317750632763,1.0014146566390991,0.04381085932254791,-0.054567646235227585,-0.04760076850652695,0.9885920882225037
0.9961751103401184,0.006649482529610395,0.07354794442653656,-0.006483576260507107,0.9997574090957642,-0.008842702955007553,-0.07559411972761154,0.009242343716323376,1.0017271041870117
0.9968093037605286,-0.006325935013592243,0.07048752903938293,0.009113664738833904,0.9991648197174072,-0.028076866641640663,-0.07171754539012909,0.027438078075647354,0.9999752640724182
0.9970475435256958,-0.008409063331782818,0.07130417227745056,0.010963893495500088,0.9992538690567017,-0.029209982603788376,-0.07107889652252197,0.027477437630295753,0.9988629817962646
0.997735321521759,-0.004530597943812609,0.070780910551548,0.006124733481556177,0.999657928943634,-0.03253384307026863,-0.06970855593681335,0.030184127390384674,0.9968961477279663
0.9980849027633667,-0.006367031019181013,0.06873543560504913,0.007784009911119938,0.9998125433921814,-0.0336233451962471,-0.06930796802043915,0.03250257670879364,0.9953773617744446
0.99801105260849,-0.006999787408858538,0.06736353784799576,0.00877958070486784,0.9997376799583435,-0.03257150575518608,-0.06957260519266129,0.03252498805522919,0.9947524666786194
0.9976995587348938,-0.007752903737127781,0.06594602018594742,0.009780412539839745,0.9996783137321472,-0.032070957124233246,-0.06941794604063034,0.03296015039086342,0.9945529699325562
0.9974115490913391,-0.008476083166897297,0.06348593533039093,0.011003435589373112,0.9995710849761963,-0.034801892936229706,-0.0677834078669548,0.036919914186000824,0.9951255917549133
0.9973156452178955,-0.00762949651107192,0.06120583415031433,0.010968632996082306,0.9993976950645447,-0.03915165737271309,-0.06509426236152649,0.04180226847529411,0.9963382482528687
0.9980918169021606,0.007964382879436016,0.05572432652115822,-0.011878899298608303,0.9988430142402649,0.047756168991327286,-0.05844782665371895,-0.04993025213479996,0.997183084487915
0.9979867935180664,0.008518600836396217,0.05871264263987541,-0.012322074733674526,0.9990872740745544,0.045407671481370926,-0.06145118176937103,-0.046083126217126846,0.9976978898048401
0.9979734420776367,0.006535711232572794,0.059705253690481186,-0.01011629868298769,0.9992623925209045,0.04583899676799774,-0.0622587576508522,-0.04521769657731056,0.9982432126998901
0.9976404905319214,-0.007097059395164251,-0.06425989419221878,0.010321168228983879,0.9997062683105469,0.040357738733291626,0.06638947874307632,-0.03884224593639374,0.9986079931259155
0.997704803943634,-0.008087742142379284,-0.06489942222833633,0.011244917288422585,0.999699056148529,0.04005041345953941,0.06664460152387619,-0.038398705422878265,0.9989470839500427
0.9978005886077881,-0.00938487984240055,-0.06421808153390884,0.012467492371797562,0.9995089769363403,0.04132528975605965,0.06541940569877625,-0.03992224484682083,0.9991357922554016
0.9978410005569458,-0.0060677118599414825,-0.06414743512868881,0.009057070128619671,0.9993102550506592,0.04243794083595276,0.06510874629020691,-0.04124573618173599,0.9991865754127502
0.9980366230010986,-0.004552818369120359,-0.0655997022986412,0.0072656841948628426,0.9993897080421448,0.040418591350317,0.06618821620941162,-0.03932363539934158,0.9990130066871643
0.9986187815666199,-0.002116501098498702,-0.06580381095409393,0.00452783377841115,0.9994361996650696,0.03855801746249199,0.0676843598484993,-0.03781834989786148,0.9990860819816589
0.9981863498687744,0.0002647845249157399,-0.06528803706169128,0.0024430174380540848,0.9995085000991821,0.03746509552001953,0.06860709190368652,-0.03670305013656616,0.9999158978462219
0.9975274801254272,0.0035020848736166954,-0.06580402702093124,-0.002031673677265644,0.9995039701461792,0.03536594286561012,0.06932123005390167,-0.03509022668004036,1.000945806503296
0.9965196847915649,-0.0018626307137310505,0.07399618625640869,0.0024598839227110147,0.9999109506607056,0.012580364011228085,-0.07497086375951767,-0.013665130361914635,1.0002057552337646
1.000351905822754,-8.195739064831287e-05,-0.06557701528072357,0.0026211596559733152,0.999747633934021,0.02773454040288925,0.06693042814731598,-0.03461606055498123,0.9962028861045837
0.9966704249382019,-0.004213416948914528,0.0695783868432045,0.006805783603340387,0.9993231892585754,-0.026530414819717407,-0.07172134518623352,0.026687169447541237,1.000457763671875
0.9972233176231384,-0.00636275252327323,0.06963254511356354,0.00965153332799673,0.9993880391120911,-0.030682262033224106,-0.07089222967624664,0.029645293951034546,0.9991591572761536
0.9973940253257751,-0.002244155155494809,0.06896784156560898,0.004396065603941679,0.9994308352470398,-0.03598015010356903,-0.06833087652921677,0.03346278518438339,0.9979040026664734
0.9979614019393921,-0.002824985422194004,0.06724684685468674,0.0046432893723249435,0.9995108842849731,-0.03836001455783844,-0.06725754588842392,0.03633680194616318,0.9961796998977661
0.9981547594070435,0.004274502396583557,0.06311491131782532,-0.006262782961130142,0.9994760155677795,0.04249335825443268,-0.06437711417675018,-0.04196789488196373,0.9951122403144836
0.9982091784477234,0.0048902626149356365,0.06139110028743744,-0.007354646921157837,0.9992610812187195,0.04265209659934044,-0.06376216560602188,-0.04343448579311371,0.9946922659873962
0.9980849623680115,0.005501188803464174,0.05979330837726593,-0.0081022335216403,0.9988704323768616,0.04288751631975174,-0.06274358183145523,-0.04445038363337517,0.9942386150360107
0.9980247020721436,0.006761940661817789,0.05737332999706268,-0.008998420089483261,0.9985948204994202,0.04400353133678436,-0.061532970517873764,-0.04634251073002815,0.9939842224121094
0.997759222984314,0.00724389823153615,0.05340837687253952,-0.009526684880256653,0.9985333681106567,0.0473770834505558,-0.05869707837700844,-0.05037304386496544,0.9947639107704163
0.9976880550384521,0.008310823701322079,0.0500585213303566,-0.011084707453846931,0.998407244682312,0.051140230149030685,-0.05491745471954346,-0.053448501974344254,0.9953770041465759
0.9969869256019592,0.008725098334252834,0.05806988105177879,-0.011857555247843266,0.9989336729049683,0.04431574419140816,-0.062437497079372406,-0.044977910816669464,0.9960451722145081
0.9978231191635132,0.006051576696336269,0.060798581689596176,-0.009054826572537422,0.99925696849823,0.043474696576595306,-0.06374998390674591,-0.0431395098567009,0.9970453381538391
0.9974081516265869,-0.006288938224315643,-0.06680203229188919,0.008718118071556091,0.9997046589851379,0.03489135205745697,0.06901265680789948,-0.033566322177648544,0.9973471164703369
0.9973418116569519,-0.007520511280745268,-0.06761972606182098,0.010122310370206833,0.9996594190597534,0.034624215215444565,0.06966445595026016,-0.03316984698176384,0.9978482723236084
0.9974342584609985,-0.009577943943440914,-0.06749151647090912,0.012232317589223385,0.9995923638343811,0.03566117584705353,0.0685780942440033,-0.03463081642985344,0.998640239238739
0.9976061582565308,-0.006836738903075457,-0.06863461434841156,0.00938576739281416,0.9995865225791931,0.03472994267940521,0.06906906515359879,-0.034017376601696014,0.9989339709281921
0.9976955056190491,-0.006425154861062765,-0.06981637328863144,0.008663359098136425,0.9997004866600037,0.032243501394987106,0.07010484486818314,-0.031683068722486496,0.9987993240356445
0.9981482625007629,-0.005143675487488508,-0.06970835477113724,0.007362422067672014,0.9997109174728394,0.031084230169653893,0.0709344670176506,-0.03063667193055153,0.998913586139679
0.9978693127632141,0.0022670580074191093,0.06938209384679794,-0.004597337916493416,0.9997337460517883,0.03002597950398922,-0.07174786925315857,-0.02934686839580536,0.9995800852775574
0.9973711967468262,-0.0016124849207699299,0.06995037198066711,-0.0004268749326001853,0.9997366070747375,0.027701565995812416,-0.07274191081523895,-0.02697618305683136,1.0004724264144897
0.996773362159729,-0.0012149710673838854,0.07249090075492859,0.0008690566173754632,0.9998854398727417,0.02001020312309265,-0.07379256933927536,-0.020813867449760437,1.0004338026046753
0.997261106967926,-0.006135688163340092,0.07118403911590576,0.005759621970355511,0.9997742176055908,-0.020631685853004456,-0.0719444677233696,0.02530491165816784,0.9985724091529846
0.9957419037818909,-0.00018706849368754774,-0.0703805610537529,0.005076052155345678,0.9979550242424011,-0.02237481251358986,0.05655468627810478,0.04138892516493797,0.9831371903419495
0.996148407459259,0.005882331635802984,0.0725775882601738,-0.007523300126194954,0.9996609687805176,0.007067328784614801,-0.07590120285749435,-0.00765955401584506,1.001930832862854
0.9969887733459473,-0.004321494605392218,0.06716890633106232,0.007102812174707651,0.9991690516471863,-0.03310453146696091,-0.06898538768291473,0.033190082758665085,0.9998301863670349
0.9977399110794067,-0.006482189521193504,0.0660824254155159,0.009485447779297829,0.9989789724349976,-0.03788704425096512,-0.06716115772724152,0.03699707239866257,0.998452365398407
0.9976105093955994,0.000953060807660222,0.06458291411399841,-0.003331762971356511,0.9992205500602722,0.04254999756813049,-0.06473761051893234,-0.040308717638254166,0.9972219467163086
0.9980871677398682,0.0007649608887732029,0.0630878433585167,-0.0028336227405816317,0.9992648959159851,0.04412918537855148,-0.06389057636260986,-0.04237737879157066,0.9957348108291626
0.9982150197029114,0.0018496144330129027,0.05911549553275108,-0.004065711982548237,0.999146044254303,0.04754273220896721,-0.060980815440416336,-0.04721027985215187,0.9950046539306641
0.9982657432556152,0.002280052751302719,0.0578446164727211,-0.004936960991472006,0.998733639717102,0.047700200229883194,-0.060377441346645355,-0.048037685453891754,0.9946907758712769
0.9981728196144104,0.0018165390938520432,0.057840000838041306,-0.004637935198843479,0.9983162879943848,0.04698041081428528,-0.060692477971315384,-0.0468902550637722,0.9938945770263672
0.9988705515861511,0.0037225845735520124,0.05544501543045044,-0.005156008061021566,0.9979605078697205,0.047341786324977875,-0.05991833657026291,-0.04711805284023285,0.9922164082527161
0.9983941912651062,0.00566941499710083,0.05155603587627411,-0.005496792960911989,0.9975486397743225,0.0475558340549469,-0.05997100844979286,-0.046521782875061035,0.990273654460907
0.997023344039917,0.0071316794492304325,0.045562371611595154,-0.006255804095417261,0.9980478286743164,0.05094307288527489,-0.057685256004333496,-0.05041719973087311,0.9895694851875305
0.9945492148399353,0.007224214728921652,0.054944638162851334,-0.007703099399805069,0.9989017248153687,0.043342165648937225,-0.06509435176849365,-0.041185162961483,0.9906485080718994
0.997009813785553,0.0043033636175096035,0.05762473866343498,-0.005233209580183029,0.9997789859771729,0.044339053332805634,-0.06408882886171341,-0.04197600856423378,0.9925656318664551
0.9971761107444763,-0.004546536598354578,-0.06659159809350967,0.005194141063839197,1.0003669261932373,0.031175758689641953,0.07052391022443771,-0.027710119262337685,0.9930410981178284
0.9984243512153625,0.007806012872606516,-0.06721847504377365,-0.00668148510158062,1.001170039176941,-0.02878839336335659,0.07139793783426285,0.025212321430444717,0.9930598735809326
0.9966129064559937,0.011257936246693134,-0.06775757670402527,-0.010203659534454346,1.0014476776123047,-0.02622957155108452,0.07366358488798141,0.024347318336367607,0.9949251413345337
0.996666431427002,-0.007946387864649296,-0.07083182036876678,0.007921000942587852,1.0006763935089111,0.024216368794441223,0.07382205128669739,-0.023810680955648422,0.9979040026664734
0.9971531629562378,-0.007794100791215897,-0.07286887615919113,0.008575535379350185,1.0002164840698242,0.02119704894721508,0.0739060565829277,-0.02135278843343258,0.9987356066703796
0.9975815415382385,-0.007675797678530216,-0.07316210865974426,0.008966285735368729,1.0000611543655396,0.019987674430012703,0.07442902028560638,-0.019975412636995316,0.9988595843315125
0.9974281191825867,-0.003058614209294319,-0.07281523942947388,0.004608828574419022,1.0000157356262207,0.020908145233988762,0.07455884665250778,-0.02052893675863743,0.9993033409118652
0.9969300031661987,-0.00041688678902573884,-0.07327678799629211,0.0017007914138957858,1.0002171993255615,0.019420552998781204,0.07519172877073288,-0.019105209037661552,0.9999650120735168
0.9970401525497437,-0.00016504767700098455,-0.07368113845586777,0.0008199558942578733,1.0000035762786865,0.01792592741549015,0.07428158074617386,-0.01885058358311653,0.9999065399169922
0.9969205260276794,-0.007383016403764486,-0.07349635660648346,0.0061520920135080814,0.9998477101325989,0.014331289567053318,0.07573461532592773,-0.0190401803702116,0.9995105862617493
0.9992448091506958,-0.00208291201852262,-0.070482037961483,0.0012620826018974185,1.000055193901062,-0.019687563180923462,0.0682288184762001,0.033198628574609756,0.9967536330223083
0.9968485236167908,-0.005724746733903885,0.06614147126674652,0.008422262966632843,0.9989490509033203,-0.03153884410858154,-0.06907189637422562,0.03199680522084236,1.0012880563735962
0.9975488781929016,-0.004395077470690012,0.06459629535675049,0.007490900810807943,0.9990245699882507,-0.038274332880973816,-0.06651454418897629,0.03817364573478699,0.999309778213501
0.9968057870864868,0.00899595022201538,0.0758206844329834,-0.009555629454553127,1.0001869201660156,0.003645502496510744,-0.07610034197568893,-0.0023742886260151863,0.9979475736618042
0.9978581666946411,3.30921720888e-05,-0.06171630322933197,0.002883097855374217,0.9990391731262207,0.04610385000705719,0.06238676235079765,-0.04408465325832367,0.996634840965271
0.9983125925064087,0.0005161280278116465,-0.0596078485250473,0.0019334651296958327,0.9989954233169556,0.04841512814164162,0.06074971333146095,-0.04679277911782265,0.9953417778015137
0.9984239935874939,0.00040441405144520104,-0.05555586889386177,0.002024107612669468,0.998762309551239,0.051730234175920486,0.0577351413667202,-0.05122891068458557,0.994770348072052
0.9984390139579773,0.0008356934413313866,-0.054906684905290604,0.0019292847719043493,0.9984779357910156,0.05158175155520439,0.05745231732726097,-0.051042113453149796,0.9942899346351624
0.9979059100151062,-0.0023333895951509476,0.05629896745085716,-0.0016037154709920287,0.9979608654975891,0.05101533606648445,-0.05836974084377289,-0.04851597920060158,0.9926608204841614
1.0010789632797241,0.0015450199134647846,0.051786500960588455,-0.001967441523447633,0.9975348114967346,0.052839815616607666,-0.05736216902732849,-0.048941295593976974,0.9896359443664551
0.9995076656341553,0.005328876432031393,0.04207959026098251,-0.0017392771551385522,0.9973354339599609,0.05429298058152199,-0.054508890956640244,-0.04662994295358658,0.9827316999435425
0.9957929849624634,0.005134756676852703,0.034003812819719315,-0.000668959051836282,0.9983057379722595,0.05532609671354294,-0.057724729180336,-0.04878688231110573,0.9778288006782532
0.992842435836792,0.0037546970415860415,0.0397159606218338,-0.003882375778630376,0.9975829720497131,0.05292802304029465,-0.06000805273652077,-0.04491368308663368,0.9772987961769104
0.995673656463623,-0.0013243037974461913,0.023795822635293007,0.0028578941710293293,0.9981271028518677,-0.065836600959301,-0.04035653918981552,0.0666177049279213,0.9809511303901672
0.9989827871322632,-0.004290040582418442,-0.05887369066476822,0.0003109503595624119,1.0021036863327026,0.03577682375907898,0.06837650388479233,-0.03390992060303688,0.9854315519332886
1.0033777952194214,0.012014239095151424,-0.05968301370739937,-0.0033885217271745205,1.0036524534225464,-0.018493127077817917,0.06666108965873718,0.014263101853430271,0.9820828437805176
0.9977660775184631,0.016722239553928375,0.057154446840286255,-0.007367067504674196,1.002589464187622,0.01309371367096901,-0.07941775023937225,-0.007218223996460438,0.9821503162384033
0.9941493272781372,-0.012481208890676498,-0.06493508070707321,0.005579997319728136,1.0009639263153076,0.009934825822710991,0.07983746379613876,-0.007442336529493332,0.993653416633606
0.996357262134552,-0.007407799828797579,-0.07206030189990997,0.0051133278757333755,1.000388503074646,0.00801233109086752,0.07669319212436676,-0.008314001373946667,0.9984768033027649
0.9969452619552612,-0.006638336926698685,-0.07404829561710358,0.00597345270216465,1.000213384628296,0.007832632400095463,0.07686004042625427,-0.007906228303909302,0.9988004565238953
0.9969035387039185,-0.002726454520598054,-0.07467374205589294,0.0028423157054930925,1.0002703666687012,0.010017361491918564,0.07665048539638519,-0.010017995722591877,0.9992119669914246
0.9967820048332214,-0.0009456026600673795,-0.07521798461675644,0.0007861838676035404,1.000311255455017,0.009373246692121029,0.07707091420888901,-0.009959705173969269,0.9998757839202881
