0.9892205595970154,0.048905666917562485,0.14709803462028503,-0.030234139412641525,0.9914460778236389,-0.11996778100728989,-0.1468394547700882,0.10358281433582306,0.9643683433532715
0.9916311502456665,0.04861963540315628,0.13969779014587402,-0.030429646372795105,0.9920172095298767,-0.12679366767406464,-0.14618919789791107,0.1136666089296341,0.9688529372215271
0.9939425587654114,0.04841310530900955,0.12771490216255188,-0.030493969097733498,0.9896981120109558,-0.13937163352966309,-0.1350182592868805,0.12764428555965424,0.9683712720870972
0.9961362481117249,0.04961792007088661,0.11250469833612442,-0.03336719051003456,0.9872997999191284,-0.15169425308704376,-0.11756400018930435,0.14207930862903595,0.9641637802124023
0.9968578219413757,0.050368744879961014,0.10457286983728409,-0.033552248030900955,0.9880878329277039,-0.15997356176376343,-0.10408391803503036,0.14647167921066284,0.9587411284446716
0.9964767694473267,0.052794668823480606,0.09278854727745056,-0.0312812514603138,0.9853663444519043,-0.17269909381866455,-0.08021403104066849,0.15535512566566467,0.9462706446647644
0.9852635860443115,0.029813090339303017,0.18483582139015198,-0.024780692532658577,1.0009812116622925,-0.03300181403756142,-0.17705979943275452,0.020869409665465355,0.9574145078659058
0.9847077131271362,0.03470605984330177,0.18358370661735535,-0.02520015276968479,0.9993811249732971,-0.05491058900952339,-0.18301229178905487,0.038948774337768555,0.9710459113121033
0.985887348651886,0.042484693229198456,0.17290781438350677,-0.027671437710523605,0.9960379600524902,-0.08768033236265182,-0.1739613562822342,0.07246686518192291,0.9759859442710876
0.9821854829788208,0.006868335884064436,0.18987710773944855,-0.01916317455470562,0.9992367625236511,0.05573835223913193,-0.18262003362178802,-0.05324282869696617,0.9777749180793762
0.9828943610191345,0.0033321515657007694,0.18481557071208954,-0.017178310081362724,0.9979205131530762,0.06832803785800934,-0.1791895031929016,-0.06660445034503937,0.9794339537620544
0.9817041158676147,0.0043120733462274075,0.18854670226573944,-0.015545463189482689,0.9987316727638245,0.05422086641192436,-0.18336714804172516,-0.053241945803165436,0.9801663756370544
0.9812523722648621,0.0039791264571249485,-0.18958383798599243,-0.014250594191253185,0.9988064765930176,-0.04927939549088478,0.184674471616745,0.0497208908200264,0.9805495142936707
0.9824339151382446,0.0025920572225004435,-0.18364448845386505,-0.015999693423509598,0.9972110390663147,-0.0694693848490715,0.17725998163223267,0.07115461677312851,0.980295717716217
0.9943650960922241,0.017451774328947067,-0.10700738430023193,0.001065399032086134,0.9857302308082581,0.16577759385108948,0.10215205699205399,-0.16155213117599487,0.979379415512085
0.9906014204025269,0.025331614539027214,0.1485556960105896,-0.0057970029301941395,0.9913678765296936,-0.12832234799861908,-0.14563164114952087,0.12566472589969635,0.9768497943878174
0.98722904920578,0.007264126557856798,0.17322945594787598,0.010163296945393085,0.995864748954773,-0.0907156690955162,-0.1695534735918045,0.0941803902387619,0.9744310975074768
0.9993336796760559,0.05401616171002388,0.07798334956169128,-0.04113702103495598,0.9855702519416809,-0.1720104217529297,-0.08586501330137253,0.16563643515110016,0.9694449305534363
1.000490427017212,0.05297544226050377,0.06604593247175217,-0.03992249444127083,0.9839153289794922,-0.17914731800556183,-0.06868226826190948,0.16830234229564667,0.9589064121246338
0.9807091951370239,0.010766704566776752,0.19325119256973267,-0.01491391658782959,1.0007123947143555,0.013981404714286327,-0.18327058851718903,-0.021002525463700294,0.9666292667388916
1.0012866258621216,-0.013867773115634918,-0.0023381232749670744,0.013877681456506252,0.9817468523979187,-0.1951243281364441,0.001738712307997048,0.19158366322517395,0.9759857058525085
0.9810848832130432,0.004150563385337591,0.19509652256965637,-0.009174172766506672,1.0005887746810913,0.025230571627616882,-0.190475732088089,-0.022029422223567963,0.9789469838142395
0.9804264307022095,0.004206293262541294,0.1937934160232544,-0.010705073364078999,1.0002105236053467,0.034597303718328476,-0.1908539980649948,-0.03170277923345566,0.9807177782058716
0.979487955570221,0.005974200088530779,0.19186003506183624,-0.014201299287378788,1.000324010848999,0.04041753709316254,-0.1912640631198883,-0.03679642826318741,0.9811233878135681
0.9803281426429749,-0.05062277242541313,0.1811731606721878,0.041297923773527145,0.9968862533569336,0.05783511698246002,-0.1862320899963379,-0.044072166085243225,0.9833900332450867
0.9804506897926331,-0.05340973287820816,0.18234005570411682,0.04588310793042183,0.996742308139801,0.04743434488773346,-0.18787513673305511,-0.03237900137901306,0.9833729267120361
0.9810657501220703,-0.05667904391884804,-0.18115611374378204,0.049878574907779694,0.9962166547775269,-0.04716144874691963,0.1870420277118683,0.03262389078736305,0.9835451245307922
0.9820677042007446,-0.05799129605293274,-0.17456544935703278,0.04861108586192131,0.9949716925621033,-0.06907683610916138,0.1807233989238739,0.056457240134477615,0.9836467504501343
0.9851640462875366,0.05082550272345543,0.15078826248645782,-0.035483602434396744,0.9918355345726013,-0.1175282672047615,-0.15664231777191162,0.10930223762989044,0.9832267165184021
0.9897445440292358,0.04916941747069359,-0.1145954355597496,-0.031151752918958664,0.9870441555976868,0.15438751876354218,0.11873088777065277,-0.1488172709941864,0.9828357696533203
0.9955387115478516,-0.045573972165584564,-0.07621093839406967,0.029399974271655083,0.9830573797225952,-0.1770835667848587,0.07891930639743805,0.1719139814376831,0.9820438623428345
0.9982132911682129,-0.030156398192048073,-0.05849292874336243,0.018393725156784058,0.9819086790084839,-0.18631966412067413,0.05723978951573372,0.18203572928905487,0.9802409410476685
1.0001623630523682,-0.02901558205485344,-0.04204469919204712,0.021410463377833366,0.9810246825218201,-0.19117853045463562,0.04062443971633911,0.18654978275299072,0.977357029914856
1.0020698308944702,-0.03593364357948303,0.017491277307271957,0.0331273153424263,0.9811180830001831,0.19370990991592407,-0.020288405939936638,-0.18760383129119873,0.9735749959945679
1.0014835596084595,0.05248852074146271,0.040353044867515564,-0.0447237603366375,0.9829735159873962,-0.18585585057735443,-0.048266105353832245,0.177921324968338,0.9664859771728516
1.0001379251480103,-0.02516023814678192,0.03654886409640312,0.01841050386428833,0.9820411205291748,0.1898963898420334,-0.037813495844602585,-0.18873897194862366,0.9771061539649963
0.9809690117835999,0.010189349763095379,0.19526685774326324,-0.007018375210464001,1.0006555318832397,-0.013860532082617283,-0.192557692527771,0.01687520556151867,0.9793698787689209
0.9796762466430664,-0.02552197128534317,0.1941661536693573,0.025933701545000076,0.9999725222587585,0.0016244526486843824,-0.19368962943553925,0.007973182015120983,0.9818685054779053
0.9795584678649902,-0.038759104907512665,0.19019833207130432,0.03645199537277222,0.9990363121032715,0.01796501688659191,-0.19327744841575623,-0.006027557421475649,0.9816187620162964
0.9797320365905762,-0.04594282805919647,0.1869083195924759,0.04287669062614441,0.9987983107566833,0.02278384566307068,-0.1915096640586853,-0.008947606198489666,0.9807361364364624
0.9806259870529175,-0.04836500436067581,0.18392403423786163,0.04323595017194748,0.9985097050666809,0.03476405888795853,-0.18934504687786102,-0.020779885351657867,0.9799079895019531
0.981339693069458,-0.05319729074835777,0.18265730142593384,0.048000555485486984,0.9975714683532715,0.03593786433339119,-0.18683187663555145,-0.02126016840338707,0.9801445007324219
0.9813764095306396,-0.05653633549809456,-0.18209104239940643,0.05106615647673607,0.9974435567855835,-0.03558569774031639,0.18575771152973175,0.020965641364455223,0.9807682037353516
0.9823459982872009,-0.058034125715494156,-0.1761368215084076,0.048548951745033264,0.9966346025466919,-0.05978039279580116,0.18153220415115356,0.04600299522280693,0.9812526702880859
0.9867945909500122,0.05137501657009125,0.147873654961586,-0.03397487848997116,0.9924442768096924,-0.1175360232591629,-0.1578267216682434,0.10778417438268661,0.9808580279350281
0.9910686016082764,0.047869205474853516,-0.11108017712831497,-0.03146529570221901,0.9872652888298035,0.15413135290145874,0.12321262806653976,-0.14776435494422913,0.9814972877502441
0.9945251941680908,-0.04208134487271309,-0.07325302809476852,0.02950562909245491,0.9839276075363159,-0.1768103986978531,0.08471732586622238,0.1742246001958847,0.9823951125144958
0.9957481026649475,-0.02645610086619854,-0.05780423805117607,0.015643572434782982,0.9826395511627197,-0.18523144721984863,0.06440428644418716,0.18510572612285614,0.9820430278778076
0.9971315264701843,-0.022424759343266487,-0.03489399328827858,0.01300964318215847,0.9810617566108704,-0.19196392595767975,0.037227217108011246,0.19079607725143433,0.9819134473800659
0.9995473027229309,-0.02781938575208187,-0.017511721700429916,0.022498473525047302,0.9800564646720886,-0.19455976784229279,0.01797313615679741,0.1903258115053177,0.9809670448303223
1.0006276369094849,-0.023548204451799393,0.013247457332909107,0.026653161272406578,0.9805465340614319,-0.1952984482049942,-0.012968335300683975,0.19096583127975464,0.9784142971038818
0.9817186594009399,-0.0019034905126318336,-0.19353052973747253,-0.004231621045619249,1.0012556314468384,-0.03488031029701233,0.1909676045179367,0.029326869174838066,0.9740872979164124
1.0013442039489746,0.05242425575852394,0.006398424971848726,-0.05062796548008919,0.9812408089637756,-0.18906338512897491,-0.018918022513389587,0.18340985476970673,0.968320906162262
0.9811334609985352,-0.03683014214038849,-0.19022530317306519,0.0413082055747509,0.9986071586608887,0.02413068152964115,0.18720237910747528,-0.035571277141571045,0.9807445406913757
0.9806889891624451,0.004286833573132753,0.19346049427986145,0.0004943061503581703,1.0000252723693848,-0.027974124997854233,-0.19194628298282623,0.031250741332769394,0.9796896576881409
0.9800622463226318,-0.02342580258846283,0.19201622903347015,0.02686523273587227,1.0000146627426147,-0.01650560274720192,-0.19391171634197235,0.024142442271113396,0.9794427156448364
0.9797443747520447,-0.03792430832982063,0.18814517557621002,0.04097321629524231,0.9993887543678284,-0.009034507907927036,-0.19120605289936066,0.021249378100037575,0.9776746034622192
0.9803667664527893,-0.04182093217968941,0.18574780225753784,0.04456828907132149,0.9984545707702637,-0.006589795928448439,-0.18861404061317444,0.01978837512433529,0.9774511456489563
0.9810370206832886,-0.040434498339891434,0.18585997819900513,0.04238680377602577,0.9992790818214417,0.004005270544439554,-0.19031734764575958,0.00906183011829853,0.9767088294029236
0.9816756844520569,-0.04439708590507507,0.18584038317203522,0.044040605425834656,0.9980524182319641,0.009851111099123955,-0.18889883160591125,0.004935357719659805,0.9773752093315125
0.9800930619239807,-0.04446713626384735,0.18503059446811676,0.044674068689346313,0.9988875985145569,0.004197924397885799,-0.18963636457920074,0.009014162234961987,0.9777143001556396
0.9821189641952515,-0.04909468814730644,0.17935237288475037,0.04266301915049553,0.998676061630249,0.046405211091041565,-0.18651998043060303,-0.03408273309469223,0.9774261713027954
0.9879497289657593,0.039134781807661057,0.15201058983802795,-0.021039891988039017,0.9943547248840332,-0.11339207738637924,-0.15958072245121002,0.10705060511827469,0.9771537780761719
0.9943873882293701,0.04328029602766037,-0.10128367692232132,-0.025933915749192238,0.9871950745582581,0.16049706935882568,0.11132005602121353,-0.15568898618221283,0.9778377413749695
0.9970951080322266,-0.03667629510164261,-0.06050150841474533,0.0248764269053936,0.9832319617271423,-0.1814422607421875,0.07089372724294662,0.17822301387786865,0.9787759780883789
0.9977124929428101,-0.02375522255897522,-0.05158688500523567,0.013405303470790386,0.9823704957962036,-0.18654730916023254,0.05899414047598839,0.18478165566921234,0.979353129863739
0.9981302618980408,-0.0187233854085207,-0.02112511359155178,0.01394929550588131,0.9812930226325989,-0.19276320934295654,0.02953488565981388,0.19301976263523102,0.9799347519874573
0.9975388050079346,-0.013568752445280552,-0.003941124305129051,0.01071172021329403,0.9808626770973206,-0.194243922829628,0.012357260100543499,0.19684918224811554,0.9798955917358398
0.9972785711288452,-0.0072682201862335205,0.02700064890086651,0.008785268291831017,0.9804781079292297,-0.19371472299098969,-0.021904194727540016,0.19427227973937988,0.9812276363372803
0.998659610748291,-0.031979750841856,0.05193035304546356,0.04037158191204071,0.9808885455131531,-0.18689671158790588,-0.0459209643304348,0.18414179980754852,0.9818573594093323
0.9980127811431885,-0.0241079218685627,0.07374458760023117,0.03874944895505905,0.9826813340187073,-0.1796310544013977,-0.06902474910020828,0.17811791598796844,0.9786325693130493
1.0008665323257446,0.05296614393591881,-0.010563226416707039,-0.054278016090393066,0.981043815612793,-0.18859751522541046,-0.0032975422218441963,0.18564610183238983,0.9729256629943848
0.9853610992431641,-0.013005414977669716,-0.17312902212142944,-0.002744898432865739,0.9970483183860779,-0.08472324907779694,0.17121468484401703,0.08731171488761902,0.9766479730606079
0.9826943278312683,-0.0037101591005921364,0.18600748479366302,0.014796454459428787,0.9986375570297241,-0.057337984442710876,-0.1843406707048416,0.061971865594387054,0.9796839356422424
0.9815350770950317,-0.008918552659451962,0.18630443513393402,0.01874743588268757,0.9986470341682434,-0.05562836676836014,-0.1853259801864624,0.059708092361688614,0.9795757532119751
0.9808525443077087,-0.014605926349759102,0.1874028891324997,0.023390423506498337,0.9994324445724487,-0.043667085468769073,-0.18959052860736847,0.04777698963880539,0.9769783020019531
0.9801816940307617,-0.03146426007151604,0.18495091795921326,0.03826100006699562,0.9994733929634094,-0.029587583616375923,-0.18761581182479858,0.039289869368076324,0.9745578765869141
0.9825772643089294,-0.03410366177558899,0.18268226087093353,0.04075206071138382,0.9988568425178528,-0.03271990641951561,-0.1835816651582718,0.044021353125572205,0.9760050773620605
0.9831857681274414,-0.03208546340465546,0.18359731137752533,0.03870205953717232,1.000212550163269,-0.0328136645257473,-0.18539658188819885,0.04110204800963402,0.9767324924468994
0.9829197525978088,-0.028101801872253418,0.18624255061149597,0.032481249421834946,1.0001131296157837,-0.02875031717121601,-0.18547017872333527,0.034981947392225266,0.9777876138687134
0.9823138117790222,-0.025244228541851044,0.1832074373960495,0.031191643327474594,0.9998075366020203,-0.041094984859228134,-0.18624767661094666,0.04502358287572861,0.976707398891449
0.9919191598892212,0.009890252724289894,0.13760972023010254,-0.026387501507997513,0.9925938248634338,0.12984700500965118,-0.1389690637588501,-0.1339544951915741,0.9754044413566589
0.9911758899688721,0.00955043826252222,0.13999101519584656,-0.027267513796687126,0.9917716383934021,0.13063761591911316,-0.13717202842235565,-0.13424266874790192,0.9766414761543274
0.9904689192771912,0.009382287971675396,0.1414921134710312,-0.027969183400273323,0.991784930229187,0.1301923543214798,-0.13900470733642578,-0.13414469361305237,0.9776046872138977
0.999591588973999,-0.02758433297276497,-0.028135621920228004,0.02247443236410618,0.9819506406784058,-0.1908656507730484,0.03553329035639763,0.18759676814079285,0.9790291786193848
0.9999802708625793,-0.008884320966899395,-0.03312432020902634,0.002139578340575099,0.9820727705955505,-0.19225257635116577,0.037710972130298615,0.19099178910255432,0.9778933525085449
1.0000256299972534,-0.0027158535085618496,0.0033581808675080538,0.0047370693646371365,0.9800078868865967,-0.19403505325317383,0.001815436058677733,0.19463007152080536,0.976277768611908
1.0013787746429443,-0.0017599571729078889,0.015042345970869064,0.0016547724371775985,0.9807021617889404,-0.19261060655117035,-0.007389276288449764,0.19862402975559235,0.9690806865692139
0.9961037039756775,0.0009661138174124062,0.04508053511381149,0.0044344463385641575,0.9833416938781738,-0.1908918023109436,-0.026733344420790672,0.19157518446445465,0.971451461315155
0.9947031140327454,0.0009859221754595637,0.0640399158000946,0.010638692416250706,0.9829949140548706,-0.1865883618593216,-0.05420532450079918,0.18878670036792755,0.9792250990867615
0.9967046976089478,-0.02844368666410446,0.07249423861503601,0.04048223793506622,0.982452929019928,-0.1793256402015686,-0.06367456167936325,0.18125560879707336,0.9830151200294495
0.9971221685409546,-0.02229083515703678,0.08313839882612228,0.03763356804847717,0.9834362268447876,-0.17483116686344147,-0.07899932563304901,0.17562435567378998,0.9794930219650269
0.9961488842964172,-0.02142644301056862,0.10466823726892471,0.040550388395786285,0.9856208562850952,-0.16547220945358276,-0.09562032669782639,0.1636396199464798,0.9732791781425476
0.996782660484314,-0.025235377252101898,0.08474870026111603,0.00998562853783369,0.9852893948554993,0.17254279553890228,-0.08669374883174896,-0.1729748398065567,0.9786704182624817
0.983713686466217,-0.010184250771999359,0.18028485774993896,0.02282167598605156,0.9971541166305542,-0.07078491896390915,-0.17850486934185028,0.07597476243972778,0.9799964427947998
0.9825881123542786,-0.00499909371137619,0.18110279738903046,0.017244404181838036,0.9974452257156372,-0.06998586654663086,-0.18132472038269043,0.07192670553922653,0.979371190071106
0.9820069670677185,-0.010516100563108921,0.18296197056770325,0.021791167557239532,0.9985377788543701,-0.05892170965671539,-0.18495561182498932,0.06074956804513931,0.9767674803733826
0.9823153018951416,-0.026856550946831703,0.18136897683143616,0.03565651923418045,0.9987660646438599,-0.049518343061208725,-0.1820724606513977,0.05537762492895126,0.9754018187522888
0.9843963980674744,-0.03071795403957367,0.17938388884067535,0.03949959948658943,0.9980117678642273,-0.05208372324705124,-0.17825573682785034,0.05920500308275223,0.9779006242752075
0.983833372592926,-0.02588016726076603,0.18198108673095703,0.034810230135917664,0.9983779788017273,-0.0481363944709301,-0.1828155517578125,0.053354669362306595,0.9800946712493896
0.9836061596870422,-0.013090270571410656,0.18506917357444763,0.021347591653466225,0.9986273646354675,-0.04601454734802246,-0.1865672916173935,0.048519063740968704,0.9809439778327942
0.984048068523407,-0.01004813238978386,0.18312181532382965,0.019211316481232643,0.9979826807975769,-0.056559909135103226,-0.18579833209514618,0.0568244494497776,0.9795417189598083
0.9912373423576355,0.010355737060308456,0.13943496346473694,-0.02751094661653042,0.991500973701477,0.13165275752544403,-0.1392342746257782,-0.13312740623950958,0.9782623648643494
0.9905738830566406,0.009225131012499332,0.14090512692928314,-0.027756216004490852,0.9911371469497681,0.13139373064041138,-0.13823463022708893,-0.13370810449123383,0.9786043167114258
0.9903625249862671,0.00888318382203579,0.14197894930839539,-0.027857769280672073,0.9911059737205505,0.13087159395217896,-0.1390046328306198,-0.1345861256122589,0.9790412187576294
0.9901764392852783,0.008590294979512691,0.1429545134305954,-0.02773384377360344,0.9912680387496948,0.13044856488704681,-0.13853934407234192,-0.13483646512031555,0.9795868396759033
1.001373529434204,0.018763963133096695,-0.004107559099793434,-0.019235404208302498,0.981111466884613,-0.19442100822925568,0.0017667633946985006,0.19300372898578644,0.9794313907623291
0.9994930028915405,0.01717475615441799,0.03427916392683983,-0.007723904214799404,0.9813698530197144,-0.19137407839298248,-0.03527836501598358,0.18865469098091125,0.9795706868171692
1.0030426979064941,0.012405764311552048,0.03784247487783432,-0.00528551172465086,0.9827455878257751,-0.1903798133134842,-0.04223739728331566,0.19234733283519745,0.9662051796913147
0.9980170130729675,0.011249161325395107,0.06823042035102844,-0.0006427632179111242,0.9862779378890991,-0.18803130090236664,-0.050727058202028275,0.1799040138721466,0.9617178440093994
0.9920353889465332,0.012711288407444954,0.08625634759664536,0.00733819417655468,0.983816921710968,-0.18055696785449982,-0.07119043916463852,0.1754237562417984,0.9732022881507874
0.9951976537704468,0.003654477884992957,0.08921158313751221,0.012748709879815578,0.9846346378326416,-0.17492596805095673,-0.08286729454994202,0.17594808340072632,0.981093168258667
0.9950334429740906,-0.022086599841713905,0.08953145146369934,0.0371420718729496,0.9845409989356995,-0.17146560549736023,-0.08289474993944168,0.175199955701828,0.9827292561531067
0.9851014018058777,0.0006666031549684703,-0.17375080287456512,-0.01745426096022129,0.9960638880729675,-0.08901210129261017,0.17416782677173615,0.0889139249920845,0.9780122637748718
0.9987221956253052,0.05623815581202507,-0.054264768958091736,-0.06523707509040833,0.9819088578224182,-0.17989708483219147,0.03761164844036102,0.17988209426403046,0.9720723032951355
0.9849148988723755,-0.026073144748806953,-0.17425382137298584,0.03986414149403572,0.9961646795272827,0.07934324443340302,0.17015789449214935,-0.08764342218637466,0.9797230362892151
0.9845950603485107,-0.00626690499484539,0.17342033982276917,0.02044646441936493,0.9958483576774597,-0.08699829876422882,-0.17145058512687683,0.09078483283519745,0.979978621006012
0.9844080805778503,-0.0075174616649746895,0.17284227907657623,0.02246778830885887,0.9958484768867493,-0.08767279982566833,-0.1728384792804718,0.08990558981895447,0.979559063911438
0.9842736124992371,-0.014171643182635307,0.17468608915805817,0.028476158156991005,0.9965285658836365,-0.08059589564800262,-0.17459052801132202,0.08357355743646622,0.9779831767082214
0.9839907288551331,-0.027332931756973267,0.17589573562145233,0.039306532591581345,0.9970744252204895,-0.07060962170362473,-0.17394746840000153,0.0765315443277359,0.9786068201065063
0.9846795797348022,-0.028372788801789284,0.17483443021774292,0.040141284465789795,0.996905505657196,-0.07107958197593689,-0.17353703081607819,0.0777529925107956,0.9806502461433411
0.9843877553939819,-0.028056783601641655,0.17753921449184418,0.0390978641808033,0.997252345085144,-0.06394228339195251,-0.17830653488636017,0.07089913636445999,0.9818831086158752
0.9840208888053894,-0.029247520491480827,0.18146806955337524,0.03906610608100891,0.997748076915741,-0.05322478711605072,-0.18291911482810974,0.06000768020749092,0.9820467233657837
0.984279215335846,-0.009826254099607468,0.18297536671161652,0.02107965014874935,0.9978252649307251,-0.060808613896369934,-0.18433500826358795,0.06344360113143921,0.9808968305587769
0.9902195930480957,0.009086539037525654,0.14078281819820404,-0.027846461161971092,0.9908693432807922,0.13206930458545685,-0.13940243422985077,-0.13497895002365112,0.9804512858390808
0.9902504086494446,0.008905608206987381,0.1413201540708542,-0.027811957523226738,0.9909600019454956,0.13157667219638824,-0.13931843638420105,-0.13496316969394684,0.9800720810890198
0.9901982545852661,0.008749719709157944,0.14199189841747284,-0.02785194292664528,0.9910974502563477,0.13107863068580627,-0.1392243206501007,-0.13505393266677856,0.979762613773346
0.9901508092880249,0.008684677071869373,0.1427951157093048,-0.027692873030900955,0.9910948276519775,0.13069476187229156,-0.1389356255531311,-0.1352962702512741,0.9798085689544678
0.9901267290115356,0.008477717638015747,0.14377914369106293,-0.02755356766283512,0.990880012512207,0.13056936860084534,-0.1387440413236618,-0.13572710752487183,0.9804102778434753
0.9898483157157898,0.008350602351129055,0.1446300745010376,-0.02828882820904255,0.9910694360733032,0.1298389732837677,-0.13916441798210144,-0.13636624813079834,0.9807605147361755
1.0022231340408325,0.02745017036795616,0.050222136080265045,-0.016511980444192886,0.9829641580581665,-0.1892082244157791,-0.05630666762590408,0.18436753749847412,0.9743966460227966
0.9984316229820251,0.01822482980787754,0.07789205759763718,-0.004403398372232914,0.9851480722427368,-0.18605463206768036,-0.07269587367773056,0.17024806141853333,0.9686691761016846
0.9920786619186401,0.022779764607548714,0.09163368493318558,0.0008151978254318237,0.9823300242424011,-0.17729797959327698,-0.08040546625852585,0.16593164205551147,0.9749994277954102
0.9963119626045227,0.011578145436942577,0.091717928647995,0.005861722398549318,0.9848605990409851,-0.1739560067653656,-0.08917953819036484,0.17332372069358826,0.9799928665161133
0.9950019121170044,0.002788122510537505,0.09297827631235123,0.013961970806121826,0.9850319027900696,-0.17265838384628296,-0.08744020015001297,0.1734994798898697,0.9816740155220032
0.9944218993186951,-0.02311314269900322,0.09787307679653168,0.03968370705842972,0.9852637648582458,-0.16590583324432373,-0.0932643860578537,0.17012833058834076,0.9811436533927917
0.9976730942726135,0.05201287567615509,-0.0719289630651474,-0.06322351843118668,0.9830140471458435,-0.17388886213302612,0.05899523198604584,0.1763640195131302,0.9769030809402466
0.9853558540344238,-0.02031880058348179,-0.17218759655952454,0.035297613590955734,0.9957513213157654,0.08670347183942795,0.16770713031291962,-0.09366711974143982,0.9795725345611572
0.9842706322669983,-0.005066045559942722,0.17319487035274506,0.019260581582784653,0.9957866072654724,-0.08833824098110199,-0.17117956280708313,0.09157346189022064,0.9800942540168762
0.984814465045929,-0.00847767572849989,0.17238308489322662,0.023949986323714256,0.9958016276359558,-0.08880269527435303,-0.1721828132867813,0.09134270995855331,0.9795932769775391
0.9845284223556519,-0.017228342592716217,0.17503568530082703,0.03177778422832489,0.9963266849517822,-0.08107081055641174,-0.17296811938285828,0.08525989949703217,0.9791435599327087
0.983873724937439,-0.025569042190909386,0.1758483201265335,0.03867074102163315,0.9967014789581299,-0.07518662512302399,-0.17322750389575958,0.08113724738359451,0.9803861379623413
0.9842891097068787,-0.030317159369587898,0.17411501705646515,0.04320207238197327,0.9966389536857605,-0.07525601983070374,-0.17273062467575073,0.08239678293466568,0.9814258813858032
0.9849326014518738,-0.02915920317173004,0.17291054129600525,0.04232097789645195,0.996522068977356,-0.07766830921173096,-0.1723601073026657,0.084687240421772,0.9816753268241882
0.9850908517837524,-0.012093204073607922,0.17638273537158966,0.02502281591296196,0.9970492720603943,-0.07672463357448578,-0.1770871877670288,0.08038412779569626,0.9812242984771729
0.9850710034370422,0.04279084876179695,0.1717856228351593,-0.02961062453687191,0.996295154094696,-0.08288189023733139,-0.17592662572860718,0.0765366479754448,0.9815536141395569
0.9900710582733154,0.008807232603430748,0.14108934998512268,-0.027834473177790642,0.9909324645996094,0.13217706978321075,-0.1394580453634262,-0.13535726070404053,0.9808737635612488
0.9901230931282043,0.008779250085353851,0.14141716063022614,-0.02780785597860813,0.9909988045692444,0.13172030448913574,-0.1394525170326233,-0.13529354333877563,0.9804395437240601
0.9901372194290161,0.008723503910005093,0.14192168414592743,-0.027801549062132835,0.9910483956336975,0.13128544390201569,-0.13935333490371704,-0.13524621725082397,0.9799864292144775
0.9901527166366577,0.008600087836384773,0.1426267921924591,-0.02777191996574402,0.9911569952964783,0.13089868426322937,-0.13920536637306213,-0.13530674576759338,0.9796589016914368
0.9900248050689697,0.00845979806035757,0.14342059195041656,-0.027658265084028244,0.9912850260734558,0.13068079948425293,-0.13903719186782837,-0.13559406995773315,0.9795706272125244
0.9901114106178284,0.008607608266174793,0.14447355270385742,-0.02780742011964321,0.9916862845420837,0.13054592907428741,-0.13890494406223297,-0.13535985350608826,0.9798638224601746
1.000638484954834,0.014665104448795319,0.06883818656206131,-0.00047687534242868423,0.9835244417190552,-0.1845223605632782,-0.06534398347139359,0.18257801234722137,0.9794198870658875
0.9978265762329102,0.024605566635727882,0.08129733800888062,-0.008681101724505424,0.9841310381889343,-0.18295587599277496,-0.08037939667701721,0.17515945434570312,0.9770933389663696
0.9923295378684998,0.029188714921474457,0.09627145528793335,-0.0067260186187922955,0.9839876294136047,-0.1734437793493271,-0.09324689954519272,0.16511847078800201,0.9778620004653931
0.9965894818305969,0.015767347067594528,0.09511495381593704,0.0011765813687816262,0.985386073589325,-0.1722879558801651,-0.0936916247010231,0.17071963846683502,0.9795421957969666
0.9953546524047852,0.009338831529021263,0.09912554919719696,0.008293638937175274,0.985662043094635,-0.17056019604206085,-0.0944506824016571,0.1700804978609085,0.9808652400970459
0.9931526184082031,-0.021890252828598022,0.09862011671066284,0.03846130892634392,0.9859763979911804,-0.16695962846279144,-0.09185867011547089,0.16979828476905823,0.9820169806480408
0.9945891499519348,0.0061819786205887794,-0.1095542162656784,0.01173590961843729,0.9868748784065247,0.16198880970478058,0.11141938716173172,-0.16200421750545502,0.9775222539901733
0.996107816696167,0.046191975474357605,-0.10425598919391632,-0.06309514492750168,0.9862768650054932,-0.15843741595745087,0.08877414464950562,0.1651468425989151,0.9683592915534973
0.9876647591590881,-0.01604851521551609,0.1552455723285675,-0.00048218757729046047,0.9940310120582581,0.11292910575866699,-0.14807568490505219,-0.11622989922761917,0.968601405620575
0.9932692050933838,0.01782926544547081,-0.11429233849048615,-0.03519440069794655,0.9874967932701111,-0.15611004829406738,0.10652952641248703,0.1597336083650589,0.9794764518737793
0.984740674495697,-0.009528365917503834,0.16866977512836456,0.024887211620807648,0.9950557351112366,-0.0964946299791336,-0.16628870368003845,0.10000839084386826,0.9802343845367432
0.9859803915023804,-0.012911568395793438,0.16633418202400208,0.02985169179737568,0.994842529296875,-0.09908431768417358,-0.16525079309940338,0.10237768292427063,0.9795129299163818
0.9855038523674011,-0.021093539893627167,0.16904348134994507,0.03710698336362839,0.9952755570411682,-0.09260882437229156,-0.1655096411705017,0.09758169949054718,0.9797117710113525
0.9844637513160706,0.028328873217105865,0.17126818001270294,-0.043077271431684494,0.9958096146583557,0.08530227839946747,-0.168143168091774,-0.09142841398715973,0.9808641672134399
0.9851822257041931,0.027801869437098503,0.1690123975276947,-0.042899198830127716,0.9956227540969849,0.08891544491052628,-0.16687479615211487,-0.0946967676281929,0.9811557531356812
0.9866528511047363,-0.029452817514538765,0.16206593811511993,0.045710496604442596,0.9944790005683899,-0.0999545156955719,-0.15949410200119019,0.10585920512676239,0.9814141988754272
0.9859246015548706,-0.008044353686273098,0.17046113312244415,0.02354893833398819,0.99582439661026,-0.09184528142213821,-0.17014090716838837,0.09427831321954727,0.9810468554496765
0.9901739358901978,0.008816390298306942,0.14085277915000916,-0.027685122564435005,0.9909828901290894,0.13271228969097137,-0.1394360214471817,-0.13551172614097595,0.9811961650848389
0.9900625348091125,0.008692271076142788,0.14110414683818817,-0.027827749028801918,0.9909178018569946,0.1323743611574173,-0.13948564231395721,-0.13545876741409302,0.9808831810951233
0.9900849461555481,0.008700849488377571,0.14137676358222961,-0.027820700779557228,0.9909803867340088,0.13192646205425262,-0.13946324586868286,-0.13542068004608154,0.9804264903068542
0.990138053894043,0.008694817312061787,0.141836017370224,-0.027785513550043106,0.9910560250282288,0.13151194155216217,-0.13938464224338531,-0.13536857068538666,0.9799323678016663
0.9901303648948669,0.008709955960512161,0.14249874651432037,-0.027724219486117363,0.9911267161369324,0.1312183439731598,-0.13926440477371216,-0.13529856503009796,0.9795050621032715
0.9900789260864258,0.008734418079257011,0.1433156579732895,-0.02763749659061432,0.991191029548645,0.1311475932598114,-0.13914255797863007,-0.135172501206398,0.9792221188545227
0.9902737736701965,0.008614071644842625,0.14461730420589447,-0.027483930811285973,0.9912200570106506,0.1314231902360916,-0.13863296806812286,-0.13537435233592987,0.9796146750450134
0.9900884032249451,0.00833932962268591,0.14624331891536713,-0.028010033071041107,0.9915196895599365,0.13145481050014496,-0.13874223828315735,-0.13566827774047852,0.98048335313797
0.9976518750190735,0.03873083367943764,0.0726073831319809,-0.025554373860359192,0.9824482202529907,-0.18328247964382172,-0.07372502982616425,0.17761363089084625,0.9806297421455383
0.9927231669425964,0.039674799889326096,0.09551586210727692,-0.021159011870622635,0.9834821820259094,-0.1722119152545929,-0.09724270552396774,0.16491134464740753,0.9803226590156555
0.9961609840393066,0.02366054058074951,0.09757447987794876,-0.006756632123142481,0.9854607582092285,-0.171897754073143,-0.09737665951251984,0.16747784614562988,0.9798527956008911
0.995261549949646,0.016832973808050156,0.10374829173088074,0.0012878787238150835,0.9860920906066895,-0.16941659152507782,-0.10010472685098648,0.16682378947734833,0.980337381362915
0.9928795695304871,0.01520929578691721,0.10554813593626022,0.0032453008461743593,0.9860953688621521,-0.16710318624973297,-0.102267786860466,0.165540874004364,0.9818248152732849
0.9939051270484924,-0.02094864472746849,0.10954055935144424,0.03837333992123604,0.9866705536842346,-0.1604665070772171,-0.10614915937185287,0.16409380733966827,0.9787083268165588
0.9936054348945618,0.03621246665716171,0.13118663430213928,-0.054618049412965775,0.9896694421768188,0.1450185775756836,-0.1169370785355568,-0.14875979721546173,0.9711534380912781
0.9898092746734619,-0.01689709536731243,0.14871014654636383,-0.001189202070236206,0.9928220510482788,0.11998076736927032,-0.1460275799036026,-0.12119806557893753,0.9704782962799072
0.9918363690376282,0.015397285111248493,-0.12531322240829468,-0.033648766577243805,0.9887145161628723,-0.14798001945018768,0.11743562668561935,0.1512172669172287,0.9793062806129456
0.986049234867096,0.005937601905316114,-0.16023939847946167,-0.02320532687008381,0.9937950372695923,-0.11076075583696365,0.15833260118961334,0.11295817047357559,0.9802764058113098
0.9873601198196411,-0.007893957197666168,0.15891072154045105,0.025979310274124146,0.9936376810073853,-0.11177561432123184,-0.1579608917236328,0.11369438469409943,0.979411780834198
0.9869350790977478,-0.017721017822623253,0.16037271916866302,0.03532540053129196,0.9938033223152161,-0.10821681469678879,-0.1566849797964096,0.11182433366775513,0.9797406792640686
0.9861130118370056,-0.02224254235625267,0.1624734103679657,0.039236124604940414,0.9941878318786621,-0.10353289544582367,-0.15936122834682465,0.10770608484745026,0.9806504845619202
0.9875248670578003,0.004908449482172728,0.15745924413204193,0.013079013675451279,0.9934633374214172,-0.11490659415721893,-0.15785899758338928,0.11427728831768036,0.9806862473487854
0.989506721496582,-0.04155733063817024,-0.1401643306016922,0.023349206894636154,0.9909366965293884,-0.13137201964855194,0.14543941617012024,0.12582029402256012,0.9817352890968323
0.9898905158042908,-0.07993202656507492,-0.12087927758693695,0.06402214616537094,0.9886646270751953,-0.13486424088478088,0.13126768171787262,0.12547607719898224,0.983830451965332
0.9900606274604797,0.008638840168714523,0.140874981880188,-0.027838822454214096,0.9909195303916931,0.13310636579990387,-0.1394059807062149,-0.13552793860435486,0.9810484051704407
0.9900322556495667,0.008646485395729542,0.14099805057048798,-0.027832549065351486,0.9909634590148926,0.1326836347579956,-0.1394849270582199,-0.1354980617761612,0.9807305335998535
0.9901106953620911,0.00863367598503828,0.14123547077178955,-0.02783646434545517,0.9910247921943665,0.13223762810230255,-0.13947099447250366,-0.13544826209545135,0.9802337288856506
0.9901614785194397,0.008645005524158478,0.14170624315738678,-0.02778494730591774,0.9910691976547241,0.131829634308815,-0.1393774300813675,-0.13539725542068481,0.9796966314315796
0.9902130961418152,0.008650433272123337,0.14245766401290894,-0.027728814631700516,0.9910994172096252,0.13155163824558258,-0.13921259343624115,-0.13532859086990356,0.9792868494987488
0.9901594519615173,0.008684888482093811,0.14345134794712067,-0.027642954140901566,0.991080105304718,0.13149452209472656,-0.13899628818035126,-0.13520503044128418,0.9791973233222961
0.9900904893875122,0.008471605367958546,0.14461903274059296,-0.027569927275180817,0.9909711480140686,0.13171109557151794,-0.13886584341526031,-0.135125070810318,0.9794813394546509
0.9899076819419861,0.008072606287896633,0.1458372175693512,-0.02773982845246792,0.9908767342567444,0.13197095692157745,-0.13899904489517212,-0.1355336457490921,0.9797695279121399
0.9897789359092712,0.00761957885697484,0.14714886248111725,-0.027461083605885506,0.9905853271484375,0.1325293928384781,-0.13916340470314026,-0.1359298825263977,0.9798750877380371
0.992927610874176,-0.03554370626807213,0.10991832613945007,0.016986003145575523,0.9857253432273865,0.16418898105621338,-0.1094658225774765,-0.15945784747600555,0.9796048402786255
0.9947996735572815,-0.023255595937371254,0.10885503888130188,0.005567359272390604,0.9859099984169006,0.1668841689825058,-0.10693034529685974,-0.16230516135692596,0.9798004627227783
0.9942486882209778,-0.01670941337943077,0.11372195184230804,-0.0019771973602473736,0.986741304397583,0.16513796150684357,-0.10909133404493332,-0.16109542548656464,0.9801239967346191
0.9921965003013611,-0.016221314668655396,0.11425106972455978,-0.004115167073905468,0.986862301826477,0.1629883497953415,-0.10958980023860931,-0.16042043268680573,0.9817096590995789
0.9929545521736145,-0.017823588103055954,0.11984985321760178,0.036089710891246796,0.9875480532646179,-0.15511050820350647,-0.11600517481565475,0.1580544114112854,0.9787256121635437
0.9902456402778625,0.025497794151306152,-0.15426990389823914,-0.044005993753671646,0.9922488331794739,-0.1273728311061859,0.14176008105278015,0.12889689207077026,0.9719882607460022
0.9916589260101318,-0.01668521761894226,0.14161092042922974,-0.0015561950858682394,0.9922488331794739,0.1268150359392166,-0.14287801086902618,-0.1276749223470688,0.9723559617996216
0.9912083148956299,0.0049325875006616116,-0.1325560361146927,-0.02360008843243122,0.989739179611206,-0.1428980529308319,0.12643450498580933,0.14439859986305237,0.9789775609970093
0.987486720085144,0.011885502375662327,-0.15125931799411774,-0.03017522022128105,0.9922599196434021,-0.12201002985239029,0.14884121716022491,0.1246970072388649,0.9804181456565857
0.988685667514801,0.013838132843375206,-0.15003560483455658,-0.03260013461112976,0.9922020435333252,-0.12270890176296234,0.14817975461483002,0.125291109085083,0.9794356226921082
0.9891228079795837,-0.02447967790067196,0.1452169120311737,0.0431186780333519,0.9913337826728821,-0.1265014261007309,-0.14030535519123077,0.13042928278446198,0.9798311591148376
0.9882200360298157,-0.028515662997961044,0.14837490022182465,0.046806782484054565,0.9917927384376526,-0.1215439960360527,-0.14388413727283478,0.12581342458724976,0.9807753562927246
0.9899756908416748,-0.017165780067443848,-0.14028209447860718,-0.0018119331216439605,0.9904994964599609,-0.1357317864894867,0.1423642933368683,0.13301494717597961,0.9810070991516113
0.9917047619819641,-0.0190837774425745,-0.1290270984172821,0.00010789046064019203,0.9889500737190247,-0.14590711891651154,0.13190080225467682,0.14357128739356995,0.9813381433486938
0.9924947023391724,-0.06225749850273132,-0.11013507097959518,0.045855194330215454,0.9870212078094482,-0.15146328508853912,0.11967718601226807,0.14496725797653198,0.9827063083648682
0.9901300072669983,0.008498331531882286,0.14066049456596375,-0.02793792635202408,0.9909046292304993,0.1335562765598297,-0.13940633833408356,-0.13549235463142395,0.9808698892593384
0.9900140762329102,0.008536659181118011,0.14076641201972961,-0.02780461497604847,0.9909462928771973,0.13310979306697845,-0.13943150639533997,-0.1354038417339325,0.9806051850318909
0.9901352524757385,0.008531391620635986,0.1409357637166977,-0.0278693325817585,0.9910345077514648,0.13269934058189392,-0.13952283561229706,-0.13532982766628265,0.9800900816917419
0.9902346730232239,0.008522902615368366,0.14142456650733948,-0.027819709852337837,0.9910810589790344,0.13226625323295593,-0.1393989622592926,-0.13531287014484406,0.979450523853302
