20.471250534057617,4.342379927635193,0.6203399896621704,0.9910997748374939,0.04464826360344887,0.13344521820545197,-0.02906882017850876,0.9929186701774597,-0.10883431136608124,-0.13408495485782623,0.09655763953924179,0.9729981422424316
21.711899757385254,4.342379927635193,0.6203399896621704,0.9927283525466919,0.04453018680214882,0.1270756870508194,-0.02951836585998535,0.9932005405426025,-0.11468900740146637,-0.1325535774230957,0.10519003123044968,0.9763650298118591
22.952549934387207,4.342379927635193,0.6203399896621704,0.9945766925811768,0.04458132013678551,0.11606898158788681,-0.0299172755330801,0.9913396239280701,-0.12558703124523163,-0.12233179062604904,0.11762779951095581,0.9760075211524963
24.19325065612793,4.342379927635193,0.6203399896621704,0.996425449848175,0.045823827385902405,0.10180199146270752,-0.032746583223342896,0.9895445108413696,-0.13635091483592987,-0.10665111988782883,0.13076849281787872,0.972575843334198
25.433950424194336,4.342379927635193,0.6203399896621704,0.9972684979438782,0.046568870544433594,0.09382995218038559,-0.03353659808635712,0.9902725219726562,-0.1430741846561432,-0.09505172818899155,0.13503360748291016,0.9679891467094421
26.674650192260742,4.342379927635193,0.6203399896621704,0.9973171949386597,0.048199612647295,0.08269387483596802,-0.032523222267627716,0.9883933067321777,-0.15316654741764069,-0.0747879147529602,0.1432056874036789,0.9576653838157654
15.50849962234497,5.583060026168823,0.6203399896621704,0.9913597702980042,0.009548235684633255,0.13481232523918152,-0.026932869106531143,0.9939801096916199,0.1151551827788353,-0.11826428025960922,-0.10662209242582321,0.969768762588501
16.749149322509766,5.583060026168823,0.6203399896621704,0.9871365427970886,0.032512471079826355,0.16716992855072021,-0.024547278881072998,0.9994097352027893,-0.04946601763367653,-0.1661139279603958,0.03705952316522598,0.9780030250549316
17.98985004425049,5.583060026168823,0.6203399896621704,0.9879266023635864,0.03945111110806465,0.15690012276172638,-0.027225609868764877,0.996590793132782,-0.07902251929044724,-0.15720027685165405,0.06761004775762558,0.982345700263977
19.23055076599121,5.583060026168823,0.6203399896621704,0.9849992990493774,0.005517992656677961,0.17110198736190796,-0.015261457301676273,0.9991301894187927,0.05161401256918907,-0.1665111780166626,-0.049965061247348785,0.9836844205856323
20.471250534057617,5.583060026168823,0.6203399896621704,0.9857944250106812,0.0026645087637007236,0.1661660075187683,-0.013703668490052223,0.9980724453926086,0.06314413249492645,-0.1631808876991272,-0.06196253374218941,0.9845707416534424
21.711899757385254,5.583060026168823,0.6203399896621704,0.9850267767906189,0.0035193816293030977,0.16969890892505646,-0.012457459233701229,0.9987547397613525,0.0506034791469574,-0.16724753379821777,-0.049832891672849655,0.9848273396492004
22.952549934387207,5.583060026168823,0.6203399896621704,0.9847372174263,0.002984362654387951,-0.17059311270713806,-0.011231034994125366,0.9988181591033936,-0.046449217945337296,0.16837631165981293,0.046449482440948486,0.9850444793701172
24.19325065612793,5.583060026168823,0.6203399896621704,0.9857781529426575,0.0017363715451210737,-0.16457799077033997,-0.012568567879498005,0.9975112676620483,-0.06501461565494537,0.16140832006931305,0.06609021127223969,0.9849420785903931
25.433950424194336,5.583060026168823,0.6203399896621704,0.995252251625061,0.015917809680104256,-0.09386450052261353,-0.0012686022091656923,0.9883269667625427,0.15051862597465515,0.09149020165205002,-0.14820636808872223,0.9843682050704956
26.674650192260742,5.583060026168823,0.6203399896621704,0.9920660853385925,0.023395681753754616,0.13219353556632996,-0.007736164145171642,0.9926449060440063,-0.11730457097291946,-0.13066864013671875,0.1156107634305954,0.9826772212982178
27.915300369262695,5.583060026168823,0.6203399896621704,0.9894664883613586,0.007269213907420635,0.15492404997348785,0.00694519467651844,0.9961468577384949,-0.08389049768447876,-0.1531337946653366,0.08697918802499771,0.9805683493614197
29.15595054626465,5.583060026168823,0.6203399896621704,0.9992002844810486,0.049899183213710785,0.06865677237510681,-0.03963864967226982,0.988204836845398,-0.15471123158931732,-0.07602023333311081,0.15163937211036682,0.9761040806770325
30.396650314331055,5.583060026168823,0.6203399896621704,1.0003608465194702,0.048783496022224426,0.057519927620887756,-0.0391780249774456,0.9871367812156677,-0.16015778481960297,-0.06146348640322685,0.15439315140247345,0.9668470025062561
14.267849922180176,6.823740005493164,0.6203399896621704,0.9891065955162048,0.0073142461478710175,0.1348225474357605,-0.02699817530810833,0.9918299317359924,0.11713437736034393,-0.1211492270231247,-0.11382200568914413,0.9772956371307373
15.50849962234497,6.823740005493164,0.6203399896621704,1.0008506774902344,-0.011176842264831066,-0.0032100393436849117,0.011120387353003025,0.9845298528671265,-0.1773110032081604,0.0025086686946451664,0.17448489367961884,0.9818807244300842
16.749149322509766,6.823740005493164,0.6203399896621704,0.9840424060821533,0.002654197160154581,0.17630107700824738,-0.006724927574396133,1.000287652015686,0.02398381382226944,-0.17370133101940155,-0.02119692973792553,0.9842734336853027
17.98985004425049,6.823740005493164,0.6203399896621704,0.9838148355484009,0.002822903683409095,0.17461146414279938,-0.00834233034402132,1.0001037120819092,0.032561443746089935,-0.17413252592086792,-0.02978578396141529,0.985576331615448
19.23055076599121,6.823740005493164,0.6203399896621704,0.9834956526756287,0.0043587759137153625,0.17272330820560455,-0.011640277691185474,1.0004432201385498,0.03798907995223999,-0.17425942420959473,-0.03476598113775253,0.9859331846237183
20.471250534057617,6.823740005493164,0.6203399896621704,0.9843533039093018,-0.04674208164215088,0.16301000118255615,0.038789764046669006,0.9975570440292358,0.05274607613682747,-0.16875651478767395,-0.04250168427824974,0.9877276420593262
21.711899757385254,6.823740005493164,0.6203399896621704,0.984526515007019,-0.04938416928052902,0.16433590650558472,0.042821016162633896,0.9977455735206604,0.0434810072183609,-0.17019541561603546,-0.031916651874780655,0.9873482584953308
22.952549934387207,6.823740005493164,0.6203399896621704,0.9849728345870972,-0.052458953112363815,-0.1632603108882904,0.04631654545664787,0.9973494410514832,-0.043581098318099976,0.169357031583786,0.03204537555575371,0.987492024898529
24.19325065612793,6.823740005493164,0.6203399896621704,0.985903799533844,-0.05355948582291603,-0.15680253505706787,0.04520486295223236,0.9961510300636292,-0.06367874890565872,0.16353389620780945,0.05350681394338608,0.9878029823303223
25.433950424194336,6.823740005493164,0.6203399896621704,0.9885994791984558,0.04658638313412666,0.13437500596046448,-0.03388755023479462,0.993302047252655,-0.10744079202413559,-0.14141562581062317,0.10109636932611465,0.9877927303314209
26.674650192260742,6.823740005493164,0.6203399896621704,0.9919115900993347,0.04455772414803505,-0.10093896836042404,-0.030795104801654816,0.989561915397644,0.14056427776813507,0.10690104961395264,-0.13688600063323975,0.9875658750534058
27.915300369262695,6.823740005493164,0.6203399896621704,0.9958159923553467,-0.04184260591864586,-0.06577551364898682,0.029389547184109688,0.9861773252487183,-0.16049940884113312,0.07053826749324799,0.15742351114749908,0.987029492855072
29.15595054626465,6.823740005493164,0.6203399896621704,0.9980059266090393,-0.02812579646706581,-0.04908858612179756,0.018951306119561195,0.9850816130638123,-0.16822023689746857,0.050391051918268204,0.16599616408348083,0.9857301712036133
30.396650314331055,6.823740005493164,0.6203399896621704,0.999657928943634,-0.02672569453716278,-0.03432030603289604,0.02105320617556572,0.9845538139343262,-0.1719735562801361,0.034162797033786774,0.17003688216209412,0.9832718968391418
31.637351036071777,6.823740005493164,0.6203399896621704,1.0012781620025635,-0.033056989312171936,0.012820904143154621,0.031149020418524742,0.9849860668182373,0.17375901341438293,-0.015456616878509521,-0.17101703584194183,0.9791974425315857
32.8780517578125,6.823740005493164,0.6203399896621704,1.0009821653366089,0.04850562661886215,0.03404365852475166,-0.04272366687655449,0.9863528609275818,-0.1665870100259781,-0.04177410155534744,0.16260001063346863,0.9728653430938721
14.267849922180176,8.064419984817505,0.6203399896621704,0.9999231100082397,-0.02140991762280464,0.03486679866909981,0.015499016270041466,0.9847704768180847,0.17263686656951904,-0.03524141013622284,-0.1715879887342453,0.9827793836593628
15.50849962234497,8.064419984817505,0.6203399896621704,0.9839131236076355,0.007566394750028849,0.1767999678850174,-0.0052970582619309425,1.0006130933761597,-0.011227868497371674,-0.17569740116596222,0.01391435693949461,0.9844925403594971
16.749149322509766,8.064419984817505,0.6203399896621704,0.9834876656532288,-0.024686437100172043,0.1752891093492508,0.02462560310959816,1.0001095533370972,0.002294660545885563,-0.17602375149726868,0.0053404816426336765,0.9863963723182678
17.98985004425049,8.064419984817505,0.6203399896621704,0.9836612343788147,-0.03677918389439583,0.1717219054698944,0.034142594784498215,0.9993250370025635,0.01675949990749359,-0.175043523311615,-0.007883080281317234,0.986134946346283
19.23055076599121,8.064419984817505,0.6203399896621704,0.9837619662284851,-0.04304680973291397,0.16885405778884888,0.039933156222105026,0.9992627501487732,0.0207980927079916,-0.17329978942871094,-0.010626891627907753,0.985659122467041
20.471250534057617,8.064419984817505,0.6203399896621704,0.9842954277992249,-0.04494089633226395,0.16622351109981537,0.040249284356832504,0.9990949034690857,0.031271059066057205,-0.17142139375209808,-0.02174201048910618,0.9851143956184387
21.711899757385254,8.064419984817505,0.6203399896621704,0.9847020506858826,-0.04902171716094017,0.16504885256290436,0.04469333216547966,0.9986172318458557,0.03214964270591736,-0.16908201575279236,-0.02245144546031952,0.9851698875427246
22.952549934387207,8.064419984817505,0.6203399896621704,0.9846559166908264,-0.05196763202548027,-0.16450145840644836,0.047438859939575195,0.9987025856971741,-0.03200341388583183,0.1682083010673523,0.02220463939011097,0.9855186939239502
24.19325065612793,8.064419984817505,0.6203399896621704,0.9855719804763794,-0.053325340151786804,-0.1589643806219101,0.04512603580951691,0.9980184435844421,-0.054152507334947586,0.16405242681503296,0.04471217840909958,0.9858309626579285
25.433950424194336,8.064419984817505,0.6203399896621704,0.9896007776260376,0.04732157662510872,0.13283944129943848,-0.032092783600091934,0.9942899942398071,-0.10669982433319092,-0.14183616638183594,0.10018222033977509,0.9855453968048096
26.674650192260742,8.064419984817505,0.6203399896621704,0.9933971166610718,0.04401136562228203,-0.09852921217679977,-0.02973989024758339,0.9899280667304993,0.14018262922763824,0.10995553433895111,-0.13602738082408905,0.9858632683753967
27.915300369262695,8.064419984817505,0.6203399896621704,0.9963845610618591,-0.03852834552526474,-0.0631612092256546,0.028208108618855476,0.986640214920044,-0.16049636900424957,0.07493462413549423,0.1592409461736679,0.9865791201591492
29.15595054626465,8.064419984817505,0.6203399896621704,0.9973183274269104,-0.024117643013596535,-0.048418279737234116,0.016320912167429924,0.9855982661247253,-0.16764259338378906,0.057452235370874405,0.16889849305152893,0.9865349531173706
30.396650314331055,8.064419984817505,0.6203399896621704,0.997759997844696,-0.020484428852796555,-0.027281463146209717,0.014040780253708363,0.9849928021430969,-0.1730152666568756,0.03309888020157814,0.1745462864637375,0.9865868091583252
31.637351036071777,8.064419984817505,0.6203399896621704,0.9990099668502808,-0.026462532579898834,-0.011823754757642746,0.022331858053803444,0.9836861491203308,-0.17475105822086334,0.014945418573915958,0.1733516901731491,0.9866260886192322
32.8780517578125,8.064419984817505,0.6203399896621704,0.9998973608016968,-0.022596487775444984,0.015443991869688034,0.025294074788689613,0.9841201901435852,-0.17463625967502594,-0.014417016878724098,0.17320211231708527,0.9842904806137085
34.11870002746582,8.064419984817505,0.6203399896621704,0.9850687384605408,0.0001165133435279131,-0.17424997687339783,-0.00443599559366703,1.000759243965149,-0.028054511174559593,0.17392216622829437,0.024565186351537704,0.9799567461013794
35.35934829711914,8.064419984817505,0.6203399896621704,1.0008529424667358,0.04837753623723984,0.0041249534115195274,-0.04723278060555458,0.9849548935890198,-0.16946421563625336,-0.014676039107143879,0.1671939492225647,0.9743447303771973
14.267849922180176,9.305099964141846,0.6203399896621704,0.9842841029167175,-0.03457833081483841,-0.1716693639755249,0.03798314183950424,0.9988123178482056,0.020950231701135635,0.170912966132164,-0.030059760436415672,0.9854862093925476
15.50849962234497,9.305099964141846,0.6203399896621704,0.984224259853363,0.0021826140582561493,0.17502222955226898,0.0013919349294155836,1.0001455545425415,-0.024126756936311722,-0.17509877681732178,0.026568589732050896,0.9847478270530701
16.749149322509766,9.305099964141846,0.6203399896621704,0.9840207099914551,-0.02282652072608471,0.1739862710237503,0.025179123505949974,0.9999985694885254,-0.014265204779803753,-0.17587484419345856,0.01989116705954075,0.984609067440033
17.98985004425049,9.305099964141846,0.6203399896621704,0.9831664562225342,-0.035887107253074646,0.17052797973155975,0.03811376914381981,0.999668300151825,-0.008036208339035511,-0.17361409962177277,0.01672443374991417,0.9835307598114014
19.23055076599121,9.305099964141846,0.6203399896621704,0.9835374355316162,-0.03907112032175064,0.16796313226222992,0.041385892778635025,0.9988647699356079,-0.006164700258523226,-0.17154118418693542,0.015171092934906483,0.9835885167121887
20.471250534057617,9.305099964141846,0.6203399896621704,0.9839377403259277,-0.03748372942209244,0.16746613383293152,0.039551857858896255,0.9995811581611633,0.00309637188911438,-0.1730974018573761,0.005470616742968559,0.9832994341850281
21.711899757385254,9.305099964141846,0.6203399896621704,0.9847336411476135,-0.04054166376590729,0.16688142716884613,0.041197456419467926,0.9986889362335205,0.00807889923453331,-0.17203736305236816,0.0014058719389140606,0.9838866591453552
22.952549934387207,9.305099964141846,0.6203399896621704,0.98365318775177,-0.04053919017314911,0.1663782298564911,0.04188954830169678,0.999612033367157,0.003056521061807871,-0.1729423999786377,0.005033080466091633,0.9838380813598633
24.19325065612793,9.305099964141846,0.6203399896621704,0.9853253960609436,-0.0448060967028141,0.16168683767318726,0.04033895954489708,0.9996443390846252,0.04136504977941513,-0.16935651004314423,-0.033913858234882355,0.9831172823905945
25.433950424194336,9.305099964141846,0.6203399896621704,0.9900256395339966,0.0360921211540699,0.13688188791275024,-0.020907476544380188,0.9957605004310608,-0.10231631994247437,-0.14392125606536865,0.09961026161909103,0.9828412532806396
26.674650192260742,9.305099964141846,0.6203399896621704,0.9957357048988342,0.03986039757728577,-0.09049904346466064,-0.02512292191386223,0.9899242520332336,0.14488746225833893,0.09920387715101242,-0.14324983954429626,0.9828997254371643
27.915300369262695,9.305099964141846,0.6203399896621704,0.9983499646186829,-0.0337994322180748,-0.05310823768377304,0.02406042255461216,0.9864508509635925,-0.1639285385608673,0.06225356459617615,0.16304901242256165,0.9832561612129211
29.15595054626465,9.305099964141846,0.6203399896621704,0.9991447925567627,-0.021876327693462372,-0.04440263658761978,0.013727366924285889,0.9855380654335022,-0.16869576275348663,0.05147414654493332,0.1684577763080597,0.9836288690567017
30.396650314331055,9.305099964141846,0.6203399896621704,0.9996422529220581,-0.017377037554979324,-0.01588122732937336,0.014143859036266804,0.9847153425216675,-0.17376011610031128,0.02449052780866623,0.1755782812833786,0.9841615557670593
31.637351036071777,9.305099964141846,0.6203399896621704,0.9987156391143799,-0.012412024661898613,0.0005542474682442844,0.011443095281720161,0.984566330909729,-0.17436163127422333,0.00973476655781269,0.17921601235866547,0.9842149019241333
32.8780517578125,9.305099964141846,0.6203399896621704,0.9974796175956726,-0.007104108110070229,0.028534987941384315,0.009419829584658146,0.9849075675010681,-0.17288166284561157,-0.020892666652798653,0.17711760103702545,0.9858614802360535
34.11870002746582,9.305099964141846,0.6203399896621704,0.9981814622879028,-0.030896233394742012,0.04961045831441879,0.037340447306632996,0.9844236373901367,-0.16650398075580597,-0.04374273493885994,0.16706186532974243,0.98762446641922
35.35934829711914,9.305099964141846,0.6203399896621704,0.9977899193763733,-0.02353268302977085,0.06858851760625839,0.03505760803818703,0.9861566424369812,-0.15999619662761688,-0.06529702246189117,0.1612519472837448,0.9838804006576538
36.60004997253418,9.305099964141846,0.6203399896621704,1.0003516674041748,0.04901214689016342,-0.010743523947894573,-0.050082430243492126,0.9847142696380615,-0.169020414352417,-0.0004151782486587763,0.16875405609607697,0.9786785244941711
13.02715015411377,10.545769691467285,0.6203399896621704,0.9874412417411804,-0.009225249290466309,-0.15839925408363342,-0.00358847645111382,0.9974236488342285,-0.07580690830945969,0.15725651383399963,0.07864049822092056,0.9833793044090271
14.267849922180176,10.545769691467285,0.6203399896621704,0.9853125214576721,-0.005556606221944094,0.16841349005699158,0.014038130640983582,0.9987758994102478,-0.05072097107768059,-0.1681632250547409,0.054791033267974854,0.9848870038986206
15.50849962234497,10.545769691467285,0.6203399896621704,0.9852840900421143,-0.009771052747964859,0.16873550415039062,0.017660969868302345,0.9988824725151062,-0.049363475292921066,-0.16901150345802307,0.05251085013151169,0.9848233461380005
16.749149322509766,10.545769691467285,0.6203399896621704,0.9840921759605408,-0.01483212225139141,0.17009903490543365,0.02183670923113823,0.9995127320289612,-0.03875025734305382,-0.1724277287721634,0.04157133400440216,0.9831600785255432
17.98985004425049,10.545769691467285,0.6203399896621704,0.9831159114837646,-0.02977043390274048,0.16709351539611816,0.035598110407590866,0.9995511174201965,-0.026459425687789917,-0.17120541632175446,0.03332267701625824,0.9814614057540894
19.23055076599121,10.545769691467285,0.6203399896621704,0.9854812026023865,-0.031888946890830994,0.16419056057929993,0.03787562996149063,0.998987078666687,-0.02946316823363304,-0.16791550815105438,0.03758040815591812,0.9828280806541443
20.471250534057617,10.545769691467285,0.6203399896621704,0.9861323833465576,-0.0301019549369812,0.1642192006111145,0.03601209819316864,1.000203251838684,-0.029659267514944077,-0.16950267553329468,0.03510645404458046,0.9838308691978455
21.711899757385254,10.545769691467285,0.6203399896621704,0.9866055846214294,-0.02636084146797657,0.1659921258687973,0.03038281574845314,0.9999646544456482,-0.02597665600478649,-0.1699564903974533,0.02958381175994873,0.9847512245178223
22.952549934387207,10.545769691467285,0.6203399896621704,0.9868628978729248,-0.023897724226117134,0.16431155800819397,0.029218610376119614,0.9996728301048279,-0.03696654364466667,-0.170878604054451,0.038683123886585236,0.9835478663444519
24.19325065612793,10.545769691467285,0.6203399896621704,0.9936644434928894,0.011412086896598339,0.12433518469333649,-0.024353105574846268,0.9939295053482056,0.11699977517127991,-0.128151074051857,-0.12051869928836823,0.9823664426803589
25.433950424194336,10.545769691467285,0.6203399896621704,0.9927242398262024,0.010882457718253136,0.1264331340789795,-0.025324370712041855,0.993208646774292,0.11733449995517731,-0.12668028473854065,-0.12076336145401001,0.982923686504364
26.674650192260742,10.545769691467285,0.6203399896621704,0.9922968745231628,0.01049563754349947,0.12768413126468658,-0.025663133710622787,0.9933710694313049,0.11664443463087082,-0.12812720239162445,-0.1205887570977211,0.9832531809806824
27.915300369262695,10.545769691467285,0.6203399896621704,0.9921551942825317,0.010063608177006245,0.12872692942619324,-0.025150766596198082,0.9934079647064209,0.11633485555648804,-0.12711505591869354,-0.12029111385345459,0.9836077094078064
29.15595054626465,10.545769691467285,0.6203399896621704,1.000520944595337,-0.008318702690303326,-0.029042745009064674,0.0028424763586372137,0.9852599501609802,-0.17242659628391266,0.032005675137043,0.17334823310375214,0.983894944190979
30.396650314331055,10.545769691467285,0.6203399896621704,1.001147985458374,-0.0035212761722505093,0.004756364971399307,0.004928740672767162,0.9839377999305725,-0.173665389418602,-0.0016424573259428144,0.17766213417053223,0.9819257855415344
31.637351036071777,10.545769691467285,0.6203399896621704,1.0019950866699219,-0.0023504369892179966,0.016623305156826973,0.0025580076035112143,0.9845401644706726,-0.1722830832004547,-0.009236734360456467,0.18144361674785614,0.9734475016593933
32.8780517578125,10.545769691467285,0.6203399896621704,0.9971104264259338,0.00016287242760881782,0.04435991123318672,0.004830323625355959,0.9874110817909241,-0.1703593134880066,-0.02541438862681389,0.17386223375797272,0.9754502177238464
34.11870002746582,10.545769691467285,0.6203399896621704,0.9950704574584961,0.0003820629499386996,0.06111512333154678,0.010507331229746342,0.9874666929244995,-0.1663474440574646,-0.05071910470724106,0.1716213822364807,0.9832196235656738
35.35934829711914,10.545769691467285,0.6203399896621704,0.9970006942749023,-0.027685770764946938,0.06773055344820023,0.03738686814904213,0.9859893321990967,-0.1597793698310852,-0.05933433026075363,0.16439266502857208,0.9878894090652466
36.60004997253418,10.545769691467285,0.6203399896621704,0.9969398975372314,-0.022149108350276947,0.07686711847782135,0.03424225002527237,0.9867925643920898,-0.15584120154380798,-0.07380758970975876,0.15904803574085236,0.9846229553222656
37.84075164794922,10.545769691467285,0.6203399896621704,0.9965424537658691,-0.021435052156448364,0.09519531577825546,0.03630467876791954,0.9887701272964478,-0.14737452566623688,-0.08892934769392014,0.14812053740024567,0.9788698554039001
13.02715015411377,11.786449909210205,0.6203399896621704,0.9968656301498413,-0.021381158381700516,0.0791572779417038,0.008096540346741676,0.9878323078155518,0.15580874681472778,-0.07983182370662689,-0.15719673037528992,0.9841697216033936
14.267849922180176,11.786449909210205,0.6203399896621704,0.9862518310546875,-0.011344489641487598,0.16329045593738556,0.021248944103717804,0.9977582097053528,-0.06289061903953552,-0.1631050705909729,0.06724415719509125,0.9851990938186646
15.50849962234497,11.786449909210205,0.6203399896621704,0.986038327217102,-0.006285893265157938,0.16425417363643646,0.0160842128098011,0.997872531414032,-0.06216452270746231,-0.16528990864753723,0.06377411633729935,0.9848807454109192
16.749149322509766,11.786449909210205,0.6203399896621704,0.9847941398620605,-0.01121020969003439,0.16582389175891876,0.020335467532277107,0.9987202286720276,-0.05226382240653038,-0.16860173642635345,0.05362851917743683,0.9834264516830444
17.98985004425049,11.786449909210205,0.6203399896621704,0.9851922392845154,-0.025895243510603905,0.1632133424282074,0.033021051436662674,0.9989778995513916,-0.04404013231396675,-0.16666832566261292,0.04821521416306496,0.9825608730316162
19.23055076599121,11.786449909210205,0.6203399896621704,0.9874601364135742,-0.02929994836449623,0.1604899913072586,0.03649599850177765,0.9982872009277344,-0.04639904946088791,-0.16340114176273346,0.051558248698711395,0.9847819209098816
20.471250534057617,11.786449909210205,0.6203399896621704,0.9872939586639404,-0.024982130154967308,0.16227388381958008,0.032242801040410995,0.998511552810669,-0.04277229681611061,-0.16747240722179413,0.04648049175739288,0.9869324564933777
21.711899757385254,11.786449909210205,0.6203399896621704,0.987822949886322,-0.013651802204549313,0.16513197124004364,0.01986648142337799,0.9986347556114197,-0.040535539388656616,-0.17136424779891968,0.04248654097318649,0.9872796535491943
22.952549934387207,11.786449909210205,0.6203399896621704,0.9885930418968201,-0.010563692077994347,0.1648155301809311,0.01782328262925148,0.9980934262275696,-0.04989485815167427,-0.1705038696527481,0.050354912877082825,0.9857572317123413
24.19325065612793,11.786449909210205,0.6203399896621704,0.9927409291267395,0.01154260989278555,0.1264880746603012,-0.025377891957759857,0.9929344058036804,0.11818201839923859,-0.1282666027545929,-0.12025787681341171,0.9847535490989685
25.433950424194336,11.786449909210205,0.6203399896621704,0.9920753240585327,0.010534152388572693,0.12745332717895508,-0.025569302961230278,0.9927394390106201,0.11768466234207153,-0.1275501400232315,-0.12051215767860413,0.9847097396850586
26.674650192260742,11.786449909210205,0.6203399896621704,0.9920758008956909,0.010287393815815449,0.1280965954065323,-0.025486310943961143,0.9928095936775208,0.11713267862796783,-0.12794382870197296,-0.1209556832909584,0.9848877787590027
27.915300369262695,11.786449909210205,0.6203399896621704,0.991919755935669,0.010189421474933624,0.12872810661792755,-0.02544904686510563,0.9927569627761841,0.11667889356613159,-0.12760089337825775,-0.12112493067979813,0.9852171540260315
29.15595054626465,11.786449909210205,0.6203399896621704,0.9918271899223328,0.010063156485557556,0.12926383316516876,-0.025504140183329582,0.9930176138877869,0.11621269583702087,-0.12796775996685028,-0.12147172540426254,0.9854801893234253
30.396650314331055,11.786449909210205,0.6203399896621704,0.9999940395355225,0.013947789557278156,0.03211448714137077,-0.006517363712191582,0.9864314794540405,-0.1709560751914978,-0.03373538330197334,0.17295974493026733,0.9839485883712769
31.637351036071777,11.786449909210205,0.6203399896621704,1.0033924579620361,0.010099753737449646,0.03632532060146332,-0.003655871842056513,0.9869399070739746,-0.1698707640171051,-0.0415211021900177,0.17534710466861725,0.9708299040794373
32.8780517578125,11.786449909210205,0.6203399896621704,0.9987626671791077,0.00902263168245554,0.06439962238073349,-0.0004394830029923469,0.9904505610466003,-0.1677367091178894,-0.047784049063920975,0.16278675198554993,0.9659467935562134
34.11870002746582,11.786449909210205,0.6203399896621704,0.9927732348442078,0.010468009859323502,0.0804644450545311,0.007023275829851627,0.9876852631568909,-0.161183163523674,-0.06624135375022888,0.15858815610408783,0.9770130515098572
35.35934829711914,11.786449909210205,0.6203399896621704,0.99622642993927,0.0019946270622313023,0.08296230435371399,0.012051333673298359,0.98826003074646,-0.1558903008699417,-0.0768657848238945,0.15906620025634766,0.9848960041999817
36.60004997253418,11.786449909210205,0.6203399896621704,0.9956035017967224,-0.021863099187612534,0.0829831212759018,0.03423652797937393,0.9877675771713257,-0.15287292003631592,-0.0768929198384285,0.15860514342784882,0.9872300028800964
37.84075164794922,11.786449909210205,0.6203399896621704,0.9874059557914734,0.0031175611075013876,-0.15739096701145172,-0.015966543927788734,0.9967832565307617,-0.07784993946552277,0.1589222252368927,0.07982845604419708,0.9833554625511169
39.081451416015625,11.786449909210205,0.6203399896621704,0.9986787438392639,0.05239570513367653,-0.04914179816842079,-0.059345707297325134,0.9854907989501953,-0.1607801467180252,0.03658384829759598,0.16328845918178558,0.9783563613891602
13.02715015411377,13.02715015411377,0.6203399896621704,0.987166702747345,-0.02520572394132614,-0.1577855497598648,0.036034829914569855,0.9969151616096497,0.07029224187135696,0.15584249794483185,-0.07769878208637238,0.9848049879074097
14.267849922180176,13.02715015411377,0.6203399896621704,0.9872263669967651,-0.007584179751574993,0.15706491470336914,0.019032705575227737,0.9966371655464172,-0.07746446132659912,-0.15701743960380554,0.08083537966012955,0.9853137135505676
15.50849962234497,13.02715015411377,0.6203399896621704,0.9873076677322388,-0.008620665408670902,0.15675094723701477,0.020816663280129433,0.9965606927871704,-0.0780438482761383,-0.15769150853157043,0.08022104948759079,0.9852555394172668
16.749149322509766,13.02715015411377,0.6203399896621704,0.9867383241653442,-0.014657573774456978,0.15800675749778748,0.02624736912548542,0.997085690498352,-0.07162465900182724,-0.15948934853076935,0.07436081767082214,0.984799861907959
17.98985004425049,13.02715015411377,0.6203399896621704,0.9867796897888184,-0.026485690847039223,0.15794852375984192,0.03609777241945267,0.9975653886795044,-0.06278922408819199,-0.15962502360343933,0.06753990054130554,0.9856563806533813
19.23055076599121,13.02715015411377,0.6203399896621704,0.9878532290458679,-0.027412809431552887,0.15619903802871704,0.03683004900813103,0.9974973797798157,-0.0630616769194603,-0.15940570831298828,0.06869946420192719,0.9874339699745178
20.471250534057617,13.02715015411377,0.6203399896621704,0.9881936311721802,-0.027165381237864494,0.15845075249671936,0.035686057060956955,0.9978156089782715,-0.05671100690960884,-0.16382135450839996,0.062429942190647125,0.9883559346199036
21.711899757385254,13.02715015411377,0.6203399896621704,0.9885476231575012,-0.028322909027338028,0.1628609448671341,0.03593813627958298,0.9982789158821106,-0.04712050408124924,-0.168031707406044,0.052326664328575134,0.9878123998641968
22.952549934387207,13.02715015411377,0.6203399896621704,0.9878415465354919,-0.01076852809637785,0.16508042812347412,0.019416218623518944,0.9982648491859436,-0.0534793883562088,-0.1689571887254715,0.056069593876600266,0.9864332675933838
24.19325065612793,13.02715015411377,0.6203399896621704,0.9918598532676697,0.010038275271654129,0.1275777667760849,-0.02552109584212303,0.9925180077552795,0.11814325302839279,-0.12826195359230042,-0.1216154620051384,0.9863072633743286
25.433950424194336,13.02715015411377,0.6203399896621704,0.9918752312660217,0.010058825835585594,0.12777917087078094,-0.025534112006425858,0.9926907420158386,0.11762355268001556,-0.12826162576675415,-0.12150008231401443,0.9859675765037537
26.674650192260742,13.02715015411377,0.6203399896621704,0.9919652342796326,0.01003202423453331,0.12817388772964478,-0.025489188730716705,0.9927515387535095,0.11708799004554749,-0.12810161709785461,-0.121587373316288,0.9856917262077332
27.915300369262695,13.02715015411377,0.6203399896621704,0.9919213056564331,0.009963744319975376,0.1287151426076889,-0.025463519617915154,0.9928476810455322,0.11657851934432983,-0.12797234952449799,-0.12177840620279312,0.9856389760971069
29.15595054626465,13.02715015411377,0.6203399896621704,0.9918159246444702,0.01006170455366373,0.12926584482192993,-0.02524261735379696,0.9928860664367676,0.11633233726024628,-0.12802347540855408,-0.12178009748458862,0.9856589436531067
30.396650314331055,13.02715015411377,0.6203399896621704,0.9919739365577698,0.009997289627790451,0.13003647327423096,-0.02553456835448742,0.9932456612586975,0.11601942777633667,-0.127716064453125,-0.12223413586616516,0.9859471321105957
31.637351036071777,13.02715015411377,0.6203399896621704,1.002424955368042,0.024006158113479614,0.046184293925762177,-0.0141273383051157,0.9874914288520813,-0.16947413980960846,-0.05386054143309593,0.1671171337366104,0.9799587726593018
32.8780517578125,13.02715015411377,0.6203399896621704,0.9997364282608032,0.015468256548047066,0.07147019356489182,-0.0035935856867581606,0.98923259973526,-0.16634580492973328,-0.06922267377376556,0.15359926223754883,0.9737175107002258
34.11870002746582,13.02715015411377,0.6203399896621704,0.9933240413665771,0.019415125250816345,0.08449466526508331,0.0010053321020677686,0.9860738515853882,-0.158145934343338,-0.07469302415847778,0.14961671829223633,0.9789570569992065
35.35934829711914,13.02715015411377,0.6203399896621704,0.9971494078636169,0.008937586098909378,0.08475663512945175,0.005475217942148447,0.9883464574813843,-0.1551159918308258,-0.08289215713739395,0.15675200521945953,0.9838295578956604
36.60004997253418,13.02715015411377,0.6203399896621704,0.9960700869560242,0.0008795469766482711,0.08639633655548096,0.013028203509747982,0.9883723855018616,-0.15408985316753387,-0.08112891763448715,0.1568572074174881,0.9854477643966675
37.84075164794922,13.02715015411377,0.6203399896621704,0.9948012828826904,-0.02285012975335121,0.09025351703166962,0.03641584515571594,0.9882739782333374,-0.14805251359939575,-0.08625953644514084,0.15373267233371735,0.9856735467910767
39.081451416015625,13.02715015411377,0.6203399896621704,0.9975912570953369,0.04879709705710411,-0.06560199707746506,-0.05766952410340309,0.9864212274551392,-0.1551935076713562,0.05578777566552162,0.15955598652362823,0.9823546409606934
13.02715015411377,14.267849922180176,0.6203399896621704,0.9875937104225159,-0.020252250134944916,-0.15564583241939545,0.031974852085113525,0.9965412020683289,0.07689870893955231,0.15355876088142395,-0.08341652899980545,0.984740674495697
14.267849922180176,14.267849922180176,0.6203399896621704,0.9872027635574341,-0.0065038190223276615,0.15664975345134735,0.017948143184185028,0.9965751767158508,-0.07849763333797455,-0.15687356889247894,0.0816560611128807,0.9854431748390198
15.50849962234497,14.267849922180176,0.6203399896621704,0.9876048564910889,-0.009586847387254238,0.15616431832313538,0.02216518111526966,0.9965970516204834,-0.0788409411907196,-0.1570417732000351,0.08157926052808762,0.9854164123535156
16.749149322509766,14.267849922180176,0.6203399896621704,0.9871217012405396,-0.017532972618937492,0.15801924467086792,0.02915644831955433,0.9969955682754517,-0.07181557267904282,-0.1582929641008377,0.07598964869976044,0.9858360290527344
17.98985004425049,14.267849922180176,0.6203399896621704,0.9868417382240295,-0.02506399340927601,0.15774951875209808,0.03532269597053528,0.9972920417785645,-0.0666104331612587,-0.15913735330104828,0.07206042855978012,0.9870951175689697
19.23055076599121,14.267849922180176,0.6203399896621704,0.9877241849899292,-0.029297294095158577,0.15554003417491913,0.039368681609630585,0.9973662495613098,-0.06678027659654617,-0.15869680047035217,0.07301688939332962,0.9880690574645996
20.471250534057617,14.267849922180176,0.6203399896621704,0.9886460900306702,-0.028111957013607025,0.15440650284290314,0.03840722516179085,0.9972625970840454,-0.06902596354484558,-0.15860281884670258,0.07488618791103363,0.9881792068481445
21.711899757385254,14.267849922180176,0.6203399896621704,0.9891619086265564,-0.012235243804752827,0.15879219770431519,0.022801069542765617,0.9976403117179871,-0.06781690567731857,-0.1630599945783615,0.07113933563232422,0.9871452450752258
22.952549934387207,14.267849922180176,0.6203399896621704,0.9918588399887085,0.009969937615096569,0.1271754801273346,-0.025392161682248116,0.9926906228065491,0.11821421980857849,-0.12845897674560547,-0.12174906581640244,0.9872170686721802
24.19325065612793,14.267849922180176,0.6203399896621704,0.9919584393501282,0.009898020885884762,0.12735898792743683,-0.02539660967886448,0.9926052689552307,0.11790689826011658,-0.12841737270355225,-0.12160800397396088,0.9867929220199585
25.433950424194336,14.267849922180176,0.6203399896621704,0.9919119477272034,0.009990532882511616,0.12764312326908112,-0.025477763265371323,0.9926756620407104,0.11751380562782288,-0.12834656238555908,-0.1217508614063263,0.9863169193267822
26.674650192260742,14.267849922180176,0.6203399896621704,0.9919280409812927,0.009979347698390484,0.12798567116260529,-0.025442512705922127,0.9927995800971985,0.1170494481921196,-0.12828177213668823,-0.121751569211483,0.985849916934967
27.915300369262695,14.267849922180176,0.6203399896621704,0.9919618964195251,0.009962040930986404,0.12849313020706177,-0.025381971150636673,0.9929274320602417,0.11666521430015564,-0.12816527485847473,-0.12185458093881607,0.9854380488395691
29.15595054626465,14.267849922180176,0.6203399896621704,0.9920271039009094,0.010018465109169483,0.1292860507965088,-0.025234254077076912,0.9930314421653748,0.11650795489549637,-0.12792447209358215,-0.12197224050760269,0.9853289723396301
30.396650314331055,14.267849922180176,0.6203399896621704,0.9919134378433228,0.010146179236471653,0.13023771345615387,-0.025203296914696693,0.9931153059005737,0.11661423742771149,-0.12797407805919647,-0.12181895226240158,0.9853954315185547
31.637351036071777,14.267849922180176,0.6203399896621704,1.000047206878662,0.01135918591171503,0.06255803257226944,-0.00044513947796076536,0.9870216250419617,-0.1655595749616623,-0.06067735329270363,0.16655667126178741,0.9845507740974426
32.8780517578125,14.267849922180176,0.6203399896621704,0.9988014698028564,0.01957765221595764,0.0745316818356514,-0.007101912051439285,0.9875345230102539,-0.1638236939907074,-0.075077585875988,0.15991908311843872,0.9817094802856445
34.11870002746582,14.267849922180176,0.6203399896621704,0.9931291937828064,0.02439182437956333,0.08862821757793427,-0.005893169902265072,0.9876886606216431,-0.15456964075565338,-0.08644755929708481,0.14952142536640167,0.981785237789154
35.35934829711914,14.267849922180176,0.6203399896621704,0.9974549412727356,0.012560795061290264,0.0874389037489891,0.001321897841989994,0.9887621402740479,-0.1534944623708725,-0.08681777119636536,0.15447741746902466,0.983413577079773
36.60004997253418,14.267849922180176,0.6203399896621704,0.9964717626571655,0.006841038353741169,0.09157642722129822,0.007710695266723633,0.9888492226600647,-0.1520531177520752,-0.08752576261758804,0.15369758009910583,0.9846962094306946
37.84075164794922,14.267849922180176,0.6203399896621704,0.9941704273223877,-0.0218984205275774,0.09104223549365997,0.03547893837094307,0.9886636137962341,-0.1491193026304245,-0.08505136519670486,0.15319357812404633,0.9862948656082153
39.081451416015625,14.267849922180176,0.6203399896621704,0.9949352145195007,0.003624627133831382,-0.10085003823041916,0.011246767826378345,0.989696204662323,0.14434315264225006,0.10208550095558167,-0.14656923711299896,0.9827239513397217
40.32210159301758,14.267849922180176,0.6203399896621704,0.9965449571609497,0.04349978640675545,-0.09376442432403564,-0.056572578847408295,0.9890563488006592,-0.14165645837783813,0.08283396810293198,0.14938288927078247,0.9756117463111877
11.786449909210205,15.50849962234497,0.6203399896621704,0.9896873235702515,-0.012045805342495441,0.14174118638038635,-0.0014211500529199839,0.9950060844421387,0.10065848380327225,-0.1372150331735611,-0.10495707392692566,0.9767947793006897
13.02715015411377,15.50849962234497,0.6203399896621704,0.9939653277397156,0.01798580028116703,-0.10392942279577255,-0.03210357576608658,0.9899939298629761,-0.1396474987268448,0.09876298904418945,0.14421036839485168,0.9845533967018127
14.267849922180176,15.50849962234497,0.6203399896621704,0.9876355528831482,-0.010671327821910381,0.15249507129192352,0.02298905700445175,0.9960384964942932,-0.08587092161178589,-0.15231472253799438,0.08941549062728882,0.9854936003684998
15.50849962234497,15.50849962234497,0.6203399896621704,0.9885422587394714,-0.013678792864084244,0.1506388932466507,0.027503926306962967,0.9959052801132202,-0.08813485503196716,-0.150863379240036,0.09161517024040222,0.9853822588920593
16.749149322509766,15.50849962234497,0.6203399896621704,0.9879418611526489,-0.02108062244951725,0.15250059962272644,0.03393787890672684,0.9962099194526672,-0.0821455791592598,-0.151751309633255,0.08710311353206635,0.9861710071563721
17.98985004425049,15.50849962234497,0.6203399896621704,0.9874393939971924,0.027596913278102875,0.15367081761360168,-0.039223410189151764,0.996623158454895,0.07558802515268326,-0.1544950306415558,-0.08129256218671799,0.9872776865959167
19.23055076599121,15.50849962234497,0.6203399896621704,0.988423228263855,0.027165738865733147,0.15117749571800232,-0.038839444518089294,0.9964686036109924,0.07886901497840881,-0.15340197086334229,-0.08437423408031464,0.9877045154571533
20.471250534057617,15.50849962234497,0.6203399896621704,0.9900506138801575,-0.028743647038936615,0.14479035139083862,0.04126625880599022,0.9955562949180603,-0.08875361829996109,-0.14720237255096436,0.09460027515888214,0.9879016280174255
21.711899757385254,15.50849962234497,0.6203399896621704,0.9897112250328064,-0.009114077314734459,0.1531291902065277,0.021091938018798828,0.9966496229171753,-0.08101501315832138,-0.15700453519821167,0.08413493633270264,0.9870237708091736
