0.9992029666900635,-0.0020472989417612553,-0.042894646525382996,0.005027528386563063,0.9993252754211426,0.010249956510961056,0.04724631831049919,-0.013389588333666325,0.9774775505065918
1.000065803527832,-0.0032776310108602047,-0.04479945823550224,0.005084924399852753,1.0002529621124268,0.011094777844846249,0.04128425940871239,-0.011672716587781906,0.9887317419052124
1.0009092092514038,-0.0038964031264185905,0.038515616208314896,0.00332248373888433,0.999735951423645,0.02263057976961136,-0.03726999834179878,-0.01952894777059555,0.9938086271286011
1.0006687641143799,-0.004073400981724262,0.03534253314137459,0.0037730445619672537,0.9994842410087585,0.023752763867378235,-0.03557642176747322,-0.021236902102828026,0.9963141679763794
1.0004000663757324,-0.006592968013137579,0.03696431219577789,0.007405588403344154,0.9999130368232727,-0.01693148910999298,-0.03690382093191147,0.01594473235309124,0.9970403909683228
0.9997175931930542,0.004698410164564848,-0.038899075239896774,-0.004472579341381788,0.9997459053993225,0.005340642761439085,0.04030616208910942,-0.0027988285291939974,0.9981576204299927
1.0000414848327637,-0.006380814593285322,-0.02862689271569252,0.00729011557996273,0.9996107220649719,0.026008639484643936,0.02952004410326481,-0.02568233571946621,0.9980899691581726
0.9998990297317505,-0.0063223582692444324,-0.025792259722948074,0.006844580639153719,0.9996547102928162,0.028563648462295532,0.02656535618007183,-0.027838656678795815,0.9986441135406494
1.0014172792434692,-0.0035254131071269512,-0.05300856754183769,0.002014368074014783,1.0007268190383911,0.00047421723138540983,0.047041188925504684,-0.005344547796994448,0.9768495559692383
1.0016225576400757,-0.0017493129707872868,0.04583955928683281,0.00017598143313080072,0.9996564388275146,0.013156550005078316,-0.04295952618122101,-0.013683628290891647,0.9885498285293579
1.0007683038711548,0.008123058825731277,-0.041076358407735825,-0.008378611877560616,0.999723494052887,-0.012872465886175632,0.04053443670272827,0.013442475348711014,0.9946104288101196
0.9998505115509033,-0.0036704472731798887,-0.04116711765527725,0.004696265794336796,0.9998956322669983,0.009614105336368084,0.040876951068639755,-0.007790832314640284,0.9965685606002808
0.9992573261260986,-0.0013767988421022892,0.03829693794250488,0.00027712644077837467,0.999679684638977,0.01788831688463688,-0.03942627087235451,-0.01609000936150551,0.9980385899543762
0.9986492991447449,0.0011214661644771695,-0.04092928022146225,-0.000428960396675393,0.999690055847168,0.01440906897187233,0.04026715084910393,-0.012721640057861805,0.9996902346611023
0.9986943006515503,-0.0024913540109992027,-0.041197169572114944,0.0014047198928892612,0.9999675750732422,0.012417723424732685,0.0388430655002594,-0.010320663452148438,1.0005654096603394
0.9991461634635925,-0.0016245540464296937,-0.03992190957069397,0.00040265312418341637,0.9998754858970642,0.01061243750154972,0.03740217164158821,-0.009118679910898209,1.0006195306777954
0.9990171790122986,-0.0040370323695242405,0.038846541196107864,0.002974348608404398,0.9998724460601807,-0.009220489300787449,-0.03693903610110283,0.007932471111416817,1.0005675554275513
0.9987115859985352,-0.00047711023944430053,-0.03938105329871178,-0.0003106369695160538,0.9998630881309509,0.005295251030474901,0.03756752237677574,-0.004443815443664789,1.000523567199707
0.9986994862556458,0.0005643246695399284,-0.03962792083621025,-0.0008945614681579173,0.9996387958526611,0.0013767945347353816,0.03816118836402893,-0.000545967894140631,1.0004292726516724
0.9990724921226501,-0.0076790158636868,0.038495983928442,0.0072366599924862385,0.9999048113822937,-0.0013130205916240811,-0.03752656653523445,-0.0003307993174530566,0.999893844127655
0.9996122121810913,-0.004808036144822836,-0.022933945059776306,0.005550752859562635,0.9995604157447815,0.030228136107325554,0.02437034621834755,-0.028981927782297134,0.9999136328697205
1.0024207830429077,-0.001481392770074308,0.05720048025250435,0.0005648780497722328,1.0011694431304932,0.010557787492871284,-0.04600062966346741,-0.006188571453094482,0.9739543199539185
1.0018523931503296,-0.003011255292221904,-0.05098920688033104,0.0034653046168386936,1.000999927520752,-0.006388640962541103,0.04472001641988754,0.002705329330638051,0.9875301718711853
1.000388741493225,-0.0015972506953403354,-0.039775606244802475,0.0022634807974100113,0.9991644024848938,0.023528290912508965,0.038889843970537186,-0.024731723591685295,0.9957391619682312
0.9985997676849365,-0.0023331723641604185,-0.03859620913863182,0.0033523731399327517,0.999062180519104,0.024198517203330994,0.03768448531627655,-0.02221899852156639,1.0012179613113403
0.9981409311294556,-0.004022788256406784,-0.037558432668447495,0.003536882111802697,1.0007472038269043,0.022429291158914566,0.03540714085102081,-0.017621176317334175,1.0017871856689453
0.9986006021499634,0.0023859520442783833,-0.0387650802731514,-0.0026143346913158894,1.000192403793335,-0.015969188883900642,0.03534175083041191,0.013980070129036903,1.0010300874710083
0.9988389611244202,-0.001911944942548871,0.03900640830397606,0.0027623213827610016,1.000086784362793,-0.016507446765899658,-0.03374475985765457,0.014599415473639965,1.0014108419418335
0.9996285438537598,-0.0028014073614031076,-0.04039521887898445,0.0029142952989786863,1.00004243850708,0.014705787412822247,0.03267369419336319,-0.013042640872299671,1.0011383295059204
1.0004273653030396,-0.0037717956583946943,0.03735307231545448,0.0023613031953573227,1.000253677368164,-0.01916101574897766,-0.031044237315654755,0.016913581639528275,1.0001420974731445
1.0003740787506104,-0.0023951458279043436,0.03512120246887207,0.0018999507883563638,1.0001273155212402,-0.01940220780670643,-0.03178972005844116,0.018139224499464035,0.9996047616004944
1.0003482103347778,-0.0019804774783551693,0.03354125842452049,0.0020715082064270973,0.9999105930328369,-0.02027762122452259,-0.03163424879312515,0.019504711031913757,0.9995003938674927
1.000527024269104,-0.0005748319090344012,0.030714066699147224,0.0006317064398899674,0.9997068643569946,-0.024235909804701805,-0.029263315722346306,0.023501597344875336,0.9997515082359314
1.000304102897644,0.001390208606608212,0.026141973212361336,-0.0007471102871932089,0.9996634721755981,0.029172519221901894,-0.025269508361816406,-0.027840925380587578,0.9999406337738037
0.9997466206550598,0.001079366309568286,0.023110412061214447,-0.0005935538792982697,0.9997382760047913,0.031425025314092636,-0.02333342283964157,-0.02959825098514557,0.9999798536300659
0.9994975328445435,0.0012964046327397227,0.018816763535141945,-0.0014350113924592733,0.9997072219848633,0.03353319689631462,-0.02028408646583557,-0.031899578869342804,0.9998297691345215
0.9996636509895325,0.0015423271106556058,0.014652583748102188,-0.0022916069719940424,0.9995921850204468,0.034747518599033356,-0.01677853614091873,-0.033643439412117004,0.9996902346611023
0.9998199343681335,0.003895095083862543,-0.014615888707339764,-0.004667469300329685,0.9993388056755066,-0.03400527313351631,0.01655634492635727,0.033544816076755524,0.9999863505363464
0.9996461868286133,-0.0038047274574637413,-0.01545151136815548,0.0043395222164690495,0.9993562698364258,0.033398889005184174,0.018033035099506378,-0.03299572691321373,1.0008437633514404
1.002453327178955,-0.0003460371808614582,0.05278646945953369,-0.000161546136951074,1.0014503002166748,0.016205517575144768,-0.043556176126003265,-0.013981033116579056,0.9790409803390503
1.00103759765625,-0.0016163937980309129,0.04768325388431549,0.001425904338248074,1.000199794769287,0.011427688412368298,-0.04450230300426483,-0.009175464510917664,0.9920092821121216
0.999424397945404,-0.0005908070597797632,-0.03536554425954819,0.0013755607651546597,0.9992898106575012,0.02940555289387703,0.033885810524225235,-0.028870170935988426,1.0006483793258667
0.9985952973365784,-0.0033517624251544476,-0.036945197731256485,0.005437107756733894,0.9996471405029297,0.02738843485713005,0.031511761248111725,-0.021573737263679504,1.0037301778793335
1.0000241994857788,-0.0031764800660312176,0.0449829176068306,0.002844506409019232,0.9997952580451965,-0.00965759065002203,-0.03262290358543396,0.0073718782514333725,1.002057433128357
1.0005406141281128,-0.0039032769855111837,0.04213621839880943,0.0027201182674616575,1.0004851818084717,-0.011974718421697617,-0.032968729734420776,0.008869286626577377,1.0000156164169312
1.0002176761627197,-0.002712985035032034,-0.03868493065237999,0.0027956885751336813,1.0003299713134766,0.015598688274621964,0.033648017793893814,-0.01377805508673191,0.9989762306213379
1.0010161399841309,-0.0022327243350446224,-0.03791375830769539,0.0026619855780154467,1.0001251697540283,0.01577693410217762,0.0340246744453907,-0.014028973877429962,0.9987187385559082
1.001396656036377,-0.002678085118532181,0.03690604865550995,0.002546788426116109,1.0001778602600098,-0.01647328957915306,-0.0347847156226635,0.01522620115429163,0.9980291128158569
1.0010374784469604,-0.0034200893715023994,0.03438708931207657,0.0027780483942478895,1.000063180923462,-0.018240587785840034,-0.034152206033468246,0.01801803521811962,0.9979779720306396
1.0006784200668335,-0.002210139064118266,0.03287241980433464,0.0020456709899008274,0.9999440312385559,-0.01845064014196396,-0.03378834202885628,0.018395524471998215,0.9984369277954102
1.0005611181259155,-0.001726053305901587,0.031558502465486526,0.0017712331609800458,0.9998946785926819,-0.019607190042734146,-0.03296162188053131,0.019738156348466873,0.9988494515419006
1.0005024671554565,-0.0006037035491317511,0.028216693550348282,0.000599654798861593,0.999717116355896,-0.02406439743936062,-0.029671452939510345,0.02433839440345764,0.9992583394050598
1.0004189014434814,0.0006813893560320139,0.023487113416194916,-0.00040240632370114326,0.9995793104171753,0.02899538166821003,-0.024845518171787262,-0.029119953513145447,0.9995884299278259
1.000186800956726,0.0005889639724045992,0.021170036867260933,-1.77068286575377e-05,0.9994945526123047,0.031083647161722183,-0.022748345509171486,-0.03076149709522724,0.9998071193695068
0.9999350309371948,0.000723907258361578,0.01683451421558857,-7.779112638672814e-05,0.999575138092041,0.0337047316133976,-0.019191382452845573,-0.03316305950284004,0.9998727440834045
0.9999895095825195,0.000758316891733557,0.013293607160449028,-0.000556819373741746,0.9995355010032654,0.035108961164951324,-0.016420623287558556,-0.03455283120274544,0.9995740652084351
0.9998948574066162,0.0016464685322716832,0.012548812665045261,-0.0022126021794974804,0.9994642734527588,0.03520623967051506,-0.015236647799611092,-0.03473261743783951,0.9993184804916382
0.9997603297233582,0.00238363491371274,0.014694430865347385,-0.003034725785255432,0.99942547082901,0.03422676399350166,-0.016675513237714767,-0.03361745551228523,0.9997313022613525
0.9996564984321594,0.0037117230240255594,0.012168966233730316,-0.0041746655479073524,0.9992145895957947,0.035066310316324234,-0.014359761029481888,-0.03470788151025772,1.000895619392395
1.0031614303588867,-0.00042069455957971513,0.05101693794131279,-0.00013466583914123476,1.0001349449157715,0.01997963711619377,-0.04040573164820671,-0.016969673335552216,0.981960117816925
1.0007355213165283,-0.0006613422301597893,0.044263165444135666,-0.0003342742274980992,0.9998218417167664,0.01739385537803173,-0.041977331042289734,-0.015977758914232254,0.9943468570709229
1.0000041723251343,-0.0025271675549447536,-0.030440697446465492,0.0033415532670915127,0.999439537525177,0.03364615887403488,0.0279287938028574,-0.030923496931791306,1.0022398233413696
0.9999761581420898,-0.004446408245712519,-0.034278370440006256,0.0049853818491101265,1.0000603199005127,0.029111122712492943,0.02681630663573742,-0.020798761397600174,1.0029512643814087
1.0014816522598267,-0.0025143777020275593,0.043815728276968,0.0028860897291451693,1.0000240802764893,-0.010704305954277515,-0.03244028612971306,0.0074960156343877316,0.9989631772041321
1.0010842084884644,-0.0038502400275319815,-0.041724491864442825,0.0025712831411510706,1.0001686811447144,0.01331466343253851,0.03624303266406059,-0.010223930701613426,0.997150182723999
1.00076425075531,-0.003339556511491537,-0.03872324526309967,0.0025717541575431824,1.0003037452697754,0.014543246477842331,0.036896735429763794,-0.012718567624688148,0.9972205758094788
1.0005807876586914,-0.003378549823537469,0.03593086823821068,0.002767507452517748,1.0002886056900024,-0.01667945459485054,-0.03563281148672104,0.01519706193357706,0.9978403449058533
1.0004255771636963,-0.0028792645316570997,0.0348539799451828,0.0028157324995845556,1.0001685619354248,-0.016046512871980667,-0.03552725166082382,0.015163060277700424,0.9981598854064941
1.0003598928451538,-0.0026655523106455803,0.03372396528720856,0.002592300297692418,1.0000799894332886,-0.01628674753010273,-0.035057321190834045,0.01591210439801216,0.9985592365264893
1.0001119375228882,-0.002764762844890356,0.032294463366270065,0.0028230713214725256,0.9999802708625793,-0.017116820439696312,-0.03438956290483475,0.01704530417919159,0.9989656209945679
0.9999122619628906,-0.001623846939764917,0.03115716017782688,0.0019247025484219193,0.9998802542686462,-0.017946189269423485,-0.03395073115825653,0.01806611754000187,0.9993335008621216
0.9998854994773865,-0.0008400434162467718,0.029723193496465683,0.001329531311057508,0.9997695684432983,-0.019770411774516106,-0.0328228734433651,0.02007700875401497,0.9996817111968994
1.000000238418579,1.961813904927112e-05,0.025179829448461533,0.0003709430748131126,0.9995971918106079,-0.02540891058743,-0.028160450980067253,0.026178808882832527,0.9999395608901978
1.0001044273376465,0.00045547852641902864,0.018469396978616714,-0.0005141962319612503,0.9994884729385376,0.0309776421636343,-0.021096281707286835,-0.03202936425805092,1.0000399351119995
0.99995356798172,0.0007432162528857589,0.015639126300811768,-0.0004970394656993449,0.9995216727256775,0.03286498412489891,-0.01818271167576313,-0.03372890129685402,1.0001132488250732
0.9997934699058533,0.000952148053329438,0.012577507644891739,-0.0005230208626016974,0.9995744824409485,0.03438436612486839,-0.015427145175635815,-0.03507332503795624,1.0002055168151855
0.9999487996101379,0.0012456432450562716,0.010863865725696087,-0.0008040759712457657,0.9995309710502625,0.035168878734111786,-0.01432056911289692,-0.03559962287545204,1.0000933408737183
1.0002920627593994,0.002155369846150279,0.010166929103434086,-0.0018733817851170897,0.999467670917511,0.035605140030384064,-0.013893100433051586,-0.03582339733839035,0.9995883107185364
1.0000193119049072,0.0013840841129422188,0.011804161593317986,-0.001801423029974103,0.9994068145751953,0.035309672355651855,-0.015078178606927395,-0.03506936877965927,0.9993724822998047
0.9998018741607666,0.001617084490135312,0.010427119210362434,-0.001984105445444584,0.9993122816085815,0.03595134615898132,-0.012604925781488419,-0.035672590136528015,0.9998658299446106
0.9998810291290283,-0.0049278815276920795,-0.00837105792015791,0.005258707795292139,0.9991570711135864,0.03641466796398163,0.01102642621845007,-0.03585617616772652,1.0007987022399902
1.0020846128463745,-0.0009920927695930004,0.05073091387748718,0.0002874441852327436,1.0003092288970947,0.02298559807240963,-0.04463197663426399,-0.01946709118783474,0.9731104373931885
1.0007072687149048,-0.0003963816270697862,0.043139852583408356,-0.0010021835332736373,0.9998425245285034,0.021240416914224625,-0.04038330540060997,-0.018508851528167725,0.9931780695915222
0.9998847246170044,-0.0026581459678709507,-0.02471952885389328,0.002782911527901888,0.9996128678321838,0.03781064227223396,0.022264601662755013,-0.03431876376271248,1.0024075508117676
1.0004303455352783,-0.004766630008816719,-0.028651492670178413,0.005020743235945702,0.9998323917388916,0.03342771902680397,0.024882778525352478,-0.024058714509010315,1.0026010274887085
1.000868320465088,-0.003900346579030156,0.04243433102965355,0.0037778306286782026,1.0006299018859863,-0.007196882274001837,-0.03570523485541344,0.002509386744350195,0.9973098039627075
1.0005453824996948,-0.0036878851242363453,-0.040462519973516464,0.0039040471892803907,1.0004212856292725,0.010334227234125137,0.03894820064306259,-0.008975978009402752,0.9962067008018494
1.0010424852371216,-0.0037449232768267393,-0.03846394643187523,0.0030326973646879196,1.000158429145813,0.012749532237648964,0.03741868585348129,-0.011018503457307816,0.9978021383285522
1.0003679990768433,-0.003819410689175129,-0.036004647612571716,0.0033638544846326113,1.0002703666687012,0.014749905094504356,0.035979993641376495,-0.013282100670039654,0.9984086155891418
1.0000126361846924,-0.0036984728649258614,0.03364342823624611,0.0036601517349481583,1.0001460313796997,-0.01692463643848896,-0.03463368117809296,0.01589960604906082,0.9986897706985474
0.9998536705970764,-0.0035029903519898653,0.03298410400748253,0.0036112042143940926,1.0001368522644043,-0.016228483989834785,-0.03475356101989746,0.015623065643012524,0.9988970160484314
0.9997112154960632,-0.0027144683990627527,0.03212294355034828,0.0029586642049252987,1.0000120401382446,-0.016430433839559555,-0.03461969643831253,0.016207901760935783,0.9992059469223022
0.9995924234390259,-0.0025304933078587055,0.031054023653268814,0.0029379352927207947,0.999883770942688,-0.017363358289003372,-0.034056875854730606,0.017401430755853653,0.9995721578598022
0.9994913935661316,-0.0011908015003427863,0.030198747292160988,0.0015659518539905548,0.9998031258583069,-0.018333768472075462,-0.0335782952606678,0.018479609861969948,0.9999998211860657
0.999498188495636,-0.0002632460673339665,0.028118234127759933,0.0007918806513771415,0.9997313022613525,-0.021221572533249855,-0.03166189417243004,0.02158946730196476,1.0003583431243896
0.999652087688446,-0.0005986617179587483,0.021325964480638504,6.590585689991713e-05,0.9995117783546448,0.028207024559378624,-0.024598265066742897,-0.029332054778933525,1.0005388259887695
0.9998612999916077,2.072990537271835e-05,0.013418310321867466,-0.00037727077142335474,0.9994176626205444,0.03300973400473595,-0.016261501237750053,-0.03461863100528717,1.0005073547363281
0.9998018741607666,0.0004938958445563912,0.011116057634353638,-0.0006314482889138162,0.999474287033081,0.03409254178404808,-0.01378841046243906,-0.03571991249918938,1.0004849433898926
0.9997109174728394,0.0007878888281993568,0.00936290342360735,-0.0006750135798938572,0.9995436072349548,0.03475694730877876,-0.012212224304676056,-0.036384426057338715,1.0005773305892944
0.9996866583824158,0.0010856338776648045,0.008719787001609802,-0.0008185142651200294,0.9995116591453552,0.03512591868638992,-0.012073202058672905,-0.03644643351435661,1.000655174255371
0.9999127984046936,0.001859334297478199,0.0073513370007276535,-0.0016641013789922,0.9994612336158752,0.03574022278189659,-0.01114260870963335,-0.03658208250999451,1.000361680984497
1.0001530647277832,0.0018407426541671157,0.008677858859300613,-0.0017053289338946342,0.9994105100631714,0.03582289442420006,-0.012538543902337551,-0.03604522719979286,0.9996575117111206
0.9999683499336243,0.0008842727984301746,0.007426087744534016,-0.0013931408757343888,0.9993099570274353,0.03654703497886658,-0.010346468538045883,-0.03660891205072403,0.9994475841522217
0.9999361038208008,0.0035550021566450596,0.007222969084978104,-0.004017544910311699,0.9992535710334778,0.036920856684446335,-0.009044017642736435,-0.036443524062633514,0.9998038411140442
0.9998994469642639,-0.005584553349763155,-0.0030037169344723225,0.005860676057636738,0.9991786479949951,0.03772679716348648,0.00529818469658494,-0.03703807666897774,1.0004949569702148
0.9991032481193542,-0.0010981960222125053,0.04936808720231056,0.00045599311124533415,0.9991865754127502,0.02550508826971054,-0.05566157028079033,-0.021508807316422462,0.9537268877029419
1.0013890266418457,3.695724080898799e-05,0.043717168271541595,-0.0015725112752988935,1.0000193119049072,0.023469116538763046,-0.03938813507556915,-0.020566251128911972,0.989751935005188
0.9994675517082214,0.0068794782273471355,0.036924123764038086,-0.0065756794065237045,0.9996293187141418,-0.02692689374089241,-0.03444092348217964,0.024747276678681374,1.0015060901641846
1.0002847909927368,-0.005897377151995897,0.011910684406757355,0.006182149052619934,1.000425100326538,-0.04224979504942894,-0.014388343319296837,0.0324908010661602,1.0026817321777344
1.000751256942749,0.003911650739610195,0.042007602751255035,-0.003807645058259368,1.0003745555877686,-0.002369101159274578,-0.03550589084625244,0.0058648171834647655,0.9981254935264587
1.0002491474151611,0.003801231039687991,0.04054602235555649,-0.0036345734260976315,1.000508427619934,0.00587695324793458,-0.039262957870960236,-0.0031718644313514233,0.9972992539405823
1.000436782836914,-0.004652153700590134,-0.03795842081308365,0.004004895221441984,1.000577449798584,0.011518741957843304,0.03750411421060562,-0.009392502717673779,0.9983823299407959
0.9999908208847046,-0.0042151715606451035,-0.03578174486756325,0.004200332798063755,1.0002650022506714,0.013672956265509129,0.03612235188484192,-0.011851925402879715,0.9987868666648865
0.9999209046363831,-0.0045651281252503395,-0.034127168357372284,0.004635004326701164,1.0001956224441528,0.014988811686635017,0.03543201461434364,-0.013723989017307758,0.9988519549369812
0.9997754096984863,-0.004634528420865536,0.032884303480386734,0.00489093828946352,1.0001543760299683,-0.015705449506640434,-0.034994203597307205,0.014882837422192097,0.9990240931510925
0.9996193051338196,-0.0042719184421002865,0.032314691692590714,0.00466020405292511,1.0001029968261719,-0.015478595159947872,-0.03497987240552902,0.015005621127784252,0.9992560744285583
0.9994605779647827,-0.0032709792722016573,0.031962983310222626,0.0037123202346265316,0.999988317489624,-0.015312202274799347,-0.03503614291548729,0.01509828120470047,0.999612033367157
0.9993724822998047,-0.002729131141677499,0.030919641256332397,0.0032968437299132347,0.9998623728752136,-0.016803283244371414,-0.034289341419935226,0.01678810641169548,1.0000299215316772
0.9992691278457642,-0.0010483891237527132,0.029715783894062042,0.0015732491156086326,0.9997649192810059,-0.018767323344945908,-0.0332493931055069,0.018938204273581505,1.0005018711090088
0.999383807182312,-2.012720324273687e-05,0.02453525923192501,0.0007753570098429918,0.9996280670166016,-0.02518036961555481,-0.02799341455101967,0.02601083740592003,1.0008313655853271
0.9996384382247925,-0.0004186492005828768,0.015730805695056915,-0.00021060770086478442,0.9993821978569031,0.03162437677383423,-0.01873268000781536,-0.03327760100364685,1.0008985996246338
0.9998394250869751,8.143817831296474e-05,0.008353372104465961,-0.0005383826210163534,0.9993093013763428,0.034595292061567307,-0.010848076082766056,-0.03660832718014717,1.000832200050354
0.9998003244400024,0.0005399070796556771,0.0062657506205141544,-0.0008948331815190613,0.9993849992752075,0.035184405744075775,-0.008518350310623646,-0.03726470470428467,1.0007784366607666
0.9996564984321594,0.0005655671120621264,0.005385041236877441,-0.0007522969390265644,0.9994664788246155,0.03535456210374832,-0.007654928602278233,-0.03753463923931122,1.0008636713027954
0.9995975494384766,0.0006995285511948168,0.005950863938778639,-0.0007667058380320668,0.999456524848938,0.035393450409173965,-0.008697526529431343,-0.037292949855327606,1.0009881258010864
0.9996839761734009,0.001198663143441081,0.0045471834018826485,-0.0011886117281392217,0.999451220035553,0.03588157892227173,-0.00776313804090023,-0.03741052746772766,1.0007323026657104
0.9998369812965393,0.0013635805808007717,0.005227810237556696,-0.0013962278608232737,0.9994519948959351,0.03615740314126015,-0.008616739884018898,-0.037226248532533646,1.0001435279846191
1.0000886917114258,0.001015670015476644,0.004837692249566317,-0.0010724796447902918,0.9993141293525696,0.036761824041604996,-0.007816732861101627,-0.03743257746100426,0.9995490908622742
0.999967098236084,0.0021048979833722115,0.004904891364276409,-0.0024769138544797897,0.9992436766624451,0.03732350096106529,-0.006868929602205753,-0.03741658106446266,0.9993754029273987
0.9999834299087524,-0.006422728765755892,0.0009581182966940105,0.006348756607621908,0.9992013573646545,0.03768790513277054,0.00037077919114381075,-0.03750642389059067,0.9998392462730408
1.000000238418579,-0.006654652301222086,0.0034824563190340996,0.006334101315587759,0.9991952180862427,0.03841477632522583,-0.0012738085351884365,-0.037144459784030914,1.0002397298812866
1.002077341079712,0.00042477346141822636,0.044327978044748306,-0.001497922115959227,1.000658392906189,0.02671847678720951,-0.0388074554502964,-0.0237074363976717,0.9831554293632507
0.9996558427810669,-0.005020247772336006,0.008932938799262047,0.005344519391655922,0.9995816349983215,0.045310020446777344,-0.01079107541590929,-0.04315105080604553,0.9990435838699341
0.999885618686676,0.0043814158998429775,-0.030882637947797775,-0.005336780566722155,1.000339388847351,0.03234555199742317,0.02185649983584881,-0.029346175491809845,1.0039072036743164
1.001049280166626,-0.004073389805853367,-0.03330343961715698,0.004584120120853186,1.0000455379486084,-0.02646474353969097,0.023774202913045883,0.02591509185731411,0.9992499947547913
1.0002397298812866,-0.0044555217027664185,-0.03821809962391853,0.003520389087498188,1.000369668006897,-0.013543589040637016,0.03567327558994293,0.016081927344202995,0.9976674318313599
1.0002385377883911,0.0046616205945611,0.039255235344171524,-0.0041053202003240585,1.0005954504013062,0.0022283545695245266,-0.03829195350408554,0.0006014068494550884,0.9988198280334473
0.9998688697814941,-0.004824791569262743,-0.03560236841440201,0.00479035684838891,1.0004247426986694,0.013808207586407661,0.03610382229089737,-0.011404819786548615,0.9990279078483582
0.9997986555099487,-0.004960386082530022,0.0321347713470459,0.005176247097551823,1.000317931175232,-0.018717387691140175,-0.03379711136221886,0.017173854634165764,0.999026358127594
0.9996722936630249,-0.005384986754506826,0.03145541995763779,0.00584523705765605,1.0002063512802124,-0.018095973879098892,-0.03376726433634758,0.017169160768389702,0.9991577863693237
0.9995890855789185,-0.005220235325396061,0.031039109453558922,0.005870799068361521,1.0000876188278198,-0.017611796036362648,-0.033842261880636215,0.0170281995087862,0.9994188547134399
0.9994822144508362,-0.004656834062188864,0.03056889772415161,0.005430959165096283,1.0000461339950562,-0.017690256237983704,-0.03373836725950241,0.017361881211400032,0.999700665473938
0.9993219375610352,-0.003740019630640745,0.031168093904852867,0.004499256145209074,0.9999718070030212,-0.016248546540737152,-0.034470606595277786,0.015997212380170822,0.9999809861183167
0.9991954565048218,-0.0029531095642596483,0.031198641285300255,0.0036456743255257607,0.9998947381973267,-0.01609629951417446,-0.03447079658508301,0.01590392366051674,1.0002923011779785
0.9991804957389832,-0.0013195006176829338,0.02875250205397606,0.0020108739845454693,0.9997238516807556,-0.020289221778512,-0.03198723867535591,0.020553940907120705,1.0006909370422363
0.9995735287666321,3.8332185795297846e-05,0.016192955896258354,-0.0009482673485763371,0.9993999004364014,0.031326472759246826,-0.01895754598081112,-0.03298736363649368,1.0009946823120117
0.9997713565826416,-0.00020375358872115612,0.0063580963760614395,-0.00031764592858962715,0.999207079410553,0.034826356917619705,-0.008493879809975624,-0.03715271130204201,1.001059651374817
0.9998877048492432,0.00016245018923655152,0.0037416715640574694,-0.0005459201638586819,0.9992790818214417,0.035409003496170044,-0.0056360745802521706,-0.037795260548591614,1.0010130405426025
0.9998751878738403,0.0005555253010243177,0.003080719383433461,-0.0009197908802889287,0.9993547201156616,0.03560458868741989,-0.004803211893886328,-0.03794913366436958,1.000978708267212
0.9997392892837524,0.000550266180653125,0.002788580022752285,-0.0008501528645865619,0.9994300007820129,0.03564799576997757,-0.00439807865768671,-0.0380476713180542,1.0009949207305908
0.99964439868927,0.000608601316343993,0.004165821708738804,-0.0008855071500875056,0.9994485378265381,0.035605140030384064,-0.006093592848628759,-0.03776099532842636,1.001114010810852
0.9996705651283264,0.0009945587953552604,0.003470819676294923,-0.0011284592328593135,0.9994702339172363,0.03584623709321022,-0.005799240432679653,-0.037787750363349915,1.0009173154830933
0.9998285174369812,0.0013284038286656141,0.0033284281380474567,-0.0013637420488521457,0.9994285106658936,0.036186523735523224,-0.00581876328215003,-0.03777105361223221,1.0004581212997437
1.0000056028366089,0.0011354192392900586,0.0029561645351350307,-0.0010055615566670895,0.9992663264274597,0.03681959956884384,-0.005225018132477999,-0.03779175877571106,0.9999486207962036
1.0000065565109253,0.0019461109768599272,0.0025375746190547943,-0.0021305871196091175,0.9991559982299805,0.03755196928977966,-0.004426184576004744,-0.03765556588768959,0.9994526505470276
1.0000181198120117,-0.006926560774445534,0.006293694023042917,0.0065582068637013435,0.9992305040359497,0.03704387694597244,-0.0053365183994174,-0.037148065865039825,0.9994767904281616
1.0000648498535156,-0.00688364589586854,0.007146548014134169,0.006455516908317804,0.9991003274917603,0.03766898438334465,-0.005471439100801945,-0.03687269240617752,0.9997551441192627
1.0017681121826172,-0.00023575604427605867,0.04439714550971985,0.0008485732832923532,0.999556839466095,0.033514223992824554,-0.044071052223443985,-0.029132448136806488,0.9662026166915894
1.0009485483169556,0.001591105479747057,0.03657028451561928,-0.0029517326038330793,0.9999266266822815,0.029434626922011375,-0.03495589643716812,-0.026929138228297234,0.99422687292099
0.9989769458770752,0.0026625213213264942,-0.024279430508613586,-0.003444214351475239,1.000065565109253,0.03821153566241264,0.02083279937505722,-0.033412281423807144,1.003804326057434
1.000449776649475,0.004635234363377094,-0.024757375940680504,-0.005364745855331421,0.9995638132095337,0.035551127046346664,0.013488177210092545,-0.032049547880887985,1.0010902881622314
1.0005464553833008,0.004243990872055292,-0.025619767606258392,-0.004395822063088417,0.9998947381973267,0.03211355581879616,0.020839298143982887,-0.03208828344941139,0.9975246787071228
1.0010260343551636,-0.0045240470208227634,-0.030338147655129433,0.004014892503619194,1.0000267028808594,-0.025163648650050163,0.027080290019512177,0.02719784714281559,0.998826265335083
0.9998773336410522,0.005064793396741152,0.03801880031824112,-0.004394431598484516,1.0004253387451172,-0.003567973617464304,-0.037350449711084366,0.006680166814476252,0.9992915987968445
0.9996876120567322,-0.004959192592650652,0.033748384565114975,0.0050581274554133415,1.000451683998108,-0.01594161055982113,-0.03539681434631348,0.013688222505152225,0.9993141293525696
0.999616265296936,-0.004957291297614574,0.02989383228123188,0.005545051768422127,1.0002188682556152,-0.02097134478390217,-0.03237917274236679,0.01973915845155716,0.9993841052055359
0.9995481371879578,-0.005311764311045408,0.029495591297745705,0.006044152192771435,1.000105857849121,-0.020393481478095055,-0.03236019238829613,0.019639315083622932,0.9995399117469788
0.9994277954101562,-0.005273972637951374,0.030111150816082954,0.006120120175182819,1.000044345855713,-0.018641525879502296,-0.03325029835104942,0.01803842931985855,0.9998019933700562
0.9993383884429932,-0.0046513560228049755,0.029416097328066826,0.005651411134749651,0.9999793767929077,-0.019370749592781067,-0.032704830169677734,0.019007962197065353,1.0000827312469482
0.9992225170135498,-0.003893500193953514,0.03034130111336708,0.004846521187573671,0.9999704957008362,-0.017792006954550743,-0.0336238257586956,0.01745445467531681,1.0002778768539429
0.9991294145584106,-0.0032272629905492067,0.032004907727241516,0.003926618956029415,0.9999774694442749,-0.014651119709014893,-0.03523043915629387,0.014168528839945793,1.0004703998565674
0.999222457408905,-0.001500170212239027,0.02832026779651642,0.0023093512281775475,0.9997449517250061,-0.021135317161679268,-0.031439412385225296,0.021444974467158318,1.0007470846176147
0.9997842907905579,0.0005788307753391564,0.010800150223076344,-0.0013888233806937933,0.9992403388023376,0.03375856578350067,-0.012980840168893337,-0.03574012592434883,1.0009520053863525
0.9998968839645386,0.0005885394057258964,0.0026419188361614943,-0.000954483519308269,0.9991590976715088,0.035464927554130554,-0.004164128564298153,-0.03784462437033653,1.0010371208190918
0.999965250492096,0.0004633361240848899,0.0013227995950728655,-0.000791601836681366,0.9992324113845825,0.035691916942596436,-0.0026098780799657106,-0.03802480921149254,1.0010590553283691
0.9999395608901978,0.0006640246720053256,0.0013706835452467203,-0.0009931066306307912,0.9992845058441162,0.03581368550658226,-0.0024736165069043636,-0.03803471475839615,1.001012921333313
0.9998888969421387,0.0009177681058645248,0.00044648899347521365,-0.001253694761544466,0.999401867389679,0.03584238141775131,-0.0013105070684105158,-0.0381726510822773,1.0009709596633911
0.9997556805610657,0.0009251555311493576,0.0014006036799401045,-0.0012613222934305668,0.9994661211967468,0.035820890218019485,-0.0023900645319372416,-0.03811366483569145,1.0010348558425903
0.999703586101532,0.0010245125740766525,0.001283919671550393,-0.0012308672303333879,0.9995720386505127,0.035865459591150284,-0.002533926162868738,-0.03817199170589447,1.000960111618042
0.999775230884552,0.0017361517529934645,0.000796465843450278,-0.0015805400907993317,0.9995551109313965,0.036118924617767334,-0.0024497592821717262,-0.03818832337856293,1.000665545463562
0.9998863339424133,0.001957911066710949,-5.407525532064028e-05,-0.0013314903480932117,0.999290943145752,0.036819905042648315,-0.0017638003919273615,-0.03825252875685692,1.0002238750457764
1.0000356435775757,0.0011561817955225706,-0.0010451929410919547,-0.0010362111497670412,0.999053418636322,0.0378074012696743,-0.0010439404286444187,-0.037922319024801254,0.9996559619903564
0.9998945593833923,-0.0020198277197778225,0.0004352348332758993,0.002154484624043107,0.9991328120231628,-0.03816470503807068,0.0007473790901713073,0.038104042410850525,0.999549388885498
1.0000810623168945,-0.007530540227890015,-0.011868094094097614,0.006341641303151846,0.9989196062088013,-0.03673151135444641,0.009911931119859219,0.034967683255672455,0.9987603425979614
1.0033289194107056,0.001271529938094318,-0.03847457841038704,-0.003480007639154792,1.0002187490463257,-0.03418932482600212,0.031514573842287064,0.029697217047214508,0.9854264855384827
0.999821126461029,0.000955815427005291,-0.018760455772280693,-0.00099140964448452,0.9991036653518677,-0.040996868163347244,0.02019605040550232,0.0368233323097229,1.0002098083496094
0.9996896386146545,0.0046762521378695965,-0.0200234055519104,-0.0051098112016916275,1.0002281665802002,0.038388147950172424,0.011493751779198647,-0.03364616632461548,1.0026237964630127
0.9998538494110107,0.004086194094270468,0.020192530006170273,-0.004962132778018713,1.0005297660827637,-0.03669678419828415,-0.013268182054162025,0.033744048327207565,0.9981797933578491
1.0010987520217896,0.004614878911525011,-0.020886695012450218,-0.005115714855492115,0.9998255372047424,0.034047484397888184,0.016722440719604492,-0.035011809319257736,0.9981046915054321
1.0008875131607056,0.004862714093178511,-0.02138420380651951,-0.0045483713038265705,0.9996662139892578,0.03174350783228874,0.018106190487742424,-0.033492930233478546,0.9992995858192444
1.0005296468734741,0.005606133956462145,0.020938707515597343,-0.005247619468718767,0.9996289610862732,-0.030928578227758408,-0.018573900684714317,0.0329911969602108,0.9996028542518616
1.0000492334365845,-0.006125717889517546,0.02976147271692753,0.0051948074251413345,0.9998258948326111,0.02142215147614479,-0.02894059382379055,-0.024331845343112946,0.9997050166130066
0.9994001984596252,-0.005691473837941885,0.03319210186600685,0.006141569931060076,1.00029718875885,-0.014162423089146614,-0.03569771349430084,0.012364846654236317,0.9997572898864746
0.9994575381278992,-0.005842489190399647,0.030500853434205055,0.006710834801197052,1.0001264810562134,-0.018357347697019577,-0.03349949046969414,0.01726354844868183,0.9998428821563721
0.9994269609451294,-0.005698350723832846,0.030001621693372726,0.006685229018330574,1.0000470876693726,-0.018622834235429764,-0.03314049541950226,0.017811505123972893,0.9999962449073792
0.999373733997345,-0.005286382511258125,0.029248004779219627,0.0063979746773839,0.9999671578407288,-0.019633598625659943,-0.03238144516944885,0.019053606316447258,1.0001702308654785
0.9992762207984924,-0.004673339426517487,0.030541198328137398,0.005656750872731209,1.0000231266021729,-0.017569314688444138,-0.03357754275202751,0.017010582610964775,1.0003079175949097
0.9992977976799011,-0.0037676773499697447,0.029652735218405724,0.004752251785248518,0.9999037981033325,-0.01913716085255146,-0.03259743005037308,0.01894068345427513,1.000449776649475
0.9994876980781555,0.001968196826055646,-0.023609207943081856,-0.003018656512722373,0.9995922446250916,-0.02649613283574581,0.02626180090010166,0.027231713756918907,1.0006486177444458
0.9999157786369324,0.0012953242985531688,0.009152919985353947,-0.0019533769227564335,0.9992058873176575,0.03441869467496872,-0.010975959710776806,-0.036272142082452774,1.000762701034546
1.0000025033950806,0.0012552589178085327,0.0017798253102228045,-0.0015308064175769687,0.999164879322052,0.03569958731532097,-0.002941128332167864,-0.037784360349178314,1.000793218612671
1.0000495910644531,0.0008241229807026684,-1.3283265616337303e-05,-0.001073518767952919,0.9992038607597351,0.03591639921069145,-0.0007671176572330296,-0.037887152284383774,1.000786542892456
1.000000238418579,0.0007116616470739245,-0.0008794154855422676,-0.0009561983752064407,0.9992536902427673,0.03605535626411438,0.00043162249494343996,-0.03793005645275116,1.0007508993148804
1.0000208616256714,0.0010192071786150336,-0.0010406943038105965,-0.0013943866360932589,0.9994097352027893,0.0359998382627964,0.0008986437460407615,-0.038055043667554855,1.0007327795028687
0.9998733997344971,0.0010282219154760242,-0.0006796093075536191,-0.0014227238716557622,0.9994827508926392,0.03590769320726395,0.0005995546816848218,-0.03810637444257736,1.000816822052002
0.99974524974823,0.0009947165381163359,-0.0008564183372072875,-0.0014015939086675644,0.9996110200881958,0.035789333283901215,0.0007018810138106346,-0.03818672522902489,1.0008715391159058
0.9996147751808167,0.002131630899384618,-0.0014202285092324018,-0.0019907013047486544,0.9996045827865601,0.03582800179719925,0.0006708090077154338,-0.038187265396118164,1.000791072845459
0.9995564222335815,0.0027402834966778755,-0.0020105948206037283,-0.001724598347209394,0.9992705583572388,0.03663244843482971,0.0004744529724121094,-0.038182467222213745,1.0004926919937134
1.000065803527832,0.001179283601231873,-0.004431882873177528,-0.0007554461481049657,0.9990047812461853,0.037849146872758865,0.0019483944633975625,-0.03766516223549843,0.9997419118881226
0.9999915957450867,-0.0024330620653927326,0.003405612427741289,0.0025518443435430527,0.9990794062614441,-0.03828168287873268,-0.002027014968916774,0.03792058676481247,0.9993929862976074
1.000038743019104,-0.007423260249197483,-0.014535628259181976,0.006380410864949226,0.9994067549705505,-0.035872962325811386,0.011766405776143074,0.03430038318037987,0.9973155856132507
1.0027400255203247,0.0036676963791251183,0.030528100207448006,-0.005217738449573517,0.998583197593689,0.037714872509241104,-0.026600690558552742,-0.031216200441122055,0.9909480214118958
0.9984224438667297,-0.001304445555433631,-0.021202966570854187,0.00251060351729393,0.9994211196899414,-0.03945659473538399,0.02068544179201126,0.03457624092698097,1.0022823810577393
1.00038743019104,0.00391719164326787,0.018358569592237473,-0.004759552888572216,1.0000916719436646,-0.037990752607584,-0.007880982011556625,0.03517995402216911,1.0007061958312988
1.0002363920211792,0.003580160206183791,0.017732316628098488,-0.003921539057046175,0.9999067187309265,-0.03592940792441368,-0.01409867126494646,0.036257579922676086,0.9974399209022522
1.0008189678192139,0.003539328696206212,0.01765732280910015,-0.004489704966545105,0.9997437000274658,-0.034514304250478745,-0.013708305545151234,0.03581465408205986,0.9990919232368469
