0.9991205334663391,-0.009665759280323982,0.04155559092760086,0.011262496002018452,0.9992832541465759,-0.03772961348295212,-0.042416054755449295,0.03604542091488838,0.9952059388160706
0.9996395111083984,-0.010271490551531315,0.040041208267211914,0.012104620225727558,0.9993189573287964,-0.039043862372636795,-0.03943431004881859,0.037865929305553436,0.9965310096740723
0.9998286962509155,0.008457018993794918,-0.036573901772499084,-0.010174822062253952,0.999308168888092,-0.04184626042842865,0.03663922846317291,0.04112708196043968,0.9967494606971741
1.0003641843795776,-0.0034175466280430555,-0.020611876621842384,0.004242232535034418,0.9985939264297485,0.052353281527757645,0.021383486688137054,-0.0509035587310791,0.9969722032546997
1.0002033710479736,-0.005854213610291481,-0.029326580464839935,0.007400794420391321,0.9987735152244568,0.04756561666727066,0.029584093019366264,-0.04630666226148605,0.9966812133789062
0.9997190237045288,-0.003408956341445446,-0.04028693959116936,0.005349881947040558,0.9993066191673279,0.03921541944146156,0.04031859338283539,-0.03787732496857643,0.9966920614242554
1.0004230737686157,-0.013211028650403023,-0.008816679939627647,0.013657293282449245,0.9986099004745483,0.05385108292102814,0.008376200683414936,-0.05336916446685791,0.9966548085212708
1.00027596950531,-0.013426950201392174,-0.004430471453815699,0.01382828876376152,0.9985127449035645,0.05411328375339508,0.004248943645507097,-0.053817007690668106,0.9963071346282959
0.9988719820976257,-0.010601106099784374,0.04693267121911049,0.012057998217642307,0.9994818568229675,-0.030390169471502304,-0.047128137201070786,0.028397688642144203,0.9964276552200317
0.9992326498031616,-0.010377348400652409,0.045137979090213776,0.012139017693698406,0.9994868040084839,-0.032760199159383774,-0.04465852677822113,0.031441301107406616,0.997249186038971
1.0001472234725952,-0.0035735107958316803,-0.006937906611710787,0.0035422041546553373,0.9985260367393494,0.05603935569524765,0.008140395395457745,-0.054969560354948044,0.9975416660308838
1.0001071691513062,-0.006017819978296757,-0.008974757045507431,0.00618587713688612,0.9985665082931519,0.05524051561951637,0.010224662721157074,-0.05449952930212021,0.9974793791770935
1.0000674724578857,-0.0065911756828427315,-0.0122325224801898,0.006831992883235216,0.99857497215271,0.05441214144229889,0.01383157353848219,-0.05369553342461586,0.9974368214607239
1.0001213550567627,-0.007291477173566818,-0.014652218669652939,0.0077428063377738,0.9986317157745361,0.053591273725032806,0.016453543677926064,-0.05285106971859932,0.9973394870758057
0.999859631061554,-0.0025387846399098635,0.021070295944809914,0.0032797744497656822,0.9987985491752625,-0.05161172151565552,-0.023503502830863,0.05061320215463638,0.9974368214607239
0.9998591542243958,-0.004650605842471123,0.019645698368549347,0.005807481240481138,0.9986323118209839,-0.05181264504790306,-0.02210373803973198,0.05126484856009483,0.9972947239875793
1.0003061294555664,0.008188264444470406,-0.006708298809826374,-0.008515706285834312,0.9985221028327942,-0.054802343249320984,0.00845953170210123,0.05454108491539955,0.9971299171447754
1.0003180503845215,0.008466795086860657,-0.00787754449993372,-0.00784115120768547,0.9985507726669312,0.05464201793074608,0.006826161872595549,-0.05475268512964249,0.997185230255127
1.0000557899475098,0.007615505717694759,-0.021921472623944283,-0.006267740856856108,0.9988173842430115,0.050790995359420776,0.02137267403304577,-0.05102069675922394,0.9972937107086182
1.000308632850647,-0.014210456982254982,-0.0004688538901973516,0.014124834910035133,0.9985528588294983,0.053977660834789276,-0.00014339681365527213,-0.05382927134633064,0.9972833395004272
1.0002447366714478,-0.015342829748988152,0.0052000731229782104,0.01506870798766613,0.9985179305076599,0.05329369753599167,-0.006113169249147177,-0.05322984978556633,0.9970566034317017
0.999738335609436,-0.002419379772618413,0.009935394860804081,0.0015925910556688905,0.998539924621582,0.05564580485224724,-0.008088487200438976,-0.05511084198951721,0.9980915784835815
0.9999096989631653,-0.0036224054638296366,0.0032663384918123484,0.003146927570924163,0.9985376596450806,0.05618555098772049,-0.00179578410461545,-0.05551823228597641,0.9979909658432007
0.9991310238838196,0.002910778159275651,-0.04549429938197136,-0.004262979608029127,0.9993838667869568,-0.03274010866880417,0.04603462666273117,0.031322117894887924,0.9979421496391296
0.9999163150787354,-0.006957424338907003,-0.004155716858804226,0.007059392984956503,0.9985937476158142,0.055440910160541534,0.005457728169858456,-0.05517125502228737,0.9979462027549744
0.9990510940551758,-0.004377326928079128,0.04063127562403679,0.0054845609702169895,0.9993130564689636,-0.03799166530370712,-0.041606586426496506,0.0371040515601635,0.9981688857078552
0.9990142583847046,-0.0038837026804685593,0.0381108783185482,0.0048440671525895596,0.9990619421005249,-0.040358927100896835,-0.039187800139188766,0.03955783322453499,0.9983311891555786
0.9989516735076904,-0.003607282880693674,-0.03486882895231247,0.00441019656136632,0.9989716410636902,0.0430905856192112,0.03622058406472206,-0.042298465967178345,0.9983501434326172
0.9990136027336121,-0.003576116170734167,-0.0263043362647295,0.004407407250255346,0.9988632798194885,0.04866785928606987,0.027900410816073418,-0.04821374639868736,0.9983424544334412
0.9993050694465637,-0.003520773723721504,0.014287526719272137,0.004269212018698454,0.9985273480415344,-0.05348175764083862,-0.015866855159401894,0.053358543664216995,0.9983682036399841
0.9995474219322205,-0.0036639038007706404,-0.0031166428234428167,0.0038529676385223866,0.9984812140464783,-0.05536738038063049,0.0014601277653127909,0.055591318756341934,0.9982657432556152
0.9996885657310486,0.003145552473142743,-0.015422310680150986,-0.002673869486898184,0.9984634518623352,0.05332941189408302,0.013832028955221176,-0.05396058410406113,0.9980549216270447
0.9998171329498291,0.008534282445907593,-0.025674249976873398,-0.0072113764472305775,0.9988272190093994,0.04869954660534859,0.02481795661151409,-0.049203626811504364,0.9977035522460938
0.9998302459716797,0.008412076160311699,-0.02657260373234749,-0.006990876980125904,0.9988783001899719,0.04812983423471451,0.026257403194904327,-0.048608556389808655,0.9976519346237183
0.998522162437439,0.0008945557055994868,0.0556061752140522,-0.0007650547195225954,1.0001651048660278,0.00033269691630266607,-0.055572863668203354,-0.0012603307841345668,0.9977059960365295
0.9985474348068237,0.0007949594291858375,0.055631183087825775,-0.0006718147196806967,1.000240445137024,-0.0004035677120555192,-0.05524460971355438,-0.00039830972673371434,0.9973187446594238
0.9996594786643982,-0.01757422648370266,0.016450338065624237,0.01679460145533085,0.9988675713539124,0.04960539564490318,-0.01673463173210621,-0.049814507365226746,0.9955750107765198
0.9986833333969116,-0.008512311615049839,0.05244230106472969,0.009562632068991661,0.9996857643127441,-0.017367783933877945,-0.05264096334576607,0.015610977075994015,0.9985657334327698
1.000008225440979,-0.010459831915795803,-0.014646627008914948,0.010062186978757381,0.9985747933387756,-0.05308810621500015,0.013597163371741772,0.053048089146614075,0.9982372522354126
0.9988179802894592,0.0013452721759676933,-0.0505753792822361,-0.0023450336884707212,0.9995147585868835,-0.02409118227660656,0.05078461021184921,0.022758137434720993,0.9983920454978943
0.9989517331123352,0.0062012155540287495,-0.047433219850063324,-0.007165846880525351,0.9994649887084961,-0.02878037840127945,0.04789533466100693,0.02786295861005783,0.9982336163520813
0.9989127516746521,0.004997108597308397,-0.045092858374118805,-0.00596163934096694,0.9993755221366882,-0.03221135959029198,0.04578171670436859,0.03154768422245979,0.9983608722686768
0.9988910555839539,-0.004112332593649626,0.04285402223467827,0.005139571148902178,0.9993098974227905,-0.03510269895195961,-0.04341048002243042,0.03471599519252777,0.9985153079032898
0.9989449977874756,-0.0033611988183110952,0.041067760437726974,0.004441349301487207,0.9992720484733582,-0.037171412259340286,-0.041447822004556656,0.03703188896179199,0.9986029267311096
0.998973548412323,-0.0030063446611166,0.040112726390361786,0.004074927419424057,0.9992018938064575,-0.03810214623808861,-0.04044211655855179,0.03812461346387863,0.998648464679718
0.9990092515945435,-0.002484917640686035,0.03772878646850586,0.003617670154199004,0.9991307854652405,-0.04037408158183098,-0.03806953504681587,0.04049117863178253,0.9986629486083984
0.9992029070854187,-0.0022962179500609636,-0.03094853088259697,0.0033380917739123106,0.9988846778869629,0.045734718441963196,0.03134229779243469,-0.04588950797915459,0.9986394047737122
0.9994399547576904,-0.0024541225284337997,0.01620675064623356,0.0031639281660318375,0.998607873916626,-0.05279919132590294,-0.016655178740620613,0.053045645356178284,0.9986120462417603
0.999519944190979,0.0031122632790356874,-0.014452422969043255,-0.00263274391181767,0.998493492603302,0.05339337885379791,0.014152861200273037,-0.05378807336091995,0.9986152052879333
0.9993330836296082,0.0023493419867008924,-0.022841110825538635,-0.0016042408533394337,0.9986344575881958,0.050529658794403076,0.022269418463110924,-0.05096917599439621,0.9985561370849609
0.999336838722229,0.0033268260303884745,-0.03164224326610565,-0.002370185684412718,0.9987595081329346,0.045500580221414566,0.030979357659816742,-0.046229712665081024,0.99836266040802
0.9994795918464661,0.003939314279705286,-0.031214552000164986,-0.002778921276330948,0.998746395111084,0.04571780934929848,0.030689004808664322,-0.04646918550133705,0.9982138872146606
0.9994199872016907,0.009676046669483185,-0.03412504494190216,-0.00814464408904314,0.9990105628967285,0.04282461106777191,0.0339849479496479,-0.04325408488512039,0.9980161786079407
0.9995277523994446,0.009071610867977142,-0.033876918256282806,-0.007251981645822525,0.9990190267562866,0.04324235022068024,0.033517636358737946,-0.043443161994218826,0.9976273775100708
0.9995849132537842,0.007755822502076626,-0.038613367825746536,-0.006051936652511358,0.9992877244949341,0.038498178124427795,0.03908173739910126,-0.03933719918131828,0.9972105026245117
0.99861079454422,-0.0008329604170285165,-0.05333647131919861,3.965305040765088e-06,0.9995843768119812,-0.015409708954393864,0.0538555383682251,0.014201965183019638,0.9988386631011963
0.9985756278038025,0.0011666540522128344,-0.05373438820242882,-0.0018044225871562958,0.9997149109840393,-0.014590698294341564,0.05394556745886803,0.013527857139706612,0.9986539483070374
0.9987364411354065,0.007041758392006159,-0.051155414432287216,-0.007863464765250683,0.9997280836105347,-0.02064153365790844,0.05141585320234299,0.020190753042697906,0.9984923005104065
0.9988265037536621,0.005590228829532862,-0.04808938875794411,-0.006589507218450308,0.9995894432067871,-0.027051161974668503,0.048449061810970306,0.026877619326114655,0.9985710978507996
0.9988287091255188,0.004116165451705456,-0.04634967818856239,-0.00524123664945364,0.9995278120040894,-0.029973488301038742,0.04664678871631622,0.03001931682229042,0.9986154437065125
0.9989476799964905,-0.002907728310674429,0.04383295401930809,0.004141658078879118,0.9994436502456665,-0.03356233984231949,-0.044026367366313934,0.03382458910346031,0.9985923767089844
0.9990510940551758,-0.0020892999600619078,0.042748499661684036,0.0033727751579135656,0.9993661642074585,-0.03486613929271698,-0.042916189879179,0.03534609451889992,0.9985812306404114
0.9990565776824951,0.0012096419231966138,0.043598659336566925,-0.0025187130086123943,0.9993626475334167,0.03374766930937767,-0.043810538947582245,-0.03428854048252106,0.9985970854759216
0.9989897012710571,0.00033262892975471914,0.04542452096939087,-0.0016121834050863981,0.9994362592697144,0.031192315742373466,-0.045746855437755585,-0.03170536831021309,0.9985958337783813
0.9987218976020813,0.0008040118846111,0.05066727474331856,0.00013989204308018088,0.9996736645698547,-0.02153232879936695,-0.05131978169083595,0.021641762927174568,0.9986013770103455
0.9992363452911377,-0.0007207304006442428,0.036942776292562485,-0.0006703721010126173,0.9991028308868408,0.040816958993673325,-0.0374443382024765,-0.041222818195819855,0.9986176490783691
0.9991402626037598,0.0007784237968735397,-0.03857250139117241,0.0006126712542027235,0.999150276184082,0.039398226886987686,0.039034344255924225,-0.03974588215351105,0.9986387491226196
0.9992252588272095,0.00047192000783979893,-0.034611690789461136,0.0008320891647599638,0.9989903569221497,0.0430733785033226,0.03488895669579506,-0.04344595968723297,0.9986752867698669
0.9991694688796997,0.0017551978817209601,-0.03663414344191551,-0.00044948310824111104,0.9990095496177673,0.04151291027665138,0.036739643663167953,-0.04185374826192856,0.9986838698387146
0.999212384223938,0.0030210393015295267,-0.03610147163271904,-0.001659379224292934,0.9989697933197021,0.04207558184862137,0.0359833687543869,-0.04240325093269348,0.9985933303833008
0.9991248846054077,0.003488590009510517,-0.03821741044521332,-0.0020698949228972197,0.9990618824958801,0.04028618708252907,0.03791295364499092,-0.040680691599845886,0.998441219329834
0.9991748929023743,0.008855300955474377,-0.036902736872434616,-0.007232162170112133,0.9991416335105896,0.040993042290210724,0.036308225244283676,-0.041174907237291336,0.9980316162109375
0.9993380308151245,0.0035168093163520098,0.040108390152454376,-0.0021432347130030394,0.9993869066238403,-0.03853078931570053,-0.039080001413822174,0.03910825401544571,0.9975867867469788
0.9997296333312988,-0.016497639939188957,0.030333545058965683,0.015043279156088829,0.9991251826286316,0.042604222893714905,-0.031130801886320114,-0.04339464753866196,0.9968996644020081
0.9986653923988342,-0.007421569898724556,0.052516352385282516,0.008216219954192638,0.9997044801712036,-0.014642270281910896,-0.053109943866729736,0.01372514944523573,0.9992334842681885
0.9984325766563416,0.0003492350224405527,-0.05533004552125931,-0.00033487522159703076,0.9998155832290649,-0.0008383980020880699,0.055662866681814194,-0.00010650118929333985,0.9988186359405518
0.9985073804855347,0.007353127468377352,-0.05486644431948662,-0.007425518240779638,0.9999225735664368,-0.0030317953787744045,0.05512242019176483,0.0026593480724841356,0.9986381530761719
0.9985700249671936,0.006157096941024065,-0.054114460945129395,-0.006546827964484692,0.999885082244873,-0.010076718404889107,0.05444130301475525,0.009964430704712868,0.9986319541931152
0.9987502694129944,0.00493270019069314,-0.04960324987769127,-0.005938044283539057,0.9996968507766724,-0.02387935481965542,0.04990522190928459,0.02406819351017475,0.998632550239563
0.9988743662834167,-0.003313397755846381,0.0475182980298996,0.00449064327403903,0.9996160268783569,-0.027846859768033028,-0.04776126891374588,0.028192073106765747,0.9985500574111938
0.9989939332008362,0.0018453699303790927,0.04560929909348488,-0.0031514945439994335,0.9995624423027039,0.030775221064686775,-0.04588673636317253,-0.03135981410741806,0.9984667301177979
0.9990441799163818,0.0009032017551362514,0.044830914586782455,-0.002305949805304408,0.999498188495636,0.03171711415052414,-0.04522054269909859,-0.03247883915901184,0.9984919428825378
0.9988588690757751,-8.754533337196335e-05,0.04863153398036957,-0.001194380922242999,0.9996705055236816,0.025356918573379517,-0.04923011735081673,-0.026062315329909325,0.998550295829773
0.9984896183013916,0.00038087103166617453,-0.05478803813457489,-0.0003936620196327567,1.0000121593475342,-0.0011557560646906495,0.055700741708278656,0.0008847943390719593,0.9985957741737366
0.9988141655921936,-0.00037724405410699546,0.04806837439537048,0.0016452311538159847,0.9996461868286133,-0.02626902423799038,-0.04902256652712822,0.026501236483454704,0.9986459612846375
0.9988418817520142,-0.0006070945528335869,0.04708283394575119,0.0019675239454954863,0.9995743036270142,-0.02805982157588005,-0.04794098436832428,0.028333501890301704,0.998673141002655
0.9989187717437744,-0.0008229039958678186,-0.045189451426267624,0.0022930330596864223,0.9994709491729736,0.031182214617729187,0.0459803007543087,-0.031465377658605576,0.9986987709999084
0.9990573525428772,-0.0007041097269393504,0.041297055780887604,0.002237707143649459,0.9992824196815491,-0.036403242498636246,-0.04192940145730972,0.03669878840446472,0.9987520575523376
0.999046266078949,0.0004220361588522792,-0.04027551785111427,0.001081198686733842,0.9992154240608215,0.037842899560928345,0.04070690646767616,-0.038067590445280075,0.9987984299659729
0.9990706443786621,0.0018156765727326274,-0.03917689248919487,-0.0003244413819629699,0.9991480112075806,0.03926565498113632,0.03929390758275986,-0.039442531764507294,0.9987672567367554
0.9989699125289917,0.0026121162809431553,-0.04106288030743599,-0.0011615757830440998,0.9991995692253113,0.037544526159763336,0.04086366295814514,-0.03776904195547104,0.9986437559127808
0.9989184737205505,0.003572748275473714,-0.041049301624298096,-0.0021661114878952503,0.9992263317108154,0.03773731365799904,0.040308643132448196,-0.03814743086695671,0.9983627796173096
0.999287486076355,0.008739756420254707,-0.042170554399490356,-0.00727310124784708,0.9993802309036255,0.03546619415283203,0.04153596609830856,-0.0359748899936676,0.9978076815605164
0.9995062947273254,-0.014110163785517216,0.03837736323475838,0.012550869956612587,0.9993278384208679,0.03698869049549103,-0.03880077227950096,-0.03784417733550072,0.997452437877655
0.9985955357551575,-0.0068266550078988075,0.052599601447582245,0.007702029775828123,0.999751091003418,-0.013360060751438141,-0.053859468549489975,0.013277074322104454,0.9990991353988647
0.9992198944091797,-0.006422820966690779,0.03765133395791054,0.00491781672462821,0.9989871978759766,0.03997321426868439,-0.037405628710985184,-0.040390439331531525,0.9990988969802856
0.9984683990478516,0.002249005949124694,-0.05493035167455673,-0.0018291473388671875,0.9998545050621033,0.0057655139826238155,0.05518413335084915,-0.006312626414000988,0.9987571239471436
0.9985522627830505,0.007322950754314661,-0.05419255793094635,-0.006789827719330788,0.9999082684516907,0.008431673049926758,0.054605696350336075,-0.00856354832649231,0.9986741542816162
0.9985098242759705,-0.005841927602887154,-0.054394304752349854,0.00530616519972682,0.9999200105667114,-0.008211120031774044,0.054763179272413254,0.008229972794651985,0.998698890209198
0.9984295964241028,-0.004923356231302023,-0.054159775376319885,0.005370408296585083,0.9999570250511169,0.010016923770308495,0.05426744371652603,-0.010299403220415115,0.9985020160675049
0.9985402226448059,-0.0030633583664894104,-0.05296270549297333,0.003711680881679058,0.9999573826789856,0.015286226756870747,0.05301014333963394,-0.01577005349099636,0.9981661438941956
0.9984865784645081,-0.0015505003975704312,-0.05495154857635498,0.0012891944497823715,1.0000553131103516,-0.0016591903986409307,0.055582620203495026,0.0011550614144653082,0.9980674386024475
0.998566210269928,-0.0007689667399972677,-0.05402786657214165,0.0002114088856615126,1.0000011920928955,-0.008830811828374863,0.055145278573036194,0.008544022217392921,0.9983333349227905
0.9985650777816772,-0.0004162526747677475,-0.05254097655415535,0.0012720795348286629,0.9999169707298279,0.01483219489455223,0.05371838063001633,-0.01488492265343666,0.9985830187797546
0.9986417293548584,-0.0015057871351018548,-0.05117354914546013,0.0026076780632138252,0.9998227953910828,0.018879974260926247,0.05232301726937294,-0.019058706238865852,0.9986560344696045
0.9987658858299255,-0.0017694976413622499,-0.04884082078933716,0.003104210365563631,0.9996781945228577,0.024297082796692848,0.04999392107129097,-0.024565773084759712,0.9987310767173767
0.9987384080886841,-0.0014696295838803053,-0.04885412007570267,0.002794720232486725,0.9996697902679443,0.024466153234243393,0.04988997429609299,-0.02468634769320488,0.998777449131012
0.9988074898719788,-0.0010372813558205962,0.04748636111617088,0.0024649817496538162,0.9995982646942139,-0.027307486161589622,-0.048457808792591095,0.02751428633928299,0.998806357383728
0.9989628791809082,-0.0006759286625310779,-0.04389820992946625,0.0022461460903286934,0.9994184374809265,0.0330532006919384,0.044715944677591324,-0.033281635493040085,0.9988746643066406
0.9989514946937561,-0.00021198138711042702,-0.04292589798569679,0.0017884924309328198,0.9993586540222168,0.034687284380197525,0.04350777715444565,-0.034829020500183105,0.9989234805107117
0.9989613890647888,0.000672467052936554,-0.041600123047828674,0.0008943073335103691,0.9992770552635193,0.03669706732034683,0.0418328121304512,-0.03676784411072731,0.9989059567451477
0.9988617300987244,0.0015545871574431658,-0.04314902052283287,-6.149512773845345e-05,0.99932461977005,0.035275667905807495,0.042980700731277466,-0.035359472036361694,0.9987999200820923
0.9988033771514893,0.0021090360824018717,-0.043214134871959686,-0.0007615062058903277,0.9992992281913757,0.03550425171852112,0.04254095256328583,-0.03583582490682602,0.9986110925674438
0.999015212059021,0.008630657568573952,-0.043624360114336014,-0.007229537237435579,0.9994242191314697,0.03407721593976021,0.04265812039375305,-0.034487854689359665,0.9980764389038086
0.9991527795791626,0.002549633150920272,0.043837130069732666,-0.0013456869637593627,0.9994617104530334,-0.03409777581691742,-0.042985640466213226,0.03535124287009239,0.9978479743003845
0.9984280467033386,-0.007011168170720339,-0.0530853308737278,0.0075524793937802315,0.9998940229415894,0.008836669847369194,0.054172832518815994,-0.009782634675502777,1.0004991292953491
0.999123215675354,-0.005559950601309538,-0.03860557824373245,0.0040218280628323555,0.9990235567092896,-0.03850509971380234,0.039295345544815063,0.03908119723200798,0.999742329120636
0.9985354542732239,0.0024813732597976923,-0.05253675952553749,-0.0015161598566919565,0.9996246695518494,0.01661970466375351,0.05281238257884979,-0.016942085698246956,0.9992987513542175
0.9985503554344177,0.003781903302296996,-0.05311775207519531,-0.002929568523541093,0.9997460842132568,0.014727415516972542,0.05337972193956375,-0.015190409496426582,0.9989449381828308
0.9986076951026917,0.007400806061923504,-0.05298136547207832,-0.006605001166462898,0.9998306035995483,0.013911106623709202,0.0533965528011322,-0.014207561500370502,0.9987469911575317
0.9986336827278137,0.006779558956623077,-0.05216851457953453,-0.005868693348020315,0.9998070597648621,0.016904177144169807,0.05266888812184334,-0.017069676890969276,0.9987350106239319
0.9986045360565186,0.0057784742675721645,-0.05142802372574806,-0.004635796882212162,0.9997682571411133,0.019584983587265015,0.051706116646528244,-0.01950763165950775,0.9986174702644348
0.9986525177955627,0.005570914130657911,-0.051675744354724884,-0.004508771933615208,0.9997380375862122,0.019183453172445297,0.05173039808869362,-0.01878972165286541,0.9981050491333008
0.9989060759544373,0.0038046916015446186,0.04957624152302742,-0.002740750089287758,0.9996336698532104,-0.023998098447918892,-0.05008960887789726,0.023685365915298462,0.997607409954071
0.9988868832588196,0.0021678537596017122,0.04837184026837349,-0.0010766088962554932,0.9996562004089355,-0.025814376771450043,-0.04956261068582535,0.0259847529232502,0.9977816343307495
0.9987812638282776,0.0008212846587412059,-0.05019037425518036,0.0003462258027866483,0.9997667074203491,0.021516134962439537,0.05159086361527443,-0.021841179579496384,0.9983718991279602
0.9986550211906433,-0.00032708217622712255,-0.05086706206202507,0.0015194842126220465,0.9997841715812683,0.019538240507245064,0.052119527012109756,-0.019771333783864975,0.9986706972122192
0.998630702495575,-0.001645958051085472,-0.05162946879863739,0.002740920754149556,0.9998466968536377,0.017247045412659645,0.052917517721652985,-0.017408229410648346,0.9987326860427856
0.9987179040908813,-0.001711565419100225,-0.04992715269327164,0.003000754164531827,0.9997503161430359,0.021723663434386253,0.051224712282419205,-0.021943112835288048,0.9988342523574829
0.9986333250999451,-0.0017440730007365346,-0.0507819689810276,0.0029320339672267437,0.999789834022522,0.01991599053144455,0.0519505999982357,-0.020021405071020126,0.998893678188324
0.9987724423408508,0.0014447716530412436,0.04822041839361191,-0.00286875176243484,0.9996289014816284,0.02585298754274845,-0.04927624762058258,-0.026001272723078728,0.9989245533943176
0.9988576173782349,-0.0014661501627415419,-0.04618837311863899,0.0030082124285399914,0.9995177388191223,0.029682662338018417,0.047074150294065475,-0.02980848401784897,0.9989972114562988
0.998870313167572,-0.0011511838529258966,-0.04474224895238876,0.002739467890933156,0.999443769454956,0.03227485343813896,0.04534319043159485,-0.0323350690305233,0.999040961265564
0.9988318681716919,-0.00036704217200167477,-0.04434211552143097,0.0019258821848779917,0.9994129538536072,0.033374592661857605,0.04457845911383629,-0.03336383029818535,0.9990082383155823
0.9987481832504272,0.0005705966032110155,-0.0453311987221241,0.0008745840168558061,0.9994351267814636,0.03257172554731369,0.04512055218219757,-0.032577238976955414,0.9988996386528015
0.9986979961395264,0.0011553966905921698,-0.046103980392217636,0.00014634268882218748,0.9994267225265503,0.031898241490125656,0.04547230899333954,-0.03212285786867142,0.9987668395042419
0.9988164305686951,0.0019980526994913816,-0.04664627090096474,-0.000923880492337048,0.9994351267814636,0.03106723725795746,0.04539087042212486,-0.03176217898726463,0.9983639717102051
0.9989792108535767,0.003057763446122408,0.046933580189943314,-0.0019277631072327495,0.9995006918907166,-0.030016230419278145,-0.04622015729546547,0.031289491802453995,0.9981194734573364
0.999085545539856,-0.011654946953058243,-0.0448569692671299,0.010374912060797215,0.9994722008705139,-0.030124278739094734,0.04427945613861084,0.03199348971247673,0.9978721737861633
0.9985889196395874,-0.0020822554361075163,0.05164175480604172,0.0010507211554795504,0.9995501637458801,0.016481071710586548,-0.053630489856004715,-0.01673239655792713,0.9999184608459473
0.9987671971321106,-0.005963853094726801,-0.045329153537750244,0.004509999416768551,0.9992580413818359,-0.03066466748714447,0.04632963612675667,0.030835717916488647,0.9998413324356079
0.9989253282546997,-0.004127189517021179,0.04552388936281204,0.002633321098983288,0.9992912411689758,0.03176755830645561,-0.04543144255876541,-0.03146546706557274,0.999498188495636
0.998731255531311,0.00754851708188653,-0.050465721637010574,-0.006474773399531841,0.9995985627174377,0.021842557936906815,0.050738345831632614,-0.0218436848372221,0.9991429448127747
0.9987422823905945,0.007554112933576107,-0.05070861801505089,-0.0065550352446734905,0.9996353983879089,0.02093496173620224,0.05103930085897446,-0.021086230874061584,0.9989691376686096
0.9987361431121826,0.007478352636098862,-0.05097674950957298,-0.006451113149523735,0.9997031092643738,0.01999843306839466,0.051443058997392654,-0.020108802244067192,0.9988599419593811
0.9987411499023438,0.0065020727925002575,-0.050408899784088135,-0.005457358434796333,0.9997133612632751,0.02145186811685562,0.05098321661353111,-0.02156113088130951,0.9988114237785339
0.9987455010414124,0.005363080650568008,-0.049286264926195145,-0.004221984185278416,0.999729573726654,0.024161426350474358,0.049682218581438065,-0.024293851107358932,0.998584508895874
0.9988703727722168,0.005872826557606459,0.048001084476709366,-0.004674798343330622,0.9997456073760986,-0.026498103514313698,-0.04847823083400726,0.02661929279565811,0.9980964660644531
0.9989317655563354,-0.004790391772985458,0.04804959148168564,0.003635522210970521,0.9997681379318237,0.026149790734052658,-0.04904946684837341,-0.02649436704814434,0.9978274703025818
0.9988242983818054,0.003421148983761668,0.04776415228843689,-0.0022141539957374334,0.999689519405365,-0.026299072429537773,-0.049271419644355774,0.026796558871865273,0.9981499910354614
0.9987058639526367,0.002555730752646923,-0.049594227224588394,-0.0013313022209331393,0.9997219443321228,0.022462308406829834,0.05105037987232208,-0.022718602791428566,0.9986401796340942
0.9986898899078369,0.001222111750394106,-0.05003121867775917,-7.286023901542649e-06,0.9997515082359314,0.02147413231432438,0.05132455751299858,-0.021658333018422127,0.9988007545471191
0.9986620545387268,-0.000945605686865747,-0.05105602741241455,0.00213133217766881,0.9998047351837158,0.018856538459658623,0.05240585654973984,-0.019005145877599716,0.9988371729850769
0.9987432360649109,-0.001189977047033608,-0.04955197870731354,0.002552516758441925,0.9997177124023438,0.022574974223971367,0.05087338387966156,-0.022749558091163635,0.9989343285560608
0.9987107515335083,0.0019273735815659165,0.04978283494710922,-0.003285757265985012,0.9997386336326599,0.022254716604948044,-0.050974518060684204,-0.022357257083058357,0.9989826083183289
0.9988794326782227,0.0021484477911144495,-0.04670463129878044,-0.003705806564539671,0.9995518326759338,-0.02844579517841339,0.04778390750288963,0.028608357533812523,0.9990237951278687
0.9988405108451843,-0.0018476317636668682,-0.046559032052755356,0.0033847831655293703,0.9995412826538086,0.029119228944182396,0.047454360872507095,-0.029179109260439873,0.9991066455841064
0.9988393187522888,-0.0016506758984178305,-0.04542640596628189,0.003228898858651519,0.9994891285896301,0.03133673220872879,0.046014994382858276,-0.0313427597284317,0.9991320371627808
0.9987656474113464,-0.0006133367423899472,-0.04565619304776192,0.0021451199427247047,0.9994944334030151,0.03162787854671478,0.045879364013671875,-0.03157775476574898,0.9990966320037842
0.9986859560012817,0.0008969713817350566,-0.046566009521484375,0.0005203231703490019,0.9995145797729492,0.03090270608663559,0.04632750153541565,-0.03086451254785061,0.9989924430847168
0.9986114501953125,0.0013488440308719873,-0.04793701320886612,-0.00010566686978563666,0.9995389580726624,0.02924821712076664,0.047292713075876236,-0.029412152245640755,0.9988682270050049
0.998746395111084,0.0018009296618402004,-0.048161666840314865,-0.0008012248435989022,0.9995152950286865,0.028888309374451637,0.046909380704164505,-0.029522906988859177,0.9985203146934509
0.9988434314727783,0.003389440942555666,0.048689648509025574,-0.0022944998927414417,0.9995638132095337,-0.027339007705450058,-0.048008810728788376,0.028517507016658783,0.9983332753181458
0.9989557266235352,-0.01090139988809824,-0.04729652404785156,0.009622748009860516,0.9995060563087463,-0.027261076495051384,0.0466783232986927,0.02888781763613224,0.998403787612915
0.9989849925041199,0.0017321363557130098,-0.04086684435606003,-0.00335254636593163,0.998979926109314,-0.03647315502166748,0.0422186478972435,0.03640439733862877,1.0006506443023682
0.9985148906707764,-0.007015597075223923,-0.04837824031710625,0.005655029788613319,0.9994445443153381,-0.02655416913330555,0.04876112937927246,0.026081480085849762,0.99989253282547
0.9987921714782715,-0.009205819107592106,0.049348872154951096,0.007962895557284355,0.9994943737983704,0.02459239400923252,-0.04936649277806282,-0.02409392036497593,0.9993802905082703
0.9988616704940796,-0.008633365854620934,0.048927970230579376,0.007483029738068581,0.9994649887084961,0.025209657847881317,-0.0492299422621727,-0.024845043197274208,0.9991227984428406
0.9988701343536377,0.008991817012429237,-0.04870721325278282,-0.007915308699011803,0.9995034337043762,0.024985916912555695,0.04911649227142334,-0.024803372099995613,0.9990265369415283
0.9988368153572083,0.009070404805243015,-0.048728667199611664,-0.007989032194018364,0.9996009469032288,0.024438252672553062,0.04932185262441635,-0.024390095844864845,0.998913586139679
0.9988555908203125,0.008411946706473827,-0.04842502251267433,-0.007316742092370987,0.9996445178985596,0.024842461571097374,0.04918552562594414,-0.02486708015203476,0.9988536238670349
0.9988968968391418,0.007257294375449419,0.047157544642686844,-0.006064948625862598,0.9996300339698792,-0.027113499119877815,-0.0480085052549839,0.02730651944875717,0.9987456798553467
0.9988734722137451,0.007980785332620144,0.04592246562242508,-0.006708566565066576,0.9996556043624878,-0.02875535748898983,-0.04696394503116608,0.02905973233282566,0.9985823631286621
0.9988435506820679,0.006961391307413578,0.046841394156217575,-0.005728678312152624,0.9997012615203857,-0.02725708857178688,-0.04812014847993851,0.027600154280662537,0.9985256195068359
0.9987836480140686,0.006066479720175266,0.04733820632100105,-0.00479606119915843,0.9996636509895325,-0.026348166167736053,-0.04881061986088753,0.026649529114365578,0.9986542463302612
0.9986920952796936,0.005229261238127947,-0.04897817224264145,-0.004017264116555452,0.9997148513793945,0.023219626396894455,0.05044525861740112,-0.02334626019001007,0.998833179473877
0.998676061630249,0.0039222282357513905,-0.049642667174339294,-0.0027285199612379074,0.9997476935386658,0.02199777215719223,0.05105284973978996,-0.02208530716598034,0.9988918304443359
0.998633861541748,0.0010778815485537052,-0.05130588263273239,2.6181063731200993e-05,0.9998407959938049,0.01817963272333145,0.05271943286061287,-0.018224291503429413,0.9989446997642517
0.9986720085144043,0.00030426192097365856,-0.050413377583026886,0.0009374750079587102,0.999776303768158,0.0207423847168684,0.051725320518016815,-0.02079603262245655,0.9990276098251343
0.998626708984375,-0.0007456329767592251,-0.05134699493646622,0.0019200793467462063,0.999832034111023,0.018644265830516815,0.05252942070364952,-0.018585283309221268,0.9990453720092773
0.9988210797309875,0.001160946092568338,0.048269107937812805,-0.002639910439029336,0.9996521472930908,0.025877974927425385,-0.04940075799822807,-0.0258986484259367,0.9991078972816467
0.9987145662307739,0.001140981912612915,0.048799511045217514,-0.002537126885727048,0.9996733665466309,0.02534640207886696,-0.049693796783685684,-0.02524842694401741,0.9992122054100037
0.9987208247184753,-0.0012319462839514017,-0.04767807200551033,0.0026872281450778246,0.9996010661125183,0.027943916618824005,0.04823824763298035,-0.027844984084367752,0.9992137551307678
0.9986609816551208,0.00030899132252670825,-0.04763557389378548,-0.0017363870283588767,0.9995816946029663,-0.028700610622763634,0.04783174395561218,0.02859177440404892,0.9991785883903503
0.9985803365707397,0.0013375431299209595,-0.04878796264529228,-4.751083179144189e-05,0.9996131062507629,0.02739681676030159,0.048500604927539825,-0.027327027171850204,0.9990843534469604
0.9985165596008301,-0.0017201725859194994,0.05019306764006615,0.0006312600453384221,0.999643862247467,0.025326712056994438,-0.04952344298362732,-0.02547631971538067,0.9989556074142456
0.9986857771873474,-0.0022929231636226177,0.05008493363857269,0.0014086327282711864,0.9995975494384766,0.02552768401801586,-0.048896800726652145,-0.02615276910364628,0.9986445903778076
0.9987262487411499,0.007742129731923342,-0.05033764988183975,-0.0067048282362520695,0.9996871948242188,0.023516271263360977,0.04981408640742302,-0.024508411064743996,0.9984520077705383
0.9988273978233337,-0.010393342934548855,-0.04901688173413277,0.009158569388091564,0.9996191263198853,-0.024991214275360107,0.04822786897420883,0.026528624817728996,0.9987695813179016
0.9991623163223267,0.002114025177434087,0.03692610189318657,-0.0036173092667013407,0.9988715052604675,0.041308190673589706,-0.03795456141233444,-0.04040030390024185,1.0012341737747192
0.9984723925590515,-0.0037480357568711042,-0.049941882491111755,0.002566527808085084,0.999423623085022,-0.024780578911304474,0.05005785450339317,0.023959888145327568,0.9998822808265686
0.9987824559211731,-0.008448994718492031,-0.04945223033428192,0.007204877678304911,0.9993541240692139,-0.025226915255188942,0.04936482384800911,0.02436678856611252,0.9992942810058594
0.9990041255950928,0.008491934277117252,-0.04655728489160538,-0.007151265162974596,0.9992483258247375,0.02989608608186245,0.046863455325365067,-0.029094098135828972,0.9990524053573608
0.9990224242210388,0.009124549105763435,-0.04590853303670883,-0.008032741025090218,0.9993277788162231,0.030061669647693634,0.04642457142472267,-0.029508626088500023,0.998999297618866
0.9989815950393677,0.009326844476163387,0.04550185427069664,-0.008162785321474075,0.9994288086891174,-0.02996457740664482,-0.046240560710430145,0.0297520961612463,0.9989407062530518
0.9989645481109619,0.009515166282653809,0.045374803245067596,-0.00830997247248888,0.999491810798645,-0.02961946465075016,-0.04627528786659241,0.029597116634249687,0.9988876581192017
0.9989703893661499,0.008966031484305859,0.04477817565202713,-0.0076402537524700165,0.999496340751648,-0.030258474871516228,-0.04589363932609558,0.030388539656996727,0.998864471912384
0.998924195766449,0.00980925653129816,0.044069550931453705,-0.00842816662043333,0.9994979500770569,-0.030733099207282066,-0.04539843648672104,0.030941948294639587,0.9988802671432495
0.9988080263137817,0.008734357543289661,0.045721277594566345,-0.007379783783107996,0.9995737671852112,-0.028381280601024628,-0.04711175337433815,0.028577543795108795,0.9988799095153809
0.9987796545028687,0.008233091793954372,0.04634668678045273,-0.006912106182426214,0.9995999932289124,-0.02742433175444603,-0.04782740771770477,0.027589518576860428,0.9989025592803955
0.9987190365791321,0.007596080657094717,0.0472240224480629,-0.00628046877682209,0.9996408224105835,-0.02607813850045204,-0.04866808280348778,0.026184285059571266,0.9989421963691711
0.9986967444419861,0.0066599296405911446,-0.048539672046899796,-0.005414396524429321,0.9997045993804932,0.02385920286178589,0.04997720196843147,-0.02389371208846569,0.9989563822746277
0.9986431002616882,0.0033305957913398743,-0.05080900341272354,-0.002181026618927717,0.9998108744621277,0.019425276666879654,0.052220333367586136,-0.019383275881409645,0.9990115165710449
0.9986758828163147,0.0025002015754580498,-0.05032990127801895,-0.0012899385765194893,0.99978107213974,0.020960984751582146,0.05165144428610802,-0.020924856886267662,0.9990860819816589
0.9986189007759094,-0.0009707246208563447,0.05179206281900406,-7.885019294917583e-05,0.9998758435249329,0.017546985298395157,-0.052971333265304565,-0.01743227057158947,0.9990881681442261
0.998791515827179,-0.0005282243364490569,0.04914390295743942,-0.0008851172751747072,0.9997249841690063,0.024365989491343498,-0.050269246101379395,-0.0243008304387331,0.9991582036018372
0.9986790418624878,-0.0006344629800878465,0.04953676462173462,-0.0007123789400793612,0.9997207522392273,0.024079613387584686,-0.05042359605431557,-0.023877251893281937,0.9992778301239014
0.998616099357605,-0.0008115441887639463,0.049593735486269,-0.0005004755221307278,0.9996949434280396,0.024618318304419518,-0.050135720521211624,-0.02440330572426319,0.999289333820343
0.998532235622406,-0.0010664872825145721,0.05000370740890503,-0.00018574098066892475,0.9996941685676575,0.024554438889026642,-0.05015237256884575,-0.024368396028876305,0.999258816242218
0.9984889626502991,-0.002321910811588168,0.0507013276219368,0.0011739375768229365,0.9997027516365051,0.023832933977246284,-0.05034509301185608,-0.02373798005282879,0.9991706609725952
0.9984537959098816,0.002556567545980215,-0.05190640315413475,-0.0016032772837206721,0.9997223615646362,0.021744731813669205,0.05120246484875679,-0.021901696920394897,0.9990482926368713
0.998652458190918,0.0027387707959860563,-0.05192434787750244,-0.001956020249053836,0.9996741414070129,0.021628431975841522,0.05077109858393669,-0.022239791229367256,0.998746931552887
0.998603880405426,0.00814819149672985,-0.0517960786819458,-0.007156675215810537,0.9997158050537109,0.020273372530937195,0.05135026201605797,-0.02112739533185959,0.9986632466316223
0.9987003803253174,-0.009991038590669632,-0.050642699003219604,0.00890331994742155,0.9996393918991089,-0.022455215454101562,0.04963056370615959,0.02397887222468853,0.9991307854652405
0.9993381500244141,0.0029937750659883022,0.02879822812974453,-0.004413275979459286,0.9987168908119202,0.047823961824178696,-0.02957378700375557,-0.046822212636470795,0.9999856948852539
0.9985135793685913,-0.0026363215874880552,-0.05206979438662529,0.00150996632874012,0.9995931386947632,-0.021113689988851547,0.05187278985977173,0.01998785138130188,0.9992344379425049
