0.9957186579704285,0.05330583453178406,0.07666537910699844,-0.049204498529434204,0.9965006709098816,-0.07541755586862564,-0.06778606027364731,0.0717787966132164,0.9649806618690491
0.9989495873451233,0.05274268239736557,0.0674310103058815,-0.04650893807411194,0.9958667755126953,-0.08427084237337112,-0.06605356931686401,0.07651016861200333,0.9713921546936035
1.000670313835144,0.05173934996128082,0.05935181304812431,-0.04597046226263046,0.9954519271850586,-0.09118413180112839,-0.06203727424144745,0.08423903584480286,0.9745018482208252
1.0008033514022827,0.0500597320497036,0.0509171262383461,-0.045443203300237656,0.9947125911712646,-0.09905397891998291,-0.04969210550189018,0.09297896176576614,0.9707468152046204
0.998200535774231,0.04985543340444565,0.048949625343084335,-0.04393741860985756,0.9938720464706421,-0.10355845838785172,-0.03584062308073044,0.09647821635007858,0.9601274132728577
0.9941685795783997,0.04495510831475258,0.10461343824863434,-0.041381482034921646,0.9985663890838623,-0.03295836225152016,-0.10441888123750687,0.022792328149080276,0.9791017770767212
0.9954141974449158,0.048167165368795395,0.09893598407506943,-0.043385423719882965,0.9982092976570129,-0.04794570431113243,-0.10344134271144867,0.03846015781164169,0.986700177192688
0.9968062043190002,0.050338394939899445,0.0883515402674675,-0.04420216754078865,0.9964807629585266,-0.06725253909826279,-0.09206078946590424,0.059239089488983154,0.9886466264724731
0.9974821209907532,0.05124876648187637,0.07946749776601791,-0.04482228308916092,0.9956837296485901,-0.07890798151493073,-0.08156511932611465,0.07306281477212906,0.9890231490135193
1.0002679824829102,0.031000828370451927,-0.0009574220748618245,-0.032791879028081894,0.9935073256492615,-0.11796499043703079,-0.0003163549117743969,0.11487807333469391,0.9883268475532532
1.0004428625106812,0.03247992694377899,0.018974948674440384,-0.03199554234743118,0.9933071136474609,-0.11646804958581924,-0.018852131441235542,0.1132998913526535,0.9883077144622803
0.999670147895813,0.04000694677233696,-0.0429181270301342,-0.034511860460042953,0.9929207563400269,0.11000274121761322,0.04074634984135628,-0.1045454815030098,0.9891743659973145
0.9987382292747498,0.044345006346702576,-0.06327912211418152,-0.036611177027225494,0.994210422039032,0.09885651618242264,0.06098628416657448,-0.09357325732707977,0.9883076548576355
0.9980852007865906,0.047617122530937195,-0.07444661855697632,-0.03873946890234947,0.9953233599662781,0.08854041248559952,0.07394689321517944,-0.0826605036854744,0.9873473048210144
1.0007572174072266,0.051611535251140594,0.034923408180475235,-0.04829723760485649,0.9934588074684143,-0.10427021980285645,-0.0418618768453598,0.10079089552164078,0.9857279658317566
1.0013622045516968,0.05077912285923958,0.026065010577440262,-0.048801030963659286,0.9937688112258911,-0.10617116093635559,-0.03386327624320984,0.10296031832695007,0.98268723487854
1.001321792602539,0.05048335716128349,0.0230199433863163,-0.047143056988716125,0.9940033555030823,-0.10880913585424423,-0.028719333931803703,0.10294585675001144,0.9770573973655701
0.9936832189559937,0.03640022128820419,0.11259318143129349,-0.03590676933526993,0.9993643760681152,-0.010672491043806076,-0.1123751625418663,0.0013966303085908294,0.986228346824646
0.9938165545463562,0.03971421346068382,0.11246524006128311,-0.03820439800620079,0.9992082118988037,-0.01826253905892372,-0.11285179108381271,0.01050314400345087,0.9901407957077026
0.993121325969696,-0.010828997008502483,0.12074830383062363,0.008857671171426773,0.9999256730079651,0.015854110941290855,-0.11736299842596054,-0.013740062713623047,0.9909266829490662
0.9926506280899048,-0.01183879654854536,0.12001560628414154,0.009792708791792393,0.9991377592086792,0.02088274247944355,-0.11734914779663086,-0.01921389065682888,0.9923340678215027
0.992331862449646,-0.010185271501541138,0.12018419802188873,0.009120174683630466,0.9991727471351624,0.02155412919819355,-0.11808818578720093,-0.020261982455849648,0.9926801919937134
0.9920323491096497,-0.016326341778039932,0.11573272943496704,0.013856064528226852,0.9987881779670715,0.03786717355251312,-0.11414448916912079,-0.03532781824469566,0.9928373098373413
0.9917740225791931,-0.0495218001306057,0.10019899904727936,0.04604624956846237,0.9965516328811646,0.05113303288817406,-0.10014548152685165,-0.04628678411245346,0.993973433971405
0.9957899451255798,0.023968782275915146,-0.03637518733739853,-0.01865789294242859,0.9930639266967773,0.11403373628854752,0.03733278065919876,-0.11245875805616379,0.99325031042099
0.9949998259544373,0.029177213087677956,-0.06116410717368126,-0.022197488695383072,0.9947206974029541,0.10295325517654419,0.059637650847435,-0.10059946775436401,0.9929644465446472
0.9946898818016052,0.03932397812604904,0.07988084852695465,-0.031225556507706642,0.996172308921814,-0.0864148736000061,-0.07776656746864319,0.08334653079509735,0.9923698306083679
0.9995169639587402,-0.03263808786869049,-0.02525768056511879,0.028281988576054573,0.9923458099365234,-0.11566094309091568,0.025463011115789413,0.11244630813598633,0.9918414950370789
1.0002104043960571,-0.03470435366034508,-0.004709838889539242,0.03402198106050491,0.9921980500221252,-0.11695428192615509,0.00600419519469142,0.11389937996864319,0.9911034107208252
1.0005221366882324,-0.030766919255256653,0.009821447543799877,0.03241365775465965,0.9924728870391846,-0.11755294352769852,-0.008815827779471874,0.11454800516366959,0.9894300699234009
1.0009654760360718,-0.035108331590890884,-0.018028700724244118,0.03823932632803917,0.9926099181175232,0.11523667722940445,0.014367012307047844,-0.11202071607112885,0.9878872632980347
1.0005265474319458,0.05299057066440582,0.01338778156787157,-0.05190468952059746,0.9933496713638306,-0.10825812071561813,-0.02192351408302784,0.10536008328199387,0.9858977198600769
1.000290036201477,0.05369427427649498,0.002340837847441435,-0.05241209268569946,0.9927713871002197,-0.11008568853139877,-0.010693979449570179,0.10506349802017212,0.981460452079773
0.9931477308273315,0.03187114745378494,0.11583980172872543,-0.03321482241153717,0.9991996884346008,0.0009422570583410561,-0.11536640673875809,-0.009134926833212376,0.9915720224380493
0.9926908016204834,-0.00924670323729515,0.12053664773702621,0.008610881865024567,1.0002381801605225,0.01006772555410862,-0.11938975006341934,-0.00547125143930316,0.9918853640556335
0.9916074872016907,-0.009792034514248371,0.1200474426150322,0.009035463444888592,1.0003355741500854,0.01143637951463461,-0.12061187624931335,-0.007278934586793184,0.9926087260246277
0.9899082779884338,-0.048095930367708206,0.10836320370435715,0.04957345128059387,0.9977946281433105,0.01532838400453329,-0.11166269332170486,-0.006558601278811693,0.994075357913971
0.9903754591941833,-0.04811517894268036,0.10640872269868851,0.05217829346656799,0.9964809417724609,0.01710827276110649,-0.11079137772321701,-0.006802634336054325,0.9932373762130737
0.9909631609916687,-0.04490996524691582,0.10519189387559891,0.04589896276593208,0.9968510866165161,0.03260989114642143,-0.11098462343215942,-0.02230292744934559,0.9920366406440735
0.9910986423492432,-0.04661835730075836,0.09702403098344803,0.04361361637711525,0.9971320629119873,0.05147033929824829,-0.10607170313596725,-0.04150785133242607,0.9914891719818115
0.9933037757873535,-0.04651797190308571,-0.07985539734363556,0.04332975298166275,0.9955322742462158,-0.07509849965572357,0.09033329039812088,0.06760808080434799,0.9919767379760742
0.9943544864654541,0.0402628593146801,0.06531848013401031,-0.03542250767350197,0.9949825406074524,-0.09218870848417282,-0.07455595582723618,0.08847668766975403,0.9921452403068542
0.9957395195960999,0.034210920333862305,-0.04572976380586624,-0.027913201600313187,0.9938755631446838,0.10569833964109421,0.05440536513924599,-0.10494960844516754,0.992030143737793
0.9974545836448669,-0.028174761682748795,-0.024708041921257973,0.02294914238154888,0.9927731156349182,-0.11390839517116547,0.03202842175960541,0.11476752907037735,0.9920663833618164
0.9982566237449646,-0.02430933155119419,-0.009471803903579712,0.02088078483939171,0.9921676516532898,-0.1171751469373703,0.015003644861280918,0.11848472058773041,0.9921600818634033
0.9987489581108093,-0.0209488682448864,0.0038712206296622753,0.019237983971834183,0.9920424222946167,-0.11847333610057831,-0.0006270637968555093,0.11895354092121124,0.9922965168952942
0.9995903372764587,-0.029080580919981003,0.00885822158306837,0.02856994979083538,0.9921033978462219,-0.11708077043294907,-0.006594856269657612,0.11624058336019516,0.9923455119132996
1.0000336170196533,-0.031346432864665985,0.02072625793516636,0.03357171639800072,0.9923291206359863,-0.11495476216077805,-0.018521852791309357,0.11370909959077835,0.9914581179618835
0.9927372336387634,0.05130617320537567,0.10810443758964539,-0.0479891411960125,0.999687671661377,-0.025014610961079597,-0.10713048279285431,0.019260317087173462,0.9905344843864441
0.999821662902832,0.05612226575613022,-0.005054960027337074,-0.05665207281708717,0.9927229881286621,-0.10714453458786011,-0.0037663092371076345,0.10610873252153397,0.9886651039123535
0.999098002910614,0.05751252546906471,-0.014474031515419483,-0.058637019246816635,0.9927620887756348,-0.10610955953598022,0.005583471618592739,0.10470020025968552,0.9831897616386414
0.9937469959259033,0.02124246023595333,0.11397338658571243,-0.025317350402474403,0.9992631673812866,0.023753751069307327,-0.11178594827651978,-0.03310412913560867,0.9892786741256714
0.9927983283996582,-0.053441815078258514,-0.1081973984837532,0.05101536586880684,0.9976943135261536,-0.013197359628975391,0.10861358046531677,0.003339961403980851,0.9945195913314819
0.9918713569641113,-0.005743454676121473,0.12028028070926666,0.005098138004541397,1.0008257627487183,-0.0021583689376711845,-0.12051313370466232,0.005745081230998039,0.9917284250259399
0.9895033240318298,-0.04956880956888199,0.10635412484407425,0.05205147713422775,0.9986199140548706,-0.001373825827613473,-0.11074806749820709,0.010252701118588448,0.9931936860084534
0.985356330871582,-0.046282991766929626,0.0997646227478981,0.05247298628091812,0.9985572695732117,0.009414021857082844,-0.11279187351465225,0.0028283249121159315,0.9900406002998352
0.9821950793266296,-0.037971917539834976,0.09117207676172256,0.05520187318325043,0.9949445724487305,0.013909650035202503,-0.11633379012346268,0.008575127460062504,0.9842002987861633
0.9676313400268555,-0.02233852446079254,0.07373721152544022,0.05085768550634384,0.990846574306488,0.027565909549593925,-0.12843039631843567,0.007065459154546261,0.9692150354385376
0.9784295558929443,-0.009065748192369938,0.06845807284116745,0.05006798356771469,0.9931578636169434,0.04661812260746956,-0.12159731239080429,-0.0034874507691711187,0.963565468788147
0.9893719553947449,-0.025104504078626633,-0.07673905789852142,0.044396571815013885,0.9914377927780151,-0.06654692441225052,0.10276500880718231,0.03487494960427284,0.9770798683166504
0.9928196668624878,0.03561855107545853,0.06996028870344162,-0.03398699685931206,0.9941983222961426,-0.08500918000936508,-0.08748103678226471,0.076924629509449,0.98304682970047
0.9956498146057129,0.03175574168562889,-0.037823863327503204,-0.026746511459350586,0.993617832660675,0.1040973886847496,0.05521489307284355,-0.10554183274507523,0.9815784692764282
0.9985277056694031,-0.024757996201515198,-0.01988776959478855,0.02188917063176632,0.9938827753067017,-0.11072485148906708,0.03275388851761818,0.11490890383720398,0.9828470945358276
1.0012413263320923,-0.01994047500193119,-0.008226800709962845,0.019379304721951485,0.9938955307006836,-0.11588769406080246,0.015269391238689423,0.11876362562179565,0.9859610795974731
1.0009630918502808,-0.01848955638706684,0.0041555422358214855,0.01979270949959755,0.9932429194450378,-0.11789358407258987,0.0016594737535342574,0.12082517147064209,0.9879105091094971
0.9994743466377258,-0.021776989102363586,0.01445410493761301,0.023116445168852806,0.9930825233459473,-0.11710812151432037,-0.006952345371246338,0.11985499411821365,0.9889916777610779
0.9981430172920227,-0.029205098748207092,-0.02749580703675747,0.031516142189502716,0.9930386543273926,0.11323650181293488,0.020662575960159302,-0.1151810958981514,0.9914388656616211
0.9987772107124329,-0.035901959985494614,0.03457709401845932,0.03889968618750572,0.9927957653999329,-0.1092844307422638,-0.030393263325095177,0.11063819378614426,0.9926823973655701
0.9986679553985596,-0.03606836497783661,0.050012312829494476,0.04172129929065704,0.9936468005180359,-0.10278529673814774,-0.04692244902253151,0.10395735502243042,0.9915832281112671
0.9925503134727478,0.0552036315202713,0.10786736756563187,-0.05614878982305527,0.9996654987335205,0.00203627347946167,-0.10587059706449509,-0.008803903125226498,0.9903234243392944
0.9988987445831299,0.059888746589422226,-0.028577212244272232,-0.06251514703035355,0.9928129315376282,-0.10110966861248016,0.018374865874648094,0.10176392644643784,0.9872740507125854
0.9940462112426758,0.01587623544037342,0.1096077635884285,-0.021744264289736748,0.9992220401763916,0.040987350046634674,-0.10854431986808777,-0.04824322834610939,0.9911852478981018
0.9930004477500916,-0.006246952340006828,0.1191079244017601,0.007644737605005503,1.0006228685379028,-0.013514743186533451,-0.11884710937738419,0.017535360530018806,0.9915056228637695
0.9916421175003052,-0.04761048033833504,0.10817958414554596,0.049041327089071274,0.9985746741294861,-0.016282659024000168,-0.10875777900218964,0.023341244086623192,0.9933460354804993
0.989138126373291,-0.04904855042695999,0.10328076779842377,0.05140111222863197,0.9992309212684631,-0.010427476838231087,-0.10980375856161118,0.018226034939289093,0.9914122819900513
0.9836624264717102,-0.04754047840833664,0.0908227264881134,0.052154794335365295,0.9998960494995117,0.003884904785081744,-0.11368837207555771,0.00856656115502119,0.9860075116157532
0.9751794338226318,-0.039143938571214676,0.06465094536542892,0.05788147822022438,0.9979231357574463,0.018037110567092896,-0.1222531646490097,0.013609393499791622,0.9687883257865906
0.9794625043869019,-0.03375459834933281,0.03163829818367958,0.04365118220448494,0.9985799193382263,0.033033907413482666,-0.12855425477027893,0.013355838134884834,0.933692455291748
1.0223441123962402,-0.01919044926762581,0.04354768246412277,0.03730514645576477,1.0040767192840576,0.046122241765260696,-0.09949752688407898,0.006576593965291977,0.9286615252494812
1.0143814086914062,-0.02708728052675724,0.08379571884870529,0.029009666293859482,0.9941844940185547,0.05616435036063194,-0.08993172645568848,-0.012468538247048855,0.9614454507827759
0.996525764465332,-0.03275885805487633,0.09383649379014969,0.02471259981393814,0.995591938495636,0.059613969177007675,-0.10409583151340485,-0.04601265490055084,0.9755082726478577
0.9984408617019653,0.021743685007095337,-0.04529915004968643,-0.01895410567522049,0.9943132400512695,0.10093621164560318,0.0561378076672554,-0.10023953765630722,0.9749857187271118
0.9967801570892334,-0.014642230235040188,-0.011199705302715302,0.014085822738707066,0.9931935667991638,-0.10863610357046127,0.018615078181028366,0.12024477124214172,0.9731744527816772
0.9982922673225403,-0.010040604509413242,-0.003757379949092865,0.008533506654202938,0.9938915967941284,-0.11211422830820084,0.008782557211816311,0.12690776586532593,0.9695529937744141
1.0021355152130127,-0.014163770712912083,0.007032806519418955,0.015142966993153095,0.9926695227622986,-0.11868679523468018,-0.00043401328730396926,0.12272854149341583,0.9693458676338196
1.001415491104126,-0.0172500628978014,0.022309990599751472,0.020483462139964104,0.9932143092155457,-0.11758993566036224,-0.013259625062346458,0.11522543430328369,0.9782113432884216
0.9993876218795776,-0.018868351355195045,-0.03313474729657173,0.02327534928917885,0.9943305253982544,0.11521617323160172,0.026214824989438057,-0.11397960782051086,0.9865514636039734
0.9981730580329895,-0.019376175478100777,0.04397527128458023,0.02421705424785614,0.9940680265426636,-0.11162546277046204,-0.037660498172044754,0.11237067729234695,0.9902396202087402
0.9965106844902039,-0.03953748196363449,0.048781488090753555,0.043592024594545364,0.9937930107116699,-0.10236644744873047,-0.04330667108297348,0.10487265139818192,0.993005096912384
0.9978893995285034,-0.03647015988826752,0.05894369259476662,0.04224424809217453,0.9942579865455627,-0.09761559218168259,-0.05614655092358589,0.0995108038187027,0.9923245906829834
0.9987962245941162,0.05885803699493408,-0.03411851078271866,-0.06197742000222206,0.9930276870727539,-0.09913258999586105,0.02697262540459633,0.10110674798488617,0.9909255504608154
0.998283863067627,0.059181373566389084,-0.04324650391936302,-0.0631486251950264,0.9933534264564514,-0.09565992653369904,0.03303772583603859,0.09852762520313263,0.986916184425354
0.99437415599823,0.014245256781578064,-0.10525555163621902,-0.020530421286821365,0.9988847374916077,-0.05193571746349335,0.10457205772399902,0.058127496391534805,0.9918245077133179
0.9933154582977295,-0.0077667576260864735,0.11660190671682358,0.01000192016363144,1.0000017881393433,-0.025901876389980316,-0.11609617620706558,0.029259905219078064,0.9918906092643738
0.9918029308319092,-0.04483812302350998,0.10680942982435226,0.047651924192905426,0.9986092448234558,-0.02595779113471508,-0.10770459473133087,0.03173787519335747,0.993126630783081
0.9901682138442993,-0.048603836447000504,0.10134176909923553,0.05190197378396988,0.9990338087081909,-0.02153024822473526,-0.10711372643709183,0.02884800359606743,0.9914070963859558
0.9848127961158752,-0.05073119327425957,0.08831112831830978,0.053083982318639755,1.001055359840393,-0.005299034062772989,-0.11250486969947815,0.017481554299592972,0.9851614832878113
0.9774949550628662,-0.05228358879685402,0.05279672518372536,0.060255929827690125,1.003059983253479,0.015141145326197147,-0.12142915278673172,0.01674947328865528,0.9608951807022095
1.0005707740783691,-0.04685751721262932,0.028909053653478622,0.04104466736316681,0.9995901584625244,0.027777455747127533,-0.11516853421926498,0.012584610842168331,0.9246363043785095
1.0263967514038086,-0.03278626501560211,0.05602329224348068,0.03769133985042572,0.9998164772987366,0.03092055395245552,-0.08358225971460342,0.013525053858757019,0.9262560606002808
1.0120359659194946,-0.029062729328870773,0.09613413363695145,0.030393945053219795,0.9965417385101318,0.03868431970477104,-0.08841894567012787,-0.003434136277064681,0.9599649906158447
0.9935933351516724,-0.04147936776280403,0.10574355721473694,0.029524607583880424,0.9987720847129822,0.039290010929107666,-0.10788260400295258,-0.022587686777114868,0.9747762680053711
0.9999964833259583,-0.02321329154074192,0.09885512292385101,0.013574318960309029,0.9983711838722229,0.058237798511981964,-0.10005427151918411,-0.050545528531074524,0.9758715033531189
1.0013370513916016,-8.958555554272607e-05,0.0009078364237211645,0.007173891179263592,0.9952163100242615,-0.11527179926633835,-0.009157538414001465,0.1165391132235527,0.9755396246910095
0.9947781562805176,0.005839529447257519,-0.0020046208519488573,0.009023120626807213,0.9911559820175171,0.10513521730899811,0.019654499366879463,-0.1293349713087082,0.9746973514556885
1.0003303289413452,-0.007140394300222397,0.006275557447224855,0.008603683672845364,0.9952608346939087,-0.12205860763788223,-0.021808480843901634,0.11177575588226318,0.9611451625823975
1.0027989149093628,-0.011016017757356167,0.02761472575366497,0.01735883578658104,0.992669939994812,-0.12082560360431671,-0.026677405461668968,0.10625685006380081,0.9710461497306824
1.001704454421997,-0.015820106491446495,0.039323803037405014,0.0203079991042614,0.9939970374107361,-0.11591580510139465,-0.034066542983055115,0.11027174443006516,0.9825039505958557
0.9996148943901062,-0.014675641432404518,0.04837392270565033,0.021111086010932922,0.9936769008636475,-0.11346302926540375,-0.04198668524622917,0.1096421480178833,0.988021969795227
0.9966816306114197,-0.018606632947921753,0.058732595294713974,0.02598082646727562,0.994628369808197,-0.1059463694691658,-0.0519847571849823,0.10546714067459106,0.9912630319595337
0.9962406754493713,-0.040670402348041534,0.05319082364439964,0.04553242400288582,0.9943200945854187,-0.1001780703663826,-0.04812803119421005,0.10226084291934967,0.9934754371643066
0.9975336194038391,-0.0400407575070858,0.06415645778179169,0.046072911471128464,0.9945722222328186,-0.09294945746660233,-0.06109793856739998,0.09560523182153702,0.9921883344650269
0.9975692629814148,0.05620400607585907,-0.058565787971019745,-0.06102636456489563,0.9944833517074585,-0.08926991373300552,0.05096721649169922,0.09252851456403732,0.99003666639328
0.9959650635719299,0.05538547784090042,-0.06973496079444885,-0.06152517721056938,0.9954870343208313,-0.08217919617891312,0.0604693740606308,0.08868367969989777,0.9815429449081421
0.9951385855674744,0.03821432590484619,-0.08713577687740326,-0.043801918625831604,0.9972750544548035,-0.07192173600196838,0.08179653435945511,0.07811509072780609,0.9926163554191589
0.9932863116264343,-0.007439808454364538,0.11361464858055115,0.010357542894780636,0.9995721578598022,-0.038172073662281036,-0.11241056770086288,0.04095535725355148,0.9920992255210876
0.9919279217720032,-0.04369525983929634,0.10299052298069,0.048269037157297134,0.9982368350028992,-0.03753796964883804,-0.10436274111270905,0.04301894083619118,0.9929354190826416
0.9908537864685059,-0.04616622254252434,0.09796345978975296,0.052006155252456665,0.9983084201812744,-0.0336606502532959,-0.10360409319400787,0.04173325374722481,0.9908090829849243
0.9888286590576172,-0.0500001423060894,0.08992750942707062,0.05452718585729599,1.0002927780151367,-0.019440114498138428,-0.10811014473438263,0.03222154080867767,0.9855215549468994
0.9905598759651184,-0.06158188730478287,0.07039183378219604,0.057575710117816925,1.0055214166641235,0.0009338073432445526,-0.11206108331680298,0.021071629598736763,0.9673596024513245
1.003778338432312,-0.06070004403591156,0.06051524356007576,0.043098799884319305,1.0033565759658813,0.012632640078663826,-0.10590260475873947,0.012992733158171177,0.9415034055709839
1.0125081539154053,0.04784345626831055,0.07054219394922256,-0.040227968245744705,0.9979416728019714,-0.016680410131812096,-0.08427980542182922,-0.01640784926712513,0.9460116624832153
1.008779525756836,-0.03033433109521866,0.0956682339310646,0.03403070569038391,0.9963586926460266,0.028805851936340332,-0.09179046005010605,-0.007479889318346977,0.9694216847419739
0.9915749430656433,-0.03592253476381302,0.10624996572732925,0.03000768832862377,0.9994569420814514,0.03432310372591019,-0.10706564038991928,-0.02635015919804573,0.9785938858985901
0.9954025149345398,0.029718251898884773,0.09546125680208206,-0.03347618132829666,0.9996331930160522,0.055482372641563416,-0.0932922512292862,-0.06364532560110092,0.9791916608810425
0.9949955940246582,0.030519187450408936,0.09591221064329147,-0.035319603979587555,0.9986312985420227,0.05778354033827782,-0.09237110614776611,-0.06347250193357468,0.982333242893219
0.9932000041007996,-0.009445426985621452,0.0009578813333064318,-0.0025859561283141375,0.9867226481437683,0.11237456649541855,-0.010407404974102974,-0.12628817558288574,0.9888907670974731
0.9921442866325378,-0.011001761071383953,0.0012676252517849207,0.004934864584356546,0.9954547882080078,-0.1221562922000885,-0.01757003553211689,0.11674579232931137,0.9704002737998962
0.9951222538948059,-0.00856661144644022,0.035854410380125046,0.009287686087191105,0.989955723285675,-0.12220166623592377,-0.038942620158195496,0.10274289548397064,0.9730861186981201
1.0014805793762207,-0.010662196204066277,0.046914588660001755,0.015328706242144108,0.9926493167877197,-0.11687908321619034,-0.04486734792590141,0.10451652854681015,0.9817280769348145
1.0000554323196411,-0.0077496664598584175,0.057094380259513855,0.014555741101503372,0.9931100010871887,-0.1125296801328659,-0.05181840807199478,0.10558541119098663,0.9874633550643921
0.9973573684692383,-0.012469618581235409,0.0677303820848465,0.021312925964593887,0.9941650032997131,-0.10450498014688492,-0.06026694178581238,0.10144701600074768,0.9905914664268494
0.9957225918769836,-0.01330506056547165,0.07085491716861725,0.021393869072198868,0.9949965476989746,-0.09932569414377213,-0.06582170724868774,0.09900981932878494,0.9927285313606262
0.9965209364891052,-0.04392080754041672,0.06380074471235275,0.04965689778327942,0.9945340752601624,-0.09234052896499634,-0.05931318923830986,0.09520508348941803,0.9934929013252258
0.9962958693504333,-0.045534200966358185,0.08259326219558716,0.0511714443564415,0.9957695603370667,-0.07644803076982498,-0.07690343260765076,0.08018370717763901,0.9913054704666138
0.9948903322219849,0.04855085909366608,-0.08930202573537827,-0.05440213158726692,0.9970690011978149,-0.06943374872207642,0.08258622139692307,0.07279398292303085,0.9842398762702942
0.9946300387382507,0.042943209409713745,-0.09297195076942444,-0.0481928288936615,0.9974616765975952,-0.061983607709407806,0.08761974424123764,0.06828463077545166,0.992727518081665
0.9950150847434998,0.03685436770319939,-0.08382897078990936,-0.0425940677523613,0.9964133501052856,-0.07676034420728683,0.07928245514631271,0.08113712072372437,0.9933326244354248
0.9916945695877075,-0.03959861770272255,0.09968136996030807,0.045085154473781586,0.9981639981269836,-0.04792506992816925,-0.10199225693941116,0.05272157862782478,0.9922639727592468
0.9910700917243958,-0.0420050285756588,0.09409619122743607,0.04895571619272232,0.9984360933303833,-0.04330438748002052,-0.10171087086200714,0.05074125528335571,0.9887363314628601
0.9930493235588074,-0.046553682535886765,0.09079894423484802,0.0534566305577755,0.999552309513092,-0.030509116128087044,-0.10331251472234726,0.04205457493662834,0.9848266243934631
0.9961927533149719,-0.05079090595245361,0.08983463793992996,0.05410251393914223,1.0027434825897217,-0.01802879199385643,-0.10369301587343216,0.03403066098690033,0.9789836406707764
0.9939540028572083,-0.055070485919713974,0.08482946455478668,0.053272657096385956,1.0052564144134521,-0.006163671612739563,-0.1045018658041954,0.027717648074030876,0.9672779440879822
1.000361680984497,0.058159828186035156,0.08081085979938507,-0.050661828368902206,0.9999169707298279,-0.0017989174230024219,-0.09005173295736313,-0.030155980959534645,0.9691587686538696
1.004347801208496,0.054194316267967224,0.09092666953802109,-0.051017098128795624,0.9940023422241211,-0.01104817632585764,-0.0964776873588562,-0.014877185225486755,0.9816614985466003
0.9954038262367249,0.030200619250535965,0.09453150629997253,-0.0327177569270134,0.9986181259155273,0.05467439070343971,-0.09466872364282608,-0.06557627022266388,0.9829931259155273
0.9955772757530212,0.03038555569946766,0.0954555943608284,-0.03489513695240021,0.9986245632171631,0.058071061968803406,-0.09383341670036316,-0.0628233402967453,0.9839661121368408
0.9953933358192444,0.029884126037359238,0.09657608717679977,-0.03527573123574257,0.9982044696807861,0.05923556163907051,-0.09350891411304474,-0.0641966313123703,0.9861207008361816
0.9955633282661438,0.02955261617898941,0.0979466438293457,-0.03559455648064613,0.9979954957962036,0.059745632112026215,-0.09668713808059692,-0.06541334837675095,0.9851821064949036
0.9966999292373657,0.028335312381386757,0.1010546013712883,-0.035438403487205505,0.9980810284614563,0.06051914393901825,-0.09743355959653854,-0.061383992433547974,0.9803658127784729
0.9949204325675964,0.004347154870629311,0.06250975281000137,-6.591049896087497e-05,0.9912667274475098,-0.10980544984340668,-0.0646587684750557,0.09286025911569595,0.9821288585662842
0.9999733567237854,-0.00682839984074235,0.05681866779923439,0.011717838235199451,0.990642249584198,-0.11337035149335861,-0.05693230405449867,0.10020870715379715,0.9843633770942688
1.0000921487808228,-0.004042233340442181,0.06708341836929321,0.011574013158679008,0.9926321506500244,-0.10810602456331253,-0.06251805275678635,0.09970257431268692,0.9878310561180115
0.9972366690635681,-0.009540156461298466,0.07704240828752518,0.01908233016729355,0.9940920472145081,-0.09982750564813614,-0.06918855756521225,0.09575993567705154,0.9907026290893555
0.9955809116363525,-0.010816849768161774,0.0780237689614296,0.020007044076919556,0.9949198961257935,-0.09586983919143677,-0.07188118994235992,0.09460128098726273,0.99310702085495
0.9962718486785889,-0.04424447938799858,0.066378653049469,0.050329554826021194,0.9947112798690796,-0.0917743369936943,-0.06072553992271423,0.09414571523666382,0.9939311742782593
0.9941539764404297,0.03945016860961914,-0.1066432073712349,-0.04434790089726448,0.997968316078186,-0.04499095678329468,0.10257679969072342,0.050691455602645874,0.9912889003753662
0.9958752989768982,0.01209100242704153,0.09678253531455994,-0.019100254401564598,0.9977343082427979,0.06849145144224167,-0.09549612551927567,-0.07177536934614182,0.990900993347168
0.9944862127304077,0.03168544918298721,-0.09385275095701218,-0.03767511993646622,0.9973332285881042,-0.06728240847587585,0.0904717966914177,0.07099328935146332,0.993103563785553
0.9923478364944458,0.03282437101006508,-0.09551062434911728,-0.03875025361776352,0.9979398250579834,-0.06068168208003044,0.09784358739852905,0.06354008615016937,0.9920688271522522
0.9926857948303223,-0.03751634806394577,0.09081810712814331,0.04294326528906822,0.9982606768608093,-0.05716550722718239,-0.09738088399171829,0.060757845640182495,0.9887109994888306
0.9954229593276978,-0.044035423547029495,0.08921048045158386,0.048149921000003815,0.99863201379776,-0.04914722591638565,-0.09643610566854477,0.0551360547542572,0.9865522980690002
0.9968104958534241,-0.04846527799963951,0.09139818698167801,0.05119551718235016,0.9991838932037354,-0.04148859903216362,-0.09632769227027893,0.049680497497320175,0.9854155778884888
0.9945429563522339,-0.04939281940460205,0.09304922074079514,0.05282953009009361,1.001961350440979,-0.03365915268659592,-0.10017920285463333,0.045719314366579056,0.9805132746696472
0.9946511387825012,-0.06220731884241104,0.0820544883608818,0.06363701820373535,0.9997786283493042,-0.027995839715003967,-0.08537635952234268,0.05253761261701584,0.98103266954422
0.9980233907699585,0.07589181512594223,0.07496382296085358,-0.07800941169261932,0.9917587637901306,0.011870304122567177,-0.08202888816595078,-0.037900932133197784,0.9888921976089478
0.9964540004730225,0.029846342280507088,0.09464826434850693,-0.03291262313723564,0.9994097352027893,0.05699162557721138,-0.09185407310724258,-0.06600912660360336,0.9829107522964478
0.9950717687606812,0.030016634613275528,0.09604517370462418,-0.03525328263640404,0.9983168244361877,0.05970217287540436,-0.09320937842130661,-0.06548316776752472,0.9873433113098145
0.9952460527420044,0.029785044491291046,0.0965784341096878,-0.035470135509967804,0.9980610013008118,0.060286134481430054,-0.0957006886601448,-0.06534767895936966,0.9882721900939941
0.9953128099441528,0.029637088999152184,0.09746351093053818,-0.035620734095573425,0.9980703592300415,0.06075306981801987,-0.09578339010477066,-0.06489203125238419,0.9868419170379639
0.995628297328949,0.02935614436864853,0.09900400042533875,-0.03528063744306564,0.9978301525115967,0.061560600996017456,-0.09535978734493256,-0.064735047519207,0.985561728477478
0.9963299632072449,-0.0035324518103152514,0.07270307838916779,0.007110991049557924,0.9941596984863281,-0.100844606757164,-0.07213501632213593,0.09455578774213791,0.9846368432044983
0.9978175759315491,-0.018608450889587402,0.06418472528457642,0.02245607227087021,0.9932898879051208,-0.1063995435833931,-0.061373885720968246,0.10025642067193985,0.9840158224105835
0.9991994500160217,-0.011662275530397892,0.07383174449205399,0.018658289685845375,0.9934186339378357,-0.10281945765018463,-0.06755581498146057,0.09608544409275055,0.9872543811798096
0.9972128868103027,-0.014411215670406818,0.07966332882642746,0.02314504235982895,0.9944920539855957,-0.09760916978120804,-0.07108273357152939,0.09383305162191391,0.9906069040298462
0.9959339499473572,-0.014751202426850796,0.0789150595664978,0.023904409259557724,0.9947072267532349,-0.09552259743213654,-0.07124299556016922,0.09401552379131317,0.9935185313224792
0.9962605834007263,-0.03672569617629051,0.07362966984510422,0.04336412250995636,0.9950407147407532,-0.09097839891910553,-0.06829092651605606,0.0931699350476265,0.9938039183616638
0.9934264421463013,0.035718124359846115,-0.11343684792518616,-0.0398094616830349,0.9989721179008484,-0.033246975392103195,0.10917717218399048,0.03899892047047615,0.9906867742538452
0.9942992329597473,0.04554885998368263,-0.10029372572898865,-0.04954080283641815,0.9977154731750488,-0.046899762004613876,0.09521781653165817,0.05345384031534195,0.9918283224105835
0.9941777586936951,-0.04116733744740486,0.09166374802589417,0.04667804762721062,0.9970515966415405,-0.06467553973197937,-0.08809390664100647,0.0686495378613472,0.9935111403465271
0.9933374524116516,-0.034358758479356766,0.09040164947509766,0.040946267545223236,0.997243344783783,-0.0678228884935379,-0.09192465245723724,0.07010200619697571,0.9928467273712158
0.9945283532142639,-0.037352245301008224,0.08826468139886856,0.04435747116804123,0.9972325563430786,-0.06469108909368515,-0.09155678004026413,0.06796402484178543,0.9909368753433228
0.9955962300300598,-0.043734125792980194,0.08712074160575867,0.049949947744607925,0.9971228837966919,-0.05929192900657654,-0.08958228677511215,0.06534431874752045,0.990526556968689
0.9958207607269287,-0.0463004894554615,0.08986157923936844,0.051132529973983765,0.9972917437553406,-0.053586024791002274,-0.09174054116010666,0.060982342809438705,0.99002605676651
0.9950399398803711,-0.046056538820266724,0.0927751287817955,0.05123806372284889,0.9982222318649292,-0.04949502646923065,-0.09533404558897018,0.05698211491107941,0.9868553280830383
0.9938616156578064,-0.055306799709796906,0.08538609743118286,0.060296110808849335,0.9989699125289917,-0.048385798931121826,-0.0862208753824234,0.06018255650997162,0.9848835468292236
0.9964876770973206,-0.07968984544277191,0.06245825067162514,0.0822853073477745,0.9939991235733032,-0.04658155143260956,-0.06115113943815231,0.06521843373775482,0.9893684983253479
0.9964491128921509,0.03043404407799244,0.09507334232330322,-0.03469006344676018,0.9990232586860657,0.05990646034479141,-0.09223603457212448,-0.06329922378063202,0.9851808547973633
0.9949336647987366,0.029890766367316246,0.09642484784126282,-0.03561992570757866,0.9980194568634033,0.060885582119226456,-0.09377032518386841,-0.06499824672937393,0.9889132380485535
0.9950644969940186,0.02991625852882862,0.09670469164848328,-0.03551214188337326,0.9979424476623535,0.061251722276210785,-0.09571845829486847,-0.06556699424982071,0.9895724654197693
0.995248019695282,0.029772307723760605,0.09737098962068558,-0.035590194165706635,0.9979028701782227,0.06176643446087837,-0.09563534706830978,-0.06539703905582428,0.9885834455490112
0.9953916072845459,0.029571523889899254,0.09854445606470108,-0.03564046323299408,0.9977543950080872,0.062230560928583145,-0.0963054820895195,-0.06580320000648499,0.9866198897361755
0.9954801797866821,0.029079901054501534,0.10021570324897766,-0.03510645404458046,0.9968330264091492,0.06326928734779358,-0.09537176787853241,-0.06571223586797714,0.9847875833511353
0.9969465732574463,0.02738361805677414,0.0865713357925415,-0.03219125419855118,0.9954884052276611,0.08463878929615021,-0.08053887635469437,-0.08387823402881622,0.9842472672462463
0.9966157078742981,0.019609566777944565,0.09318417310714722,-0.027662022039294243,0.9954488277435303,0.08359605818986893,-0.08393000066280365,-0.08031098544597626,0.9872286915779114
0.9954988956451416,0.017849046736955643,0.09522853046655655,-0.026564303785562515,0.9958820939064026,0.08092550188302994,-0.08563636243343353,-0.0788056030869484,0.9914982318878174
0.9925935864448547,0.019383767619729042,0.11231556534767151,-0.02642100490629673,0.9984570145606995,0.05079371854662895,-0.10514196753501892,-0.05273354798555374,0.9943411350250244
0.9950785636901855,-0.022332394495606422,-0.09628746658563614,0.029639115557074547,0.9968886375427246,0.073815256357193,0.09267516434192657,-0.07629863917827606,0.9929264783859253
0.9932184219360352,0.0343417190015316,0.11607784777879715,-0.03826531395316124,0.9992387294769287,0.029031874611973763,-0.1107877567410469,-0.03466986119747162,0.9900391101837158
0.9975817799568176,0.007736445404589176,0.08304411917924881,-0.014731017872691154,0.9967983365058899,0.08290600776672363,-0.08350899815559387,-0.08558309823274612,0.9884355664253235
0.9941413402557373,0.0338238924741745,0.09945811331272125,-0.039144132286310196,0.9978099465370178,0.05717702955007553,-0.09620851278305054,-0.06059765815734863,0.9929015040397644
0.9938763976097107,-0.03646889701485634,0.08528779447078705,0.04317504167556763,0.9966179728507996,-0.07344353199005127,-0.08633475750684738,0.07550866901874542,0.993676483631134
0.9954502582550049,-0.03866218030452728,0.08328761160373688,0.04648268595337868,0.9965002536773682,-0.07113660126924515,-0.08548161387443542,0.07468775659799576,0.9922195672988892
0.9958655834197998,-0.0458180233836174,0.0818236693739891,0.05328146368265152,0.9961390495300293,-0.06587446480989456,-0.08308485150337219,0.07288597524166107,0.9918854236602783
0.9962495565414429,0.04907155781984329,-0.08136482536792755,-0.054990723729133606,0.996051549911499,-0.06428879499435425,0.08145169168710709,0.07268514484167099,0.9913464784622192
0.9956513047218323,0.04956430569291115,-0.08310482650995255,-0.05541753023862839,0.9963861107826233,-0.06255827099084854,0.08363107591867447,0.07069967687129974,0.9896060228347778
0.9954107999801636,0.05330822989344597,-0.08041859418153763,-0.05877016484737396,0.9966303110122681,-0.0635809674859047,0.07944376766681671,0.07153064012527466,0.9878057241439819
0.9966006278991699,-0.07218170911073685,0.05943773686885834,0.0761377364397049,0.9943661093711853,-0.06806525588035583,-0.05400346592068672,0.07809650152921677,0.9898972511291504
0.9961469769477844,-0.05883985757827759,-0.07502610236406326,0.06331735104322433,0.9961497187614441,0.06903471052646637,0.06867504864931107,-0.07538850605487823,0.9902432560920715
0.9949299693107605,0.029882723465561867,0.09678064286708832,-0.03596566990017891,0.9977705478668213,0.06167466938495636,-0.09463262557983398,-0.06560388952493668,0.9904980063438416
0.9950544238090515,0.029956568032503128,0.0971175879240036,-0.03552661091089249,0.9975394010543823,0.06176096946001053,-0.0956021100282669,-0.06559032201766968,0.9908140301704407
0.9950921535491943,0.029935380443930626,0.09770340472459793,-0.035470686852931976,0.9976606965065002,0.06244456022977829,-0.09630326926708221,-0.06593136489391327,0.9893667101860046
0.9951654672622681,0.029706457629799843,0.09849453717470169,-0.03586915507912636,0.9976961016654968,0.06287863105535507,-0.09604870527982712,-0.06550136208534241,0.987285315990448
0.9954943060874939,0.0298331156373024,0.09992390125989914,-0.03606046363711357,0.9974618554115295,0.06285101920366287,-0.09476607292890549,-0.06423085927963257,0.9866456389427185
0.9963188171386719,0.04089684784412384,-0.10104615241289139,-0.044666726142168045,0.9968394637107849,-0.05822731554508209,0.0947628989815712,0.06239321455359459,0.9859759211540222
0.994537889957428,0.03353509679436684,-0.10402460396289825,-0.03960457444190979,0.9968258738517761,-0.0633566603064537,0.0923491045832634,0.06524085998535156,0.9876565933227539
0.9936167597770691,0.032475244253873825,-0.10375004261732101,-0.038536008447408676,0.9970825910568237,-0.06309458613395691,0.09259261935949326,0.06479363888502121,0.9928659796714783
0.9935886263847351,0.026683112606406212,-0.10148082673549652,-0.03433600440621376,0.9971075057983398,-0.06579973548650742,0.09584013372659683,0.06824499368667603,0.995426595211029
0.992372453212738,0.03311653807759285,-0.11792122572660446,-0.03549143299460411,0.9994131326675415,-0.0181156937032938,0.11571447551250458,0.022624026983976364,0.9927245378494263
0.9927584528923035,0.0326898954808712,-0.11907698214054108,-0.03623724356293678,0.9994032979011536,-0.016874946653842926,0.11559987813234329,0.02346430905163288,0.9876552820205688
0.9982666969299316,0.0063740904442965984,0.07754752784967422,-0.012506476603448391,0.9965945482254028,0.08668752759695053,-0.07876475900411606,-0.08946650475263596,0.9848446249961853
