0.9976112246513367,0.043139923363924026,0.06062781438231468,-0.039724987000226974,0.9976567625999451,-0.05768866091966629,-0.05718851089477539,0.0551760271191597,0.9835014343261719
0.998968243598938,0.04269730672240257,0.05382709950208664,-0.03877515718340874,0.9973881244659424,-0.06353050470352173,-0.054375890642404556,0.05953836068511009,0.9861348271369934
0.999809205532074,0.04224959388375282,0.04762129485607147,-0.0389164574444294,0.9971446394920349,-0.06827337294816971,-0.05025725066661835,0.06494667381048203,0.9871882796287537
1.0000296831130981,0.04134679585695267,0.04056744650006294,-0.03889833018183708,0.9968087673187256,-0.07380609214305878,-0.04122424125671387,0.07139727473258972,0.9847197532653809
0.998859703540802,0.04091721400618553,0.03821224719285965,-0.038248855620622635,0.9964503049850464,-0.07673615217208862,-0.032354243099689484,0.07421896606683731,0.9784413576126099
0.9962738752365112,0.03661540523171425,0.08499656617641449,-0.03446149080991745,0.9992053508758545,-0.022995132952928543,-0.08301680535078049,0.016519339755177498,0.9923771619796753
0.9964855909347534,0.03911859542131424,0.07978709042072296,-0.03652587905526161,0.9987301230430603,-0.03459839150309563,-0.08017880469560623,0.02870960347354412,0.9951121211051941
0.997124195098877,0.041343770921230316,0.07043180614709854,-0.03797316178679466,0.997728705406189,-0.049774691462516785,-0.07114293426275253,0.04502986744046211,0.9958502650260925
0.9976097941398621,0.04212518408894539,0.06220107898116112,-0.03843481466174126,0.9972700476646423,-0.059065379202365875,-0.06293956190347672,0.055604804307222366,0.9958871603012085
0.9996538758277893,0.027570456266403198,-0.00011472898040665314,-0.027741828933358192,0.9957733154296875,-0.09030771255493164,-0.0015198355540633202,0.08869177103042603,0.9952370524406433
0.9995562434196472,0.02847002074122429,0.014551486819982529,-0.02740691415965557,0.995924174785614,-0.08886395394802094,-0.015770161524415016,0.0870218351483345,0.9951115846633911
0.9990756511688232,0.03327787294983864,-0.03125809505581856,-0.03029337152838707,0.9958574771881104,0.0834054946899414,0.031621720641851425,-0.08103132247924805,0.9954598546028137
0.9985671043395996,0.03596753254532814,-0.04700925573706627,-0.031951069831848145,0.9965320229530334,0.07500525563955307,0.046969641000032425,-0.07243641465902328,0.9950056076049805
0.9982417821884155,0.03812044858932495,-0.05635285750031471,-0.03356475383043289,0.997107207775116,0.0669858530163765,0.05704718828201294,-0.06415239721536636,0.9943985342979431
0.9996397495269775,0.042182452976703644,0.028410034254193306,-0.04008432850241661,0.9960376620292664,-0.0789511650800705,-0.03251658007502556,0.07747050374746323,0.9934667944908142
1.0000498294830322,0.041875965893268585,0.02235908806324005,-0.04057477042078972,0.9962185025215149,-0.08023761212825775,-0.02707853354513645,0.07917454093694687,0.9916979670524597
1.000247597694397,0.04161868616938591,0.020622745156288147,-0.03991882875561714,0.996381402015686,-0.08144383877515793,-0.024008095264434814,0.079246386885643,0.9887174963951111
0.9959444403648376,0.03048006445169449,0.09093956649303436,-0.030463524162769318,0.9992072582244873,-0.005376518238335848,-0.08810573816299438,-0.00039519782876595855,0.9965448975563049
0.9955399036407471,0.03292335569858551,0.08899559080600739,-0.03247459977865219,0.9992449879646301,-0.011425922624766827,-0.08723236620426178,0.006410266272723675,0.9967790246009827
0.9950279593467712,-0.010657425038516521,0.09333028644323349,0.010262404568493366,1.0001150369644165,0.011706246063113213,-0.09235123544931412,-0.008423656225204468,0.9964780807495117
0.995189368724823,-0.01150245126336813,0.09212689846754074,0.010601579211652279,0.999770998954773,0.016165215522050858,-0.09236196428537369,-0.012814597226679325,0.996801495552063
0.9951977729797363,-0.010916013270616531,0.09203218668699265,0.009668435901403427,1.0000494718551636,0.016821328550577164,-0.09280600398778915,-0.0137547068297863,0.996705949306488
0.9953144192695618,-0.015768323093652725,0.08801498264074326,0.013521487824618816,0.9998960494995117,0.02931477129459381,-0.08948096632957458,-0.02580966241657734,0.9969615340232849
0.9952195286750793,-0.04059233516454697,0.07543964684009552,0.0389469638466835,0.9980735182762146,0.039029818028211594,-0.07764099538326263,-0.034760113805532455,0.9986804723739624
0.997975766658783,0.020931275561451912,-0.025919999927282333,-0.018468283116817474,0.9959608912467957,0.08757015317678452,0.030275264754891396,-0.08719971776008606,0.9976125955581665
0.9970974326133728,0.024885406717658043,-0.04475324973464012,-0.021337110549211502,0.9967308044433594,0.07921436429023743,0.047722168266773224,-0.0773240476846695,0.9978837370872498
0.9963635206222534,0.032199446111917496,0.059614550322294235,-0.028335116803646088,0.9974323511123657,-0.06626664102077484,-0.06126280128955841,0.06384672969579697,0.9979740381240845
0.9989132285118103,-0.027749434113502502,-0.018298650160431862,0.025284696370363235,0.9954164624214172,-0.08798349648714066,0.02088642679154873,0.0870760977268219,0.997291624546051
0.9993182420730591,-0.02979107014834881,-0.0030190201941877604,0.029160959646105766,0.9953302145004272,-0.08849074691534042,0.005371004343032837,0.08816304057836533,0.9967784881591797
0.999538004398346,-0.026868149638175964,0.007463146932423115,0.027425339445471764,0.9954474568367004,-0.08899147063493729,-0.005943016614764929,0.08878999203443527,0.9959877133369446
0.9997831583023071,-0.03040238842368126,-0.012632247060537338,0.03161732479929924,0.9955959916114807,0.08713895082473755,0.01057501696050167,-0.08731985837221146,0.9950683116912842
0.9995593428611755,0.04373714700341225,0.013546261005103588,-0.04264286160469055,0.9958730936050415,-0.08114592730998993,-0.017696799710392952,0.08112818002700806,0.9942217469215393
0.999717116355896,0.04444412142038345,0.006200899835675955,-0.043551359325647354,0.9956953525543213,-0.08176692575216293,-0.010056537576019764,0.08127294480800629,0.9921970367431641
0.9950580596923828,0.026811813935637474,0.0915711298584938,-0.027969758957624435,0.999202311038971,0.003019040683284402,-0.08924119919538498,-0.008499638177454472,0.9980839490890503
0.9947235584259033,-0.00976482592523098,0.09334734082221985,0.00951308198273182,1.0005652904510498,0.0066330390982329845,-0.09351184219121933,-0.0025547780096530914,0.9968207478523254
0.9952248334884644,-0.010728561319410801,0.09249348193407059,0.00976163987070322,1.0007612705230713,0.008075341582298279,-0.09370315074920654,-0.00441777054220438,0.9967392683029175
0.994462788105011,-0.040643323212862015,0.08303409814834595,0.040675655007362366,0.9990599155426025,0.0100611736997962,-0.08516959100961685,-0.004793684463948011,0.9979673027992249
0.9943557977676392,-0.0409553125500679,0.08149013668298721,0.04285704344511032,0.998108446598053,0.01128716766834259,-0.08419105410575867,-0.005632852204144001,0.9974669218063354
0.9950181841850281,-0.03817744180560112,0.08064574748277664,0.038319267332553864,0.9982373118400574,0.023352667689323425,-0.08464431762695312,-0.01745009608566761,0.9967970848083496
0.995010495185852,-0.03915846720337868,0.0745747834444046,0.03671862185001373,0.9988349676132202,0.03832292556762695,-0.0811234787106514,-0.03200041130185127,0.996637761592865
0.9963430166244507,-0.038945216685533524,-0.06101733073592186,0.036158058792352676,0.9976009130477905,-0.056935809552669525,0.06901859492063522,0.052287906408309937,0.9971341490745544
0.9972995519638062,0.03397431969642639,0.04931492358446121,-0.03003552183508873,0.99703449010849,-0.07023701816797256,-0.05720852315425873,0.06819283217191696,0.9973903894424438
0.9982816576957703,0.028815679252147675,-0.034123919904232025,-0.024594783782958984,0.9962756037712097,0.0806153193116188,0.04218193516135216,-0.08087453991174698,0.9973601698875427
0.9991046190261841,-0.024149447679519653,-0.018178090453147888,0.02112814411520958,0.9956091046333313,-0.08696136623620987,0.025334537029266357,0.08844776451587677,0.9973771572113037
0.999329149723053,-0.021375803276896477,-0.006598968990147114,0.019683703780174255,0.99526447057724,-0.0893845409154892,0.01265911664813757,0.09144246578216553,0.9975132942199707
0.9992026686668396,-0.019149040803313255,0.0036454873625189066,0.018290910869836807,0.9953819513320923,-0.09027326107025146,0.0010513479355722666,0.09239371865987778,0.9975984692573547
0.9989930987358093,-0.025474904105067253,0.006821697577834129,0.025195270776748657,0.995248019695282,-0.08876557648181915,-0.0036191013641655445,0.09034314751625061,0.9976935982704163
0.9992918372154236,-0.02752642333507538,0.015092708170413971,0.028498178347945213,0.9954927563667297,-0.0868149995803833,-0.01323981024324894,0.08849412947893143,0.9968832731246948
0.9957462549209595,0.041667766869068146,0.08116906136274338,-0.04052720218896866,0.9992156028747559,-0.01692507602274418,-0.0828920230269432,0.014503291808068752,0.996152937412262
0.9993793964385986,0.046389758586883545,-0.0001762726897140965,-0.04601285979151726,0.995611846446991,-0.0800182893872261,-0.00349744432605803,0.08166341483592987,0.9954200983047485
0.9993308186531067,0.04772600904107094,-0.0062803165055811405,-0.04785424470901489,0.9956516623497009,-0.07852580398321152,0.0026620293501764536,0.0805894285440445,0.9933050870895386
0.9957694411277771,0.019277244806289673,0.09058593213558197,-0.022212550044059753,0.9995816946029663,0.02110004425048828,-0.0878559798002243,-0.027574550360441208,0.9999381899833679
0.995353639125824,-0.043944649398326874,-0.08194585889577866,0.04248654469847679,0.9986266493797302,-0.008500896394252777,0.0849771574139595,0.0032205048482865095,0.9985703229904175
0.9955216646194458,-0.007503559812903404,0.09281691908836365,0.006809908896684647,1.0008591413497925,-0.003099505789577961,-0.0936155915260315,0.005553176626563072,0.996376633644104
0.9940202832221985,-0.04152495041489601,0.08200158178806305,0.04240131750702858,0.9995309114456177,-0.0037691225297749043,-0.08408087491989136,0.008180043660104275,0.9975010752677917
0.9892023205757141,-0.038631632924079895,0.07743864506483078,0.0433562733232975,0.9993818998336792,0.00435976218432188,-0.08608753234148026,0.0022800699807703495,0.9960165023803711
0.98509681224823,-0.031051097437739372,0.06922215223312378,0.04657422751188278,0.9962141513824463,0.008505587466061115,-0.09002163261175156,0.006935973186045885,0.9916399121284485
0.9703284502029419,-0.01687878742814064,0.05218130350112915,0.04375135153532028,0.9921991229057312,0.020114731043577194,-0.10145764797925949,0.00660043815150857,0.9787240624427795
0.9799878001213074,-0.0036893135402351618,0.04694589972496033,0.0434529110789299,0.9947916269302368,0.034721583127975464,-0.09586728364229202,-0.00021963889594189823,0.9734511971473694
0.9907269477844238,-0.01842029206454754,-0.056283432990312576,0.03799740970134735,0.9937019944190979,-0.04939304664731026,0.07997678965330124,0.025271838530898094,0.9853548407554626
0.9944799542427063,0.029736220836639404,0.053164590150117874,-0.029486728832125664,0.9964864253997803,-0.0632898136973381,-0.06794073432683945,0.0597897544503212,0.9910855889320374
0.997032880783081,0.027211390435695648,-0.029317189007997513,-0.02347766049206257,0.9962628483772278,0.07813560962677002,0.04325206205248833,-0.08198334276676178,0.9897124767303467
0.9995952844619751,-0.021620461717247963,-0.01607772707939148,0.019607676193118095,0.9966012239456177,-0.08401957899332047,0.026261264458298683,0.0889977365732193,0.990587055683136
1.0018976926803589,-0.01804531179368496,-0.007106132339686155,0.018064109608530998,0.9965957403182983,-0.08881636708974838,0.012867646291851997,0.09201785922050476,0.9929300546646118
1.0017651319503784,-0.016902808099985123,0.002805054886266589,0.01854005455970764,0.9960322976112366,-0.09046687185764313,0.0020924340933561325,0.09374187886714935,0.9941811561584473
1.0004127025604248,-0.019115611910820007,0.010752251371741295,0.021207505837082863,0.9960150718688965,-0.08929925411939621,-0.004901949781924486,0.09281296283006668,0.9947232604026794
0.9990454912185669,-0.025715192779898643,-0.020616913214325905,0.027511820197105408,0.9964184165000916,0.08588922768831253,0.015729527920484543,-0.08934122323989868,0.9961966872215271
0.9987092018127441,-0.031128063797950745,0.025143997743725777,0.032807908952236176,0.99571692943573,-0.08294005692005157,-0.022314537316560745,0.08571295440196991,0.9973263144493103
0.9987062811851501,-0.03171242028474808,0.0363958440721035,0.03438660129904747,0.9962206482887268,-0.07795299589633942,-0.03529595583677292,0.08086421340703964,0.9965159296989441
0.9959582686424255,0.045524582266807556,0.07987963408231735,-0.046358343213796616,0.9991742968559265,0.003679415211081505,-0.08148324489593506,-0.007283863145858049,0.9956848621368408
0.99921715259552,0.04974144324660301,-0.017435472458600998,-0.05047666281461716,0.9957671165466309,-0.0750754326581955,0.013479964807629585,0.0783584862947464,0.994687020778656
0.9957469701766968,0.015264428220689297,0.08646364510059357,-0.01886029727756977,0.999409556388855,0.034057267010211945,-0.08383423835039139,-0.03967256844043732,0.998537540435791
0.9951253533363342,-0.00835547037422657,0.09195929765701294,0.008297223597764969,1.0003286600112915,-0.011983099393546581,-0.09274641424417496,0.014953075908124447,0.996938943862915
0.9958866834640503,-0.039250362664461136,0.08270860463380814,0.04020310565829277,0.9991710186004639,-0.015520403161644936,-0.08280175924301147,0.018590649589896202,0.9975257515907288
0.9929105639457703,-0.04087042436003685,0.0803641751408577,0.04218696802854538,0.9996823668479919,-0.011277389712631702,-0.08356798440217972,0.014414866454899311,0.9970685839653015
0.9866241216659546,-0.03991466015577316,0.06958018988370895,0.04363318905234337,1.0002754926681519,0.0002166449121432379,-0.08737147599458694,0.006712550763040781,0.9935709238052368
0.9772321581840515,-0.031967855989933014,0.04431654140353203,0.04950676113367081,0.9986379742622375,0.013262909837067127,-0.09575220197439194,0.010414747521281242,0.9790394902229309
0.9799993634223938,-0.02758927084505558,0.011165186762809753,0.037632111459970474,0.9989938139915466,0.0271641593426466,-0.10259383916854858,0.010786029510200024,0.9478325247764587
1.0207622051239014,-0.013564502820372581,0.020024819299578667,0.03247731178998947,1.0043392181396484,0.03636008873581886,-0.07732713967561722,0.007605290040373802,0.9417978525161743
1.0150158405303955,-0.020125970244407654,0.058394961059093475,0.025404661893844604,0.9952239394187927,0.04288514703512192,-0.06826198101043701,-0.00646424712613225,0.9712029099464417
0.9983354806900024,-0.027320092543959618,0.06957342475652695,0.022882012650370598,0.9964920878410339,0.04446592926979065,-0.08153622597455978,-0.035443972796201706,0.9851184487342834
0.998589277267456,0.019051704555749893,-0.03394411504268646,-0.018353614956140518,0.9968592524528503,0.0751764103770256,0.04439288750290871,-0.0780610665678978,0.9846885204315186
0.9969695806503296,-0.014089912176132202,-0.009429284371435642,0.013578973710536957,0.9957984685897827,-0.08173462003469467,0.015641028061509132,0.0939812883734703,0.9831781983375549
0.9986236095428467,-0.010179293341934681,-0.004684064537286758,0.008708743378520012,0.9962945580482483,-0.08543536067008972,0.008782407268881798,0.09990507364273071,0.979431688785553
1.0021618604660034,-0.013630351983010769,0.003437953069806099,0.014571050181984901,0.9953998327255249,-0.09101822972297668,0.0017545309383422136,0.09645837545394897,0.9784311056137085
1.0014535188674927,-0.016450000926852226,0.015381311066448689,0.018723299726843834,0.9960349798202515,-0.08997172862291336,-0.0087566077709198,0.08980879187583923,0.9859943389892578
1.0003020763397217,-0.017879722639918327,-0.02404693514108658,0.02070450410246849,0.9969021081924438,0.08806350082159042,0.020060600712895393,-0.08881216496229172,0.9927992820739746
0.9992793202400208,-0.017901994287967682,0.03268717601895332,0.021575111895799637,0.9967032074928284,-0.08515148609876633,-0.028984174132347107,0.08715508133172989,0.9952466487884521
0.9979553818702698,-0.033784352242946625,0.03564108908176422,0.036209192126989365,0.996355414390564,-0.07799255847930908,-0.0328669436275959,0.08111229538917542,0.9971034526824951
0.9983339309692383,-0.0320078544318676,0.04359445348381996,0.03498714789748192,0.9967334270477295,-0.07411491125822067,-0.04253239184617996,0.07720213383436203,0.9963412880897522
0.9989221096038818,0.048854656517505646,-0.0232552383095026,-0.050076745450496674,0.9959555864334106,-0.07421910762786865,0.02009712904691696,0.07755590230226517,0.995896577835083
0.9989222884178162,0.049252379685640335,-0.028945043683052063,-0.05080217123031616,0.9961414933204651,-0.07141613215208054,0.02490854077041149,0.07577846944332123,0.994170606136322
0.9959738850593567,0.013691801577806473,-0.08225488662719727,-0.01763937808573246,0.9993159770965576,-0.04237845167517662,0.0798671543598175,0.04670236259698868,0.9976060390472412
0.9953527450561523,-0.009304025210440159,0.08969735354185104,0.010410142131149769,0.999934732913971,-0.021570876240730286,-0.09027983248233795,0.023913687095046043,0.997268557548523
0.995996356010437,-0.03731793537735939,0.08173195272684097,0.03908978030085564,0.9990555644035339,-0.02278505638241768,-0.08194979280233383,0.024966085329651833,0.9978501200675964
0.9935773611068726,-0.04080996289849281,0.07866605371236801,0.04268072172999382,0.9994378089904785,-0.019651547074317932,-0.08160914480686188,0.022478358820080757,0.9974781274795532
0.9874292612075806,-0.042932283133268356,0.06686846911907196,0.044436439871788025,1.0012048482894897,-0.006349628325551748,-0.0865306705236435,0.013430203311145306,0.9931644201278687
0.9787639379501343,-0.044131189584732056,0.03226860612630844,0.05145372077822685,1.0032473802566528,0.012409403920173645,-0.09566599875688553,0.01240638829767704,0.9723798632621765
1.0000345706939697,-0.038959383964538574,0.006939669139683247,0.03472485765814781,0.9997860789299011,0.024309085682034492,-0.09116842597723007,0.009297880344092846,0.9397196173667908
1.0254467725753784,-0.025845248252153397,0.029733898118138313,0.0323144756257534,1.0000817775726318,0.02626684494316578,-0.06308358162641525,0.01127916481345892,0.939277708530426
1.0140961408615112,-0.022257674485445023,0.06783873587846756,0.026139045134186745,0.9970107674598694,0.030062556266784668,-0.06592860072851181,-0.0004555199120659381,0.9697760939598083
0.9968478679656982,-0.034940559417009354,0.07824618369340897,0.02592746540904045,0.9990003705024719,0.029434433206915855,-0.0838872566819191,-0.017364230006933212,0.9844274520874023
1.002313256263733,-0.02025485411286354,0.07358257472515106,0.014267482794821262,0.9990268349647522,0.04354703798890114,-0.07830480486154556,-0.03909716010093689,0.9856247901916504
1.0010899305343628,-0.0026791924610733986,0.0005639075534418225,0.009420779533684254,0.9982542395591736,-0.08713706582784653,-0.0066899792291224,0.09154222905635834,0.9854322075843811
0.9950422048568726,0.0032887286506593227,0.0006327559240162373,0.009904946200549603,0.9941385984420776,0.0810956209897995,0.013929340988397598,-0.10044173151254654,0.9845361709594727
0.999973714351654,-0.00835931021720171,0.0017649339279159904,0.009426064789295197,0.9979172348976135,-0.09369932115077972,-0.016664396971464157,0.0875091478228569,0.9713999032974243
1.0026167631149292,-0.011997289955615997,0.018438925966620445,0.01654764637351036,0.9955344200134277,-0.09284383058547974,-0.01909141056239605,0.08263341337442398,0.9795681834220886
1.001752257347107,-0.015806902199983597,0.027820810675621033,0.018281912431120872,0.9966287016868591,-0.08853957056999207,-0.02558894455432892,0.08623195439577103,0.9897376298904419
1.0000486373901367,-0.015070272609591484,0.0352252759039402,0.01888216659426689,0.9963802099227905,-0.08656251430511475,-0.03214265778660774,0.08574747294187546,0.9938505291938782
0.9983879327774048,-0.018154067918658257,0.04364648833870888,0.022478142753243446,0.9970585107803345,-0.08085256069898605,-0.04022595286369324,0.08217174559831619,0.9956828355789185
0.9978044629096985,-0.03470607474446297,0.03909504786133766,0.03755463659763336,0.9966006278991699,-0.07650899142026901,-0.03653498366475105,0.07902298867702484,0.9969655275344849
0.9981900453567505,-0.03463374078273773,0.04760182276368141,0.037881169468164444,0.996912956237793,-0.07078618556261063,-0.04623204842209816,0.07395690679550171,0.9960465431213379
0.9983400106430054,0.04699337109923363,-0.041851602494716644,-0.04927246272563934,0.9967025518417358,-0.06711675226688385,0.03863292932510376,0.07091405242681503,0.9953922033309937
0.9978992342948914,0.04651759937405586,-0.04919006675481796,-0.04932058975100517,0.9971086382865906,-0.06147854030132294,0.04597896337509155,0.06751087307929993,0.9920641183853149
0.9964583516120911,0.03269248455762863,-0.06539518386125565,-0.0365418940782547,0.9984129667282104,-0.056365158408880234,0.0636085495352745,0.06065531075000763,0.9976223707199097
0.9958560466766357,-0.009161047637462616,0.08698547631502151,0.010739853605628014,0.9999158382415771,-0.03112178109586239,-0.08736351877450943,0.033085018396377563,0.9973844289779663
0.9959859848022461,-0.03680591657757759,0.07881223410367966,0.03954743966460228,0.999009907245636,-0.03153819963335991,-0.07918524742126465,0.03360900655388832,0.9980984330177307
0.9938669204711914,-0.03896695002913475,0.07586724311113358,0.042806193232536316,0.9989454746246338,-0.028647473081946373,-0.07902350276708603,0.03206470608711243,0.9974886178970337
0.9908784031867981,-0.04227379336953163,0.06804551929235458,0.04538979008793831,1.0006511211395264,-0.01692572608590126,-0.0832120031118393,0.024636076763272285,0.9937120676040649
0.9915376901626587,-0.052855558693408966,0.047740768641233444,0.04879774525761604,1.0055139064788818,0.001535459072329104,-0.08756033331155777,0.0149763822555542,0.9779156446456909
1.0041686296463013,-0.05233591049909592,0.03557196259498596,0.0362740233540535,1.0032415390014648,0.013201401568949223,-0.08284711837768555,0.008272115141153336,0.9544376730918884
1.0136696100234985,0.03981751576066017,0.04358654096722603,-0.03343312442302704,0.9984157681465149,-0.016190020367503166,-0.06321924924850464,-0.012049494311213493,0.9575422406196594
1.011489987373352,-0.02395041659474373,0.06789625436067581,0.02867334522306919,0.996976375579834,0.02211304008960724,-0.06887153536081314,-0.005342790391296148,0.9787764549255371
0.995258629322052,-0.030421985313296318,0.07931551337242126,0.02620437555015087,0.9995636940002441,0.02521149069070816,-0.08286520838737488,-0.020406024530529976,0.9881698489189148
0.9975215792655945,0.026694394648075104,0.07092583179473877,-0.027898861095309258,1.000341773033142,0.042948994785547256,-0.07178889214992523,-0.04947492852807045,0.9897277355194092
0.997189462184906,0.027111966162919998,0.071419358253479,-0.02958027832210064,0.9993498921394348,0.045229386538267136,-0.07184046506881714,-0.04944140091538429,0.9919272065162659
0.9940163493156433,-0.006107429973781109,-0.00140152289532125,-0.003378612454980612,0.9917007088661194,0.08888144791126251,-0.004619412124156952,-0.09578445553779602,0.9956585168838501
0.9925674200057983,-0.011829755268990993,-0.0013078302145004272,0.006560164038091898,0.9979187846183777,-0.0931958258152008,-0.013967175036668777,0.09130791574716568,0.9809619784355164
0.995512843132019,-0.010796668939292431,0.025092430412769318,0.009817820973694324,0.9932611584663391,-0.09368908405303955,-0.02976095676422119,0.07994105666875839,0.9819168448448181
1.0014921426773071,-0.012467356398701668,0.033496178686618805,0.014556089416146278,0.9956664443016052,-0.08927198499441147,-0.034045543521642685,0.08188413828611374,0.989011824131012
1.0003077983856201,-0.010060557164251804,0.04184912517666817,0.013730068691074848,0.9960591793060303,-0.085688516497612,-0.03988146781921387,0.08290206640958786,0.9933779835700989
0.9987170100212097,-0.01376924104988575,0.05023539438843727,0.018754485994577408,0.9967004656791687,-0.07966151088476181,-0.046539306640625,0.0793415904045105,0.9952265024185181
0.9976955652236938,-0.014247743412852287,0.053475163877010345,0.018727324903011322,0.9973388314247131,-0.07602042704820633,-0.0509684719145298,0.07722917199134827,0.9961736798286438
0.9978521466255188,-0.03716738522052765,0.047221094369888306,0.04059886187314987,0.996636152267456,-0.0708279088139534,-0.04482604190707207,0.07347884774208069,0.996728777885437
0.9975618720054626,-0.03879071772098541,0.061109185218811035,0.04186288267374039,0.9975504875183105,-0.05782000720500946,-0.058620188385248184,0.06156931072473526,0.9958208203315735
0.9972988963127136,0.04147693142294884,-0.06493739038705826,-0.044441841542720795,0.9979374408721924,-0.05153626948595047,0.06252069026231766,0.056149281561374664,0.9937165379524231
0.9962603449821472,0.036732617765665054,-0.06954601407051086,-0.04015709459781647,0.9984815716743469,-0.04911929741501808,0.06802376359701157,0.05247722193598747,0.9975171089172363
0.9969503879547119,0.03160107508301735,-0.062011778354644775,-0.03532366827130318,0.9978208541870117,-0.06138106435537338,0.06070039048790932,0.06302689760923386,0.9979870915412903
0.9956961870193481,-0.03341316804289818,0.07614626735448837,0.037237007170915604,0.9989069700241089,-0.03939574956893921,-0.0770539939403534,0.04117831587791443,0.9978984594345093
0.9937014579772949,-0.03555288910865784,0.07254297286272049,0.040512822568416595,0.999010443687439,-0.035605862736701965,-0.07794719934463501,0.03918655589222908,0.9964157938957214
0.9945579171180725,-0.03906494379043579,0.0685746893286705,0.044347915798425674,0.999955952167511,-0.025238022208213806,-0.0796152725815773,0.03224674612283707,0.9934371113777161
0.9975597262382507,-0.042684197425842285,0.06581149250268936,0.045115694403648376,1.0030194520950317,-0.014299176633358002,-0.08021628111600876,0.025633634999394417,0.9883936643600464
0.9958111047744751,-0.04686722904443741,0.05946463719010353,0.044476911425590515,1.005500316619873,-0.003020589705556631,-0.0814683586359024,0.020018290728330612,0.9777226448059082
1.0028126239776611,0.04849955812096596,0.05515773221850395,-0.04089998081326485,1.0007617473602295,-0.0035194838419556618,-0.06848393380641937,-0.02245473302900791,0.9788642525672913
1.0069934129714966,0.04377995431423187,0.06522858142852783,-0.041202664375305176,0.9955615401268005,-0.0076538375578820705,-0.07345933467149734,-0.011128212325274944,0.9901067018508911
0.9974307417869568,0.026861125603318214,0.07047422230243683,-0.027459004893898964,0.9993839859962463,0.04201347753405571,-0.07278677821159363,-0.051094893366098404,0.9928457140922546
0.99748295545578,0.02694796398282051,0.07112405449151993,-0.02913079224526882,0.9991291165351868,0.04509574919939041,-0.07244929671287537,-0.04932727292180061,0.9939022064208984
0.997340738773346,0.026471341028809547,0.07177802175283432,-0.02951577864587307,0.9988251328468323,0.04632840305566788,-0.07254098355770111,-0.05037800222635269,0.9952444434165955
0.9973992705345154,0.02614954113960266,0.07242760807275772,-0.02976621687412262,0.9986632466316223,0.04698382690548897,-0.07450848817825317,-0.05097446218132973,0.9944590330123901
0.9986351132392883,0.02508464828133583,0.07457810640335083,-0.0298236683011055,0.9988064765930176,0.04759209603071213,-0.07601319998502731,-0.047724850475788116,0.9900931119918823
0.9957680702209473,-0.0005768734263256192,0.046042025089263916,0.001964733935892582,0.9946449995040894,-0.0836000069975853,-0.050271231681108475,0.07346240431070328,0.990045964717865
1.0003184080123901,-0.009665178135037422,0.04111795127391815,0.0115809366106987,0.9940070509910583,-0.0863516703248024,-0.043758537620306015,0.07878642529249191,0.9912247061729431
1.0004491806030273,-0.007443132344633341,0.04942954331636429,0.01134431641548872,0.9957513809204102,-0.08222833275794983,-0.04820134490728378,0.07856103032827377,0.9934999346733093
0.9986851215362549,-0.011706718243658543,0.057261157780885696,0.01698247902095318,0.9966570138931274,-0.07605938613414764,-0.05350092053413391,0.0750986710190773,0.9951556324958801
0.9976006150245667,-0.01249578408896923,0.05878302827477455,0.01747678965330124,0.9972851276397705,-0.07349874824285507,-0.055613502860069275,0.07397390156984329,0.9962838292121887
0.997778058052063,-0.03740384057164192,0.04893875867128372,0.04107591509819031,0.9966607093811035,-0.07056944072246552,-0.04571617394685745,0.07268056273460388,0.9970033168792725
0.9963529109954834,0.03392220661044121,-0.07966004312038422,-0.0366208516061306,0.9987684488296509,-0.03480521962046623,0.07839406281709671,0.039134398102760315,0.9958590865135193
0.9969635605812073,0.012681445106863976,0.07444258034229279,-0.016809958964586258,0.9984534978866577,0.05566804111003876,-0.0724424421787262,-0.056851018220186234,0.9966071248054504
0.9963446855545044,0.027904286980628967,-0.07021156698465347,-0.03166905418038368,0.9982104301452637,-0.054043710231781006,0.06970401108264923,0.055529870092868805,0.9978930950164795
0.9960653185844421,0.028552839532494545,-0.07253754138946533,-0.032190609723329544,0.9986270070075989,-0.04872839152812958,0.07397138327360153,0.04996001720428467,0.9976245164871216
0.9950219392776489,-0.03225506469607353,0.06967630237340927,0.035900384187698364,0.9988875389099121,-0.0456852912902832,-0.07456604391336441,0.047553058713674545,0.9963725209236145
0.9967438578605652,-0.037530649453401566,0.06737934052944183,0.03996836394071579,0.9991701245307922,-0.039056308567523956,-0.07420904189348221,0.04265746846795082,0.994976818561554
0.9984301328659058,-0.040942367166280746,0.06802933663129807,0.0422062873840332,0.9997684955596924,-0.03286008536815643,-0.07426200062036514,0.03814033791422844,0.9940525889396667
0.9966076612472534,-0.041932396590709686,0.06856010854244232,0.043821681290864944,1.0024060010910034,-0.025980263948440552,-0.07764387130737305,0.03479226306080818,0.9899061322212219
0.997132420539856,-0.05127155780792236,0.05897903814911842,0.05137340724468231,1.001010775566101,-0.021471308544278145,-0.06564677506685257,0.03940630704164505,0.9898084998130798
1.0003633499145508,0.06050941348075867,0.053948257118463516,-0.06180405616760254,0.9950799345970154,0.01197766698896885,-0.06151246652007103,-0.027442453429102898,0.9960509538650513
0.998173713684082,0.02685626409947872,0.07083828747272491,-0.028046175837516785,0.9998231530189514,0.043871406465768814,-0.07067964971065521,-0.051173336803913116,0.9938241243362427
0.9969541430473328,0.026898570358753204,0.07169704139232635,-0.029363341629505157,0.998959481716156,0.04610501229763031,-0.07266214489936829,-0.05106685683131218,0.9968135952949524
0.9971291422843933,0.02656755968928337,0.07165118306875229,-0.029692240059375763,0.9987430572509766,0.046933308243751526,-0.07372412085533142,-0.05116872116923332,0.9970571994781494
0.9972158074378967,0.02643946185708046,0.07186160236597061,-0.029766766354441643,0.9986738562583923,0.04746948927640915,-0.07400032132863998,-0.05093369260430336,0.9960020780563354
0.9975502490997314,0.026174934580922127,0.07257160544395447,-0.029647013172507286,0.9984434247016907,0.04811927303671837,-0.07383545488119125,-0.05073712021112442,0.9947298765182495
0.9971723556518555,-0.006970530841499567,0.05333295837044716,0.007662095129489899,0.9966506958007812,-0.07631868124008179,-0.05598312243819237,0.07500989735126495,0.9930377006530762
0.9986255764961243,-0.018183594569563866,0.04586440324783325,0.01960347406566143,0.9956963062286377,-0.08103717118501663,-0.047203708440065384,0.07859368622303009,0.9917303919792175
1.0000131130218506,-0.013119013980031013,0.05390360206365585,0.01673119142651558,0.9960191249847412,-0.07827022671699524,-0.05198996141552925,0.07557777315378189,0.9931443929672241
0.9986845254898071,-0.015246913768351078,0.058832552284002304,0.020067522302269936,0.9967666864395142,-0.0743728056550026,-0.05469336733222008,0.07346589118242264,0.9951152801513672
0.99787837266922,-0.01546395942568779,0.05908055230975151,0.02036443166434765,0.9970015287399292,-0.07330154627561569,-0.05511053279042244,0.0734485313296318,0.9965440034866333
0.9976985454559326,-0.03175923973321915,0.0546252503991127,0.035785507410764694,0.9968981146812439,-0.07002914696931839,-0.051390375941991806,0.071881502866745,0.9969592094421387
0.9959074258804321,0.030954822897911072,-0.08481310307979584,-0.03325604647397995,0.9992688298225403,-0.02618025429546833,0.08357908576726913,0.030349833890795708,0.9957530498504639
0.9959726929664612,0.038744695484638214,-0.07566072791814804,-0.04151958227157593,0.9986202120780945,-0.03781193122267723,0.07413044571876526,0.040667448192834854,0.9973272085189819
0.9963118433952332,-0.03513939678668976,0.06824427098035812,0.03885054960846901,0.9983961582183838,-0.051720909774303436,-0.06831100583076477,0.05299088731408119,0.9980239272117615
0.9964532256126404,-0.029711704701185226,0.06807582825422287,0.03396828472614288,0.998388946056366,-0.05412249639630318,-0.0696135014295578,0.05457208678126335,0.9978734850883484
0.9967498779296875,-0.032009199261665344,0.06725788116455078,0.036925312131643295,0.9981154203414917,-0.05129142850637436,-0.06962350010871887,0.05290206894278526,0.9977041482925415
0.9970394968986511,-0.03702029585838318,0.06585191190242767,0.04115597903728485,0.9980886578559875,-0.046787384897470474,-0.06866008788347244,0.050504300743341446,0.9980112910270691
0.9976304769515991,-0.039057713001966476,0.06735889613628387,0.041967760771512985,0.9981924295425415,-0.042213719338178635,-0.07061241567134857,0.0470803938806057,0.9976637363433838
0.9971461296081543,-0.0390470065176487,0.06946934014558792,0.04207003116607666,0.9989835023880005,-0.0389777235686779,-0.07332217693328857,0.04395090416073799,0.9953485727310181
0.9962010979652405,-0.04622221738100052,0.06316572427749634,0.048904117196798325,0.9999343156814575,-0.03842153772711754,-0.06648263335227966,0.04579297453165054,0.9936248660087585
0.9983080625534058,-0.06375215202569962,0.04437148943543434,0.06550712883472443,0.9970563054084778,-0.03868168219923973,-0.04566336050629616,0.04831280559301376,0.9967806339263916
0.9980263113975525,0.02705380693078041,0.07148481905460358,-0.02937314659357071,0.9995936155319214,0.04608049988746643,-0.07125041633844376,-0.05037433281540871,0.9955378770828247
0.9967990517616272,0.02662884257733822,0.07211828231811523,-0.02964179776608944,0.99882572889328,0.046893443912267685,-0.07291329652070999,-0.051420047879219055,0.9978860020637512
0.9969737529754639,0.026697196066379547,0.07180961966514587,-0.029757466167211533,0.9986580014228821,0.047446299344301224,-0.07369911670684814,-0.0514451302587986,0.9980878829956055
0.9971397519111633,0.026601212099194527,0.07181227207183838,-0.029798630625009537,0.998584508895874,0.04789559170603752,-0.0739581286907196,-0.051358550786972046,0.997256338596344
0.9972214698791504,0.02638477087020874,0.07206329703330994,-0.029881158843636513,0.9984710812568665,0.048249851912260056,-0.07410559058189392,-0.051464684307575226,0.9958711862564087
0.9975159168243408,0.025935441255569458,0.07276922464370728,-0.02941584214568138,0.9978023171424866,0.04901719093322754,-0.07439036667346954,-0.051304884254932404,0.9938492178916931
0.9982725381851196,0.024375928565859795,0.062180664390325546,-0.02700445055961609,0.9969732761383057,0.0651337131857872,-0.0623592771589756,-0.0656948983669281,0.9922792911529541
0.9986650943756104,0.01905161142349243,0.06803020089864731,-0.02362741157412529,0.997093677520752,0.06406324356794357,-0.06481291353702545,-0.06316899508237839,0.9930090308189392
0.9978246688842773,0.017979344353079796,0.07068094611167908,-0.022621510550379753,0.9976089596748352,0.06212291121482849,-0.06600356847047806,-0.06204131990671158,0.9954617023468018
0.9959456324577332,0.018746675923466682,0.08485054969787598,-0.022742412984371185,0.9990357756614685,0.03980015963315964,-0.08129546046257019,-0.041667528450489044,0.9970176815986633
0.9968956708908081,-0.020841015502810478,-0.07246920466423035,0.025288287550210953,0.9980812668800354,0.05719050392508507,0.07026324421167374,-0.05934854969382286,0.9965618252754211
0.9957859516143799,0.02992173470556736,0.08660734444856644,-0.032393716275691986,0.999433696269989,0.022875124588608742,-0.08489426970481873,-0.027091676369309425,0.9957249760627747
0.9979322552680969,0.00947630126029253,0.06461256742477417,-0.01360372081398964,0.9978155493736267,0.06682903319597244,-0.06322374939918518,-0.06747307628393173,0.995492696762085
0.9957626461982727,0.029549801722168922,0.07496531307697296,-0.03256858512759209,0.9987013339996338,0.0467984601855278,-0.07424817979335785,-0.04723207652568817,0.9981637001037598
0.9966973066329956,-0.03131356090307236,0.06351006031036377,0.03595106676220894,0.9979385137557983,-0.05851715803146362,-0.06560532003641129,0.05861474573612213,0.9984684586524963
0.9975309371948242,-0.03297848254442215,0.06277640163898468,0.038444507867097855,0.9977228045463562,-0.056093886494636536,-0.06460938602685928,0.0578906424343586,0.9984422922134399
0.997407078742981,-0.03846171498298645,0.06137986481189728,0.04360822215676308,0.9974678754806519,-0.051879215985536575,-0.06340225040912628,0.055909380316734314,0.9990504384040833
0.9979307651519775,0.04102594405412674,-0.060550715774297714,-0.044878289103507996,0.9974468350410461,-0.05034893378615379,0.06280919909477234,0.05575259402394295,0.9984934329986572
0.9976872801780701,0.04145516827702522,-0.062049590051174164,-0.04506485536694527,0.9977369904518127,-0.04923339933156967,0.06389392167329788,0.05432470142841339,0.9972810745239258
0.9973316788673401,0.04445524886250496,-0.0599089078605175,-0.04766698181629181,0.9979049563407898,-0.050191476941108704,0.061128418892621994,0.05469716340303421,0.9960196018218994
0.9980587363243103,-0.058221425861120224,0.04242024943232536,0.061258185654878616,0.9965847134590149,-0.05414888262748718,-0.04094962775707245,0.05860038846731186,0.9973404407501221
0.9979638457298279,-0.04850119724869728,-0.054534658789634705,0.05133744701743126,0.9974215626716614,0.05329522490501404,0.05349519103765488,-0.05814695358276367,0.9978009462356567
0.9969595074653625,0.02656061202287674,0.07234541326761246,-0.029881244525313377,0.9988127946853638,0.04763568565249443,-0.07316842675209045,-0.0524311289191246,0.9976019859313965
0.996995747089386,0.026731552556157112,0.07226062566041946,-0.029821299016475677,0.9986189007759094,0.0478789396584034,-0.07344671338796616,-0.05251958221197128,0.9977754354476929
0.9969603419303894,0.026742685586214066,0.07214989513158798,-0.029837794601917267,0.9985144138336182,0.04819447919726372,-0.07371119409799576,-0.05208688601851463,0.9974313974380493
0.9969232082366943,0.026509838178753853,0.07192597538232803,-0.029929349198937416,0.9984906315803528,0.04845244064927101,-0.07412994652986526,-0.05159857124090195,0.9963123798370361
0.9974764585494995,0.026588385924696922,0.0722714513540268,-0.030004259198904037,0.9984817504882812,0.048619553446769714,-0.07386931777000427,-0.050971463322639465,0.9949300289154053
0.998134970664978,0.03426742181181908,-0.07263745367527008,-0.036908723413944244,0.997850775718689,-0.04617331922054291,0.0732501670718193,0.04884950816631317,0.9933415651321411
0.9975666403770447,0.029263311997056007,-0.07575470209121704,-0.032951947301626205,0.9978014826774597,-0.04924455285072327,0.07130104303359985,0.05113718658685684,0.9931750297546387
0.9969249367713928,0.02858840301632881,-0.07700474560260773,-0.03190631419420242,0.9981124401092529,-0.04901249706745148,0.07146807014942169,0.05081548914313316,0.9960986375808716
0.9962689280509949,0.024312999099493027,-0.07648170739412308,-0.028879977762699127,0.9981915354728699,-0.050863202661275864,0.07341639697551727,0.053037334233522415,0.997601330280304
0.9952657222747803,0.028711998835206032,-0.08893099427223206,-0.030008438974618912,0.9995609521865845,-0.014957607723772526,0.08831608295440674,0.018033968284726143,0.996686577796936
