19.18494987487793,6.807569980621338,0.6188700199127197,0.9991384744644165,0.03150704875588417,0.04290543124079704,-0.02869604527950287,0.9986104369163513,-0.039478566497564316,-0.04384956136345863,0.03606988862156868,0.9975796937942505
20.42269992828369,6.807569980621338,0.6188700199127197,0.9990577697753906,0.031268808990716934,0.03890909254550934,-0.029168903827667236,0.9985687136650085,-0.04244120419025421,-0.04075441509485245,0.039820753037929535,0.9974850416183472
21.660449981689453,6.807569980621338,0.6188700199127197,0.9992498159408569,0.03131130710244179,0.03493937477469444,-0.029837029054760933,0.9984357953071594,-0.04514623433351517,-0.037084996700286865,0.043202955275774,0.9969950914382935
22.898200035095215,6.807569980621338,0.6188700199127197,0.9994955658912659,0.03110402449965477,0.02981414645910263,-0.030209897086024284,0.9984024167060852,-0.048590801656246185,-0.031260814517736435,0.04746771603822708,0.9955015182495117
24.135950088500977,6.807569980621338,0.6188700199127197,0.9993488788604736,0.030647724866867065,0.027639318257570267,-0.030155470594763756,0.9984146356582642,-0.050367724150419235,-0.026495857164263725,0.04943167418241501,0.9925528764724731
15.471749305725098,8.045309782028198,0.6188700199127197,0.9981797933578491,0.026897909119725227,0.06134754791855812,-0.025957820937037468,0.9997432827949524,-0.013051559217274189,-0.058259572833776474,0.008869469165802002,1.0005083084106445
16.70949935913086,8.045309782028198,0.6188700199127197,0.9977571964263916,0.02871876209974289,0.057440631091594696,-0.02786727249622345,0.9992846250534058,-0.020999763160943985,-0.0551799051463604,0.017372487112879753,1.0004233121871948
17.94724941253662,8.045309782028198,0.6188700199127197,0.9978082180023193,0.0308342557400465,0.050307124853134155,-0.02956385724246502,0.9988390803337097,-0.031755901873111725,-0.04897237941622734,0.028869539499282837,1.0005512237548828
19.18494987487793,8.045309782028198,0.6188700199127197,0.9980299472808838,0.03142617270350456,0.04369502142071724,-0.029854239895939827,0.998593270778656,-0.03847692161798477,-0.04347282648086548,0.036168284714221954,1.000516414642334
20.42269992828369,8.045309782028198,0.6188700199127197,0.9993929266929626,0.02229917049407959,0.0012075522681698203,-0.021313173696398735,0.9977056980133057,-0.061409372836351395,-0.003303717589005828,0.06032198294997215,0.999952495098114
21.660449981689453,8.045309782028198,0.6188700199127197,0.9990832209587097,0.022786227986216545,0.010820564813911915,-0.02130843512713909,0.9980621337890625,-0.06020011752843857,-0.01295623928308487,0.05863162502646446,0.9998278617858887
22.898200035095215,8.045309782028198,0.6188700199127197,0.9987584352493286,0.02564476989209652,-0.020743748173117638,-0.0243177879601717,0.9980164766311646,0.05592717230319977,0.022601071745157242,-0.0549502931535244,1.0000741481781006
24.135950088500977,8.045309782028198,0.6188700199127197,0.998497486114502,0.026951586827635765,-0.031662605702877045,-0.025465641170740128,0.9982568621635437,0.0502331517636776,0.032744549214839935,-0.04875853657722473,0.9999421834945679
25.373650550842285,8.045309782028198,0.6188700199127197,0.9983759522438049,0.028119707480072975,-0.03873589262366295,-0.02654537744820118,0.9984436631202698,0.04459388181567192,0.03957803547382355,-0.043075863271951675,0.9996959567070007
26.611400604248047,8.045309782028198,0.6188700199127197,0.9989352226257324,0.0313493050634861,0.021914653480052948,-0.030242478474974632,0.9980376362800598,-0.053149379789829254,-0.023464810103178024,0.051815059036016464,0.9992195963859558
27.84915065765381,8.045309782028198,0.6188700199127197,0.9991791248321533,0.03142767772078514,0.01853981986641884,-0.03070267289876938,0.998076319694519,-0.054045967757701874,-0.020349517464637756,0.05306130647659302,0.9985628724098206
29.086899757385254,8.045309782028198,0.6188700199127197,0.9994925856590271,0.03124328888952732,0.017975429072976112,-0.030793234705924988,0.9981615543365479,-0.05435153841972351,-0.018837660551071167,0.05309662967920303,0.9976687431335449
14.233999729156494,9.283050060272217,0.6188700199127197,0.9980926513671875,0.022944144904613495,0.06472530961036682,-0.023313499987125397,0.9993489980697632,-0.00043190622818656266,-0.060790035873651505,-0.002927358029410243,1.0022286176681519
15.471749305725098,9.283050060272217,0.6188700199127197,0.9972962141036987,0.024631503969430923,0.06246060132980347,-0.02491416409611702,0.9994485378265381,-0.004653824958950281,-0.05959158390760422,0.001633501029573381,1.0007259845733643
16.70949935913086,9.283050060272217,0.6188700199127197,0.9968514442443848,-0.009731099009513855,0.06417494267225266,0.010340487584471703,1.0003538131713867,0.006481036078184843,-0.06441497057676315,-0.002860726322978735,1.0000007152557373
17.94724941253662,9.283050060272217,0.6188700199127197,0.9972848892211914,-0.010478719137609005,0.06296863406896591,0.010325014591217041,1.000457525253296,0.01004036609083414,-0.06466231495141983,-0.0059317247942090034,0.9996924996376038
19.18494987487793,9.283050060272217,0.6188700199127197,0.9974395632743835,-0.010697580873966217,0.06269791722297668,0.00938114058226347,1.0008258819580078,0.010719847865402699,-0.06492699682712555,-0.006672144401818514,0.9993377923965454
20.42269992828369,9.283050060272217,0.6188700199127197,0.9978628158569336,-0.014036385342478752,0.059597451239824295,0.012153149582445621,1.0007342100143433,0.019280001521110535,-0.06267878413200378,-0.01531066745519638,0.9995165467262268
21.660449981689453,9.283050060272217,0.6188700199127197,0.9979473352432251,-0.03035975620150566,0.050622954964637756,0.0300403144210577,0.9992518424987793,0.02563939243555069,-0.05379990115761757,-0.021523015573620796,1.0014115571975708
22.898200035095215,9.283050060272217,0.6188700199127197,0.9996828436851501,0.017194533720612526,-0.01707734912633896,-0.016609976068139076,0.9981665015220642,0.05973866209387779,0.023025641217827797,-0.05936763808131218,1.0003166198730469
24.135950088500977,9.283050060272217,0.6188700199127197,0.998757004737854,0.019893651828169823,-0.029767440631985664,-0.018559711053967476,0.9983506202697754,0.05394642427563667,0.03490281477570534,-0.05172087997198105,1.001015305519104
25.373650550842285,9.283050060272217,0.6188700199127197,0.9977514743804932,0.024315383285284042,0.04024350643157959,-0.02330707386136055,0.9985262751579285,-0.04465775191783905,-0.04353725537657738,0.04219900444149971,1.0015925168991089
26.611400604248047,9.283050060272217,0.6188700199127197,0.9986724853515625,-0.02185687981545925,-0.012749826535582542,0.020599009469151497,0.9977743029594421,-0.05949721857905388,0.01639697141945362,0.05923687294125557,1.000923752784729
27.84915065765381,9.283050060272217,0.6188700199127197,0.9988387823104858,-0.02364921383559704,-0.002715115202590823,0.022955847904086113,0.997634768486023,-0.05972704291343689,0.005500830709934235,0.0601082444190979,1.0007089376449585
29.086899757385254,9.283050060272217,0.6188700199127197,0.9989848732948303,-0.02173829823732376,0.00391122791916132,0.02139163948595524,0.9975897669792175,-0.060382600873708725,-0.0019946126267313957,0.06078009679913521,1.0007156133651733
30.324649810791016,9.283050060272217,0.6188700199127197,0.9990352392196655,-0.024320103228092194,-0.006535322405397892,0.024187356233596802,0.997614860534668,0.059081487357616425,0.005529751535505056,-0.0602685883641243,1.0005532503128052
31.562349319458008,9.283050060272217,0.6188700199127197,0.9989976286888123,0.032832033932209015,0.013387606479227543,-0.03198704868555069,0.9977471828460693,-0.05416269227862358,-0.01385276298969984,0.05460590496659279,1.0003739595413208
32.80009841918945,9.283050060272217,0.6188700199127197,0.9993746280670166,0.03350060433149338,0.009286130778491497,-0.03303604945540428,0.997799813747406,-0.054109957069158554,-0.009372641332447529,0.05500365048646927,1.0001096725463867
14.233999729156494,10.5208101272583,0.6188700199127197,0.9970610737800598,0.020348984748125076,0.06377123296260834,-0.021300995722413063,0.9994044303894043,0.0051391758024692535,-0.06075925752520561,-0.008426238782703876,1.0015842914581299
15.471749305725098,10.5208101272583,0.6188700199127197,0.9966930747032166,-0.009387540630996227,0.06414732336997986,0.00936343427747488,1.0007578134536743,0.0023683032486587763,-0.06485849618911743,0.0007621187251061201,0.9999103546142578
16.70949935913086,10.5208101272583,0.6188700199127197,0.9979313015937805,-0.010533953085541725,0.06320928037166595,0.009598452597856522,1.0009489059448242,0.003681805217638612,-0.06464625149965286,-0.0009483522153459489,0.9992837309837341
17.94724941253662,10.5208101272583,0.6188700199127197,0.997662365436554,-0.030988404527306557,0.05607447400689125,0.030556442216038704,0.9998849630355835,0.004471323918551207,-0.057500362396240234,-0.0015917373821139336,0.9999521970748901
19.18494987487793,10.5208101272583,0.6188700199127197,0.9973641037940979,-0.031374841928482056,0.05496933311223984,0.032301418483257294,0.9990758895874023,0.005494286771863699,-0.05649731680750847,-0.002486463403329253,0.9996232986450195
20.42269992828369,10.5208101272583,0.6188700199127197,0.9983009696006775,-0.0294214878231287,0.054897066205739975,0.029348216950893402,0.9990102052688599,0.013912633992731571,-0.05708751827478409,-0.010624743066728115,0.999354898929596
21.660449981689453,10.5208101272583,0.6188700199127197,0.9981939196586609,-0.030080009251832962,0.051461685448884964,0.028408436104655266,0.9998344779014587,0.02455403283238411,-0.054816387593746185,-0.020525237545371056,0.9995895028114319
22.898200035095215,10.5208101272583,0.6188700199127197,0.9987875819206238,-0.029889976605772972,-0.04236593097448349,0.027785692363977432,0.9989438652992249,-0.03783354163169861,0.04678305238485336,0.03460259735584259,1.0002822875976562
24.135950088500977,10.5208101272583,0.6188700199127197,0.9995644092559814,0.02653590589761734,0.03417610004544258,-0.023600708693265915,0.9984821081161499,-0.04727044329047203,-0.03941871225833893,0.04549100995063782,1.0006965398788452
25.373650550842285,10.5208101272583,0.6188700199127197,1.0002377033233643,0.02239847742021084,-0.023838041350245476,-0.02010851539671421,0.9980857372283936,0.05453918129205704,0.029978375881910324,-0.05442970246076584,1.0006978511810303
26.611400604248047,10.5208101272583,0.6188700199127197,1.0004582405090332,-0.019093338400125504,-0.01328307669609785,0.01792922243475914,0.9979222416877747,-0.05916675552725792,0.018956258893013,0.05987036973237991,1.0006225109100342
27.84915065765381,10.5208101272583,0.6188700199127197,1.0002871751785278,-0.0173677746206522,-0.005482105538249016,0.016982056200504303,0.9977759718894958,-0.06101766601204872,0.01067513506859541,0.06210931017994881,1.0007927417755127
29.086899757385254,10.5208101272583,0.6188700199127197,0.9997420310974121,-0.016243550926446915,0.0016668008174747229,0.01586703024804592,0.9979215264320374,-0.06171446293592453,0.0031297842506319284,0.06332189589738846,1.001003384590149
30.324649810791016,10.5208101272583,0.6188700199127197,0.9987960457801819,-0.02060345560312271,0.003462553955614567,0.020375126972794533,0.9976328015327454,-0.06032588332891464,-9.296655480284244e-05,0.062029555439949036,1.0012527704238892
31.562349319458008,10.5208101272583,0.6188700199127197,0.9988914132118225,-0.022287435829639435,0.008505906909704208,0.02233714796602726,0.9977487921714783,-0.05879448726773262,-0.006929638795554638,0.0609830878674984,1.0007630586624146
32.80009841918945,10.5208101272583,0.6188700199127197,0.997829794883728,0.03115449845790863,0.054480090737342834,-0.03134813532233238,0.9989864826202393,-0.008555915206670761,-0.05669786408543587,0.008414301089942455,1.0003448724746704
34.03784942626953,10.5208101272583,0.6188700199127197,0.9991828799247742,0.03486989811062813,0.004150712862610817,-0.034177761524915695,0.9977201819419861,-0.05314818397164345,-0.004046981688588858,0.05515184998512268,1.000247836112976
35.27560043334961,10.5208101272583,0.6188700199127197,0.9995644688606262,0.03601810336112976,0.0007346617639996111,-0.03566492348909378,0.9977751970291138,-0.051727812737226486,-0.0005852190079167485,0.05443091318011284,1.0002663135528564
12.99625015258789,11.75855016708374,0.6188700199127197,0.9976967573165894,0.015574179589748383,0.06266847997903824,-0.017483985051512718,0.9998900890350342,0.01775486394762993,-0.06007587909698486,-0.02174253575503826,1.0044238567352295
14.233999729156494,11.75855016708374,0.6188700199127197,0.9974963068962097,-0.03306950628757477,-0.05449069291353226,0.03227894380688667,0.9994307160377502,-0.003478639991953969,0.05808267742395401,0.0014235982671380043,1.000818133354187
15.471749305725098,11.75855016708374,0.6188700199127197,0.9981374740600586,-0.008292365819215775,0.06329291313886642,0.00762945506721735,1.0007597208023071,-0.00462963106110692,-0.06446778029203415,0.005765921901911497,0.9993186593055725
16.70949935913086,11.75855016708374,0.6188700199127197,0.9971140623092651,-0.03125149756669998,0.055254124104976654,0.03154691681265831,1.0001300573349,-0.005772131960839033,-0.05634428188204765,0.007312292233109474,0.999661922454834
17.94724941253662,11.75855016708374,0.6188700199127197,0.9920508861541748,-0.028777608647942543,0.051963817328214645,0.03306243568658829,0.9998655915260315,0.00018284356337971985,-0.058255765587091446,0.003325328230857849,0.9988546371459961
19.18494987487793,11.75855016708374,0.6188700199127197,0.9873066544532776,-0.02175065502524376,0.04421151801943779,0.03685147315263748,0.9967535734176636,0.004730135202407837,-0.06221413612365723,0.0071557434275746346,0.9952382445335388
20.42269992828369,11.75855016708374,0.6188700199127197,0.9712910056114197,-0.008720720186829567,0.02721341885626316,0.03581467643380165,0.9924750328063965,0.014515748247504234,-0.07338445633649826,0.008763663470745087,0.9836828112602234
21.660449981689453,11.75855016708374,0.6188700199127197,0.9800928235054016,0.005210134666413069,0.02238350547850132,0.03630603104829788,0.9952061772346497,0.02460125833749771,-0.06939096748828888,0.00672795670107007,0.9788307547569275
22.898200035095215,11.75855016708374,0.6188700199127197,0.9911569952964783,-0.008918853476643562,-0.034593772143125534,0.030719315633177757,0.9943424463272095,-0.03346116840839386,0.05632855370640755,0.011948530562222004,0.9903210401535034
24.135950088500977,11.75855016708374,0.6188700199127197,0.9952527284622192,0.022479256615042686,0.0361812561750412,-0.024018965661525726,0.9976839423179626,-0.04211556166410446,-0.047888897359371185,0.03985408693552017,0.9962806105613708
25.373650550842285,11.75855016708374,0.6188700199127197,0.9976851940155029,0.021222606301307678,-0.021310076117515564,-0.019237404689192772,0.9981505870819092,0.052352458238601685,0.03142547234892845,-0.0555373951792717,0.9952013492584229
26.611400604248047,11.75855016708374,0.6188700199127197,1.0001503229141235,-0.01732657663524151,-0.013410276733338833,0.01643167808651924,0.9987174272537231,-0.05730626359581947,0.020014816895127296,0.06041201576590538,0.9959611892700195
27.84915065765381,11.75855016708374,0.6188700199127197,1.0021203756332397,-0.015168369747698307,-0.007412172853946686,0.015665169805288315,0.9987287521362305,-0.061515599489212036,0.01085185818374157,0.06276880204677582,0.99778151512146
29.086899757385254,11.75855016708374,0.6188700199127197,1.0021666288375854,-0.014406072907149792,-3.9559206925332546e-05,0.016101818531751633,0.9982599020004272,-0.06278044730424881,0.0033340484369546175,0.06428425759077072,0.9985706210136414
30.324649810791016,11.75855016708374,0.6188700199127197,1.0010817050933838,-0.01562950387597084,0.005698377266526222,0.018102183938026428,0.9982026219367981,-0.06141788884997368,-0.0017587504116818309,0.06357383728027344,0.9988685250282288
31.562349319458008,11.75855016708374,0.6188700199127197,0.9998599290847778,-0.020907513797283173,-0.012511804699897766,0.02234359085559845,0.9986844062805176,0.058565858751535416,0.009463905356824398,-0.061322152614593506,0.999706506729126
32.80009841918945,11.75855016708374,0.6188700199127197,0.9988670945167542,-0.024656685069203377,0.014933093450963497,0.025393785908818245,0.9979443550109863,-0.05663878098130226,-0.013164347037672997,0.05884508416056633,1.0004736185073853
34.03784942626953,11.75855016708374,0.6188700199127197,0.9988680481910706,-0.025457987561821938,0.022265508770942688,0.026124658063054085,0.998102605342865,-0.05326692759990692,-0.02221052721142769,0.05592193827033043,1.0000474452972412
35.27560043334961,11.75855016708374,0.6188700199127197,0.9982444643974304,0.0343867726624012,0.05223064869642258,-0.03503487631678581,0.9990324974060059,0.005307458341121674,-0.0550277978181839,-0.006297892890870571,0.9995478987693787
36.513349533081055,11.75855016708374,0.6188700199127197,0.9995326995849609,0.037513408809900284,-0.007419767789542675,-0.03723767027258873,0.9979186058044434,-0.04966072365641594,0.0075278859585523605,0.053123779594898224,0.9995306730270386
12.99625015258789,12.99625015258789,0.6188700199127197,0.9975501894950867,0.013057786971330643,0.05890379101037979,-0.014816273003816605,0.9997746348381042,0.026517730206251144,-0.056320492178201675,-0.030069777742028236,1.001793384552002
14.233999729156494,12.99625015258789,0.6188700199127197,0.997149646282196,-0.009073670953512192,0.06247802451252937,0.00825886707752943,1.0001336336135864,-0.010998920537531376,-0.06363243609666824,0.012531040236353874,1.0001782178878784
15.471749305725098,12.99625015258789,0.6188700199127197,0.998750627040863,-0.02937532775104046,0.05517822131514549,0.029992667958140373,0.999748706817627,-0.01424462255090475,-0.05552859604358673,0.014447616413235664,0.999786376953125
16.70949935913086,12.99625015258789,0.6188700199127197,0.9958316683769226,-0.030992336571216583,0.05420639365911484,0.03170432895421982,1.0000773668289185,-0.011130543425679207,-0.05590546131134033,0.011522196233272552,0.999709963798523
17.94724941253662,12.99625015258789,0.6188700199127197,0.989133894443512,-0.030546151101589203,0.0446445606648922,0.03382774814963341,1.000596046447754,-0.00202575302682817,-0.05950724333524704,0.006027959752827883,0.9970365166664124
19.18494987487793,12.99625015258789,0.6188700199127197,0.9788632988929749,-0.023097839206457138,0.020345233380794525,0.04008661210536957,0.9991859197616577,0.011116833426058292,-0.06792264431715012,0.008962529711425304,0.9838383197784424
20.42269992828369,12.99625015258789,0.6188700199127197,0.9791193604469299,-0.02035626396536827,-0.014309710822999477,0.03019050881266594,0.9994493722915649,0.024630581960082054,-0.07546603679656982,0.010346848517656326,0.9542970657348633
21.660449981689453,12.99625015258789,0.6188700199127197,1.0197752714157104,-0.00549681019037962,-0.008310209959745407,0.025852464139461517,1.0050660371780396,0.029832053929567337,-0.05262565612792969,0.012085751630365849,0.9469384551048279
22.898200035095215,12.99625015258789,0.6188700199127197,1.016378402709961,-0.010870063677430153,0.03155259042978287,0.019191410392522812,0.995535671710968,0.03227528929710388,-0.04332021623849869,0.003655878594145179,0.9755071401596069
24.135950088500977,12.99625015258789,0.6188700199127197,0.999610185623169,-0.021144887432456017,0.04534827545285225,0.019169550389051437,0.9967043995857239,0.031055374071002007,-0.056699711829423904,-0.022406062111258507,0.9906959533691406
25.373650550842285,12.99625015258789,0.6188700199127197,0.9985095262527466,0.01479752641171217,-0.022963466122746468,-0.01670900359749794,0.9990050196647644,0.051053401082754135,0.031798362731933594,-0.05219484493136406,0.9913320541381836
26.611400604248047,12.99625015258789,0.6188700199127197,0.9968105554580688,-0.01233486458659172,-0.008361175656318665,0.01287132129073143,0.9987985491752625,-0.05728544294834137,0.012477844022214413,0.06323380023241043,0.9918379783630371
27.84915065765381,12.99625015258789,0.6188700199127197,0.9984874725341797,-0.01006239652633667,-0.005955308675765991,0.009222526103258133,0.998532235622406,-0.06084223464131355,0.007845734246075153,0.06944876909255981,0.9890915751457214
29.086899757385254,12.99625015258789,0.6188700199127197,1.0013823509216309,-0.01231148187071085,-0.00037689111195504665,0.013351920060813427,0.9973698854446411,-0.06401918083429337,0.0036627084482461214,0.06766358017921448,0.9867737293243408
30.324649810791016,12.99625015258789,0.6188700199127197,1.0011913776397705,-0.014649126678705215,0.007798262406140566,0.0160706527531147,0.9978444576263428,-0.06256958842277527,-0.003285390790551901,0.06194420903921127,0.9923050999641418
31.562349319458008,12.99625015258789,0.6188700199127197,1.0008258819580078,-0.015726547688245773,-0.014108406379818916,0.01726607419550419,0.9986060857772827,0.060946136713027954,0.012373954057693481,-0.06138700246810913,0.9977244138717651
32.80009841918945,12.99625015258789,0.6188700199127197,1.0000964403152466,-0.015375509858131409,0.020442213863134384,0.018078455701470375,0.998527467250824,-0.058714911341667175,-0.018660815432667732,0.06013647839426994,0.9991284012794495
34.03784942626953,12.99625015258789,0.6188700199127197,0.9990872144699097,-0.026286916807293892,0.021839994937181473,0.027617326006293297,0.9983370900154114,-0.05362609773874283,-0.020789751783013344,0.05579225718975067,0.9999768137931824
35.27560043334961,12.99625015258789,0.6188700199127197,0.9987992644309998,-0.02565019764006138,0.027487795799970627,0.026751574128866196,0.9984904527664185,-0.0506909042596817,-0.02741800807416439,0.053360167890787125,0.9992852807044983
36.513349533081055,12.99625015258789,0.6188700199127197,0.999200701713562,0.036843929439783096,-0.012541231699287891,-0.036973610520362854,0.9980844855308533,-0.04952268302440643,0.012062066234648228,0.05250152200460434,0.9991832971572876
37.75104904174805,12.99625015258789,0.6188700199127197,0.9995004534721375,0.03723150119185448,-0.015763310715556145,-0.03738246485590935,0.9981664419174194,-0.047628581523895264,0.015445378609001637,0.05147435888648033,0.9985399842262268
12.99625015258789,14.233999729156494,0.6188700199127197,0.9977049827575684,0.011979903094470501,-0.055229924619197845,-0.013879762031137943,0.9997754693031311,-0.032300401479005814,0.05289187282323837,0.03438114374876022,1.0003917217254639
14.233999729156494,14.233999729156494,0.6188700199127197,0.9972661137580872,-0.00969545729458332,0.0604456402361393,0.009977669455111027,0.9998730421066284,-0.017648547887802124,-0.06173880770802498,0.01847393997013569,1.0004642009735107
15.471749305725098,14.233999729156494,0.6188700199127197,0.9989774823188782,-0.028200620785355568,0.05444493144750595,0.02934194914996624,0.9995361566543579,-0.01901894249022007,-0.054794520139694214,0.01869957335293293,1.0001813173294067
16.70949935913086,14.233999729156494,0.6188700199127197,0.9963947534561157,-0.03130149468779564,0.05300789698958397,0.032069526612758636,0.9998310804367065,-0.016592785716056824,-0.05434418469667435,0.016827065497636795,1.000240445137024
17.94724941253662,14.233999729156494,0.6188700199127197,0.9897953867912292,-0.033611640334129333,0.04223829135298729,0.03440428525209427,1.001501441001892,-0.00591879291459918,-0.05887463688850403,0.010236594825983047,0.9968213438987732
19.18494987487793,14.233999729156494,0.6188700199127197,0.9798016548156738,-0.034597285091876984,0.008713832125067711,0.04155075550079346,1.0036224126815796,0.012444732710719109,-0.06845694780349731,0.009028461761772633,0.977563202381134
20.42269992828369,14.233999729156494,0.6188700199127197,0.9985051155090332,-0.030493931844830513,-0.019130731001496315,0.026760701090097427,1.000083565711975,0.02416921965777874,-0.06532906740903854,0.007123905699700117,0.9458225965499878
21.660449981689453,14.233999729156494,0.6188700199127197,1.025153398513794,-0.0174422450363636,-0.00014583513257093728,0.024989891797304153,1.0005828142166138,0.024719813838601112,-0.03854605183005333,0.011313410475850105,0.9430446028709412
22.898200035095215,14.233999729156494,0.6188700199127197,1.0163823366165161,-0.013298971578478813,0.03855958208441734,0.018559137359261513,0.9975452423095703,0.022907836362719536,-0.039128780364990234,0.005847326945513487,0.9729032516479492
24.135950088500977,14.233999729156494,0.6188700199127197,1.0001614093780518,-0.02735470049083233,0.05252928286790848,0.018755333498120308,1.0002843141555786,0.01929726079106331,-0.053285643458366394,-0.01007911004126072,0.9931686520576477
25.373650550842285,14.233999729156494,0.6188700199127197,1.0038537979125977,-0.01705031655728817,0.0512046180665493,0.012741431593894958,1.0006011724472046,0.0294180940836668,-0.051528990268707275,-0.028450332581996918,0.9980625510215759
26.611400604248047,14.233999729156494,0.6188700199127197,1.0009207725524902,-0.004765270743519068,0.0005097172688692808,0.00924919918179512,0.999681293964386,-0.06228905916213989,-0.0036303005181252956,0.06292804330587387,0.9973464608192444
27.84915065765381,14.233999729156494,0.6188700199127197,0.9960897564888,-0.0037585238460451365,0.0011287499219179153,0.008664365857839584,0.9987003207206726,0.060583826154470444,0.007342944387346506,-0.06587031483650208,0.9940970540046692
29.086899757385254,14.233999729156494,0.6188700199127197,0.9966622591018677,-0.008846048265695572,0.0020759482868015766,0.009128415025770664,0.9988726377487183,-0.06559459120035172,-0.013829612173140049,0.0620824471116066,0.9846910834312439
30.324649810791016,14.233999729156494,0.6188700199127197,1.0011491775512695,-0.011663041077554226,0.010199632495641708,0.014509265311062336,0.9972911477088928,-0.0647919699549675,-0.01065719686448574,0.05700256675481796,0.9868346452713013
31.562349319458008,14.233999729156494,0.6188700199127197,1.0015724897384644,-0.014470706693828106,0.016056202352046967,0.01541510596871376,0.9983463287353516,-0.06145366281270981,-0.015337008982896805,0.05994951352477074,0.9953306317329407
32.80009841918945,14.233999729156494,0.6188700199127197,1.0002646446228027,-0.014102098532021046,0.02159767784178257,0.015971804037690163,0.9981291890144348,-0.059914834797382355,-0.020679622888565063,0.0597793348133564,0.998457133769989
34.03784942626953,14.233999729156494,0.6188700199127197,0.9996021389961243,-0.016225207597017288,0.027780724689364433,0.018431248143315315,0.9986478686332703,-0.05582396686077118,-0.026523292064666748,0.057129837572574615,0.9991441965103149
35.27560043334961,14.233999729156494,0.6188700199127197,0.998944878578186,-0.026931416243314743,0.024212554097175598,0.02839137241244316,0.9983772039413452,-0.05268898978829384,-0.023296846076846123,0.054387107491493225,0.9994708299636841
36.513349533081055,14.233999729156494,0.6188700199127197,0.9988444447517395,-0.027313539758324623,0.03014611080288887,0.028664100915193558,0.9985997080802917,-0.04857034236192703,-0.029919089749455452,0.05099838227033615,0.9987717270851135
37.75104904174805,14.233999729156494,0.6188700199127197,0.9991179704666138,0.035745520144701004,-0.025339577347040176,-0.0364382266998291,0.9983973503112793,-0.04526860639452934,0.024822283536195755,0.048214174807071686,0.9985880255699158
38.988800048828125,14.233999729156494,0.6188700199127197,0.9992518424987793,0.03555241599678993,-0.029935762286186218,-0.03640032559633255,0.9984759092330933,-0.04142843186855316,0.02995293028652668,0.045887839049100876,0.9972350001335144
12.99625015258789,15.471749305725098,0.6188700199127197,0.9979791641235352,0.025952666997909546,-0.04182574898004532,-0.02824609912931919,0.999302327632904,-0.04003244638442993,0.04211900383234024,0.04180925339460373,1.0001753568649292
14.233999729156494,15.471749305725098,0.6188700199127197,0.9979091286659241,-0.009849064983427525,0.058126118034124374,0.01037111971527338,0.9999897480010986,-0.02412775345146656,-0.059806518256664276,0.024678003042936325,1.0005440711975098
15.471749305725098,15.471749305725098,0.6188700199127197,0.9992086291313171,-0.02820420451462269,0.05244619399309158,0.029695497825741768,0.9996124505996704,-0.024679036810994148,-0.0525892935693264,0.02452760934829712,1.0004544258117676
16.70949935913086,15.471749305725098,0.6188700199127197,0.9965346455574036,-0.03019704669713974,0.051350899040699005,0.03203639015555382,0.9995050430297852,-0.022434182465076447,-0.05248922482132912,0.023155195638537407,1.000525951385498
17.94724941253662,15.471749305725098,0.6188700199127197,0.9930375814437866,-0.033273618668317795,0.04409729316830635,0.03480245918035507,1.001118779182434,-0.013104824349284172,-0.056356776505708694,0.017799410969018936,0.9975183606147766
19.18494987487793,15.471749305725098,0.6188700199127197,0.9925792217254639,-0.04343647509813309,0.023693937808275223,0.038640692830085754,1.0058808326721191,0.004155393224209547,-0.06099584326148033,0.009261133149266243,0.9826173782348633
20.42269992828369,15.471749305725098,0.6188700199127197,1.0037660598754883,-0.04373462125658989,0.00898419413715601,0.02804959937930107,1.0035558938980103,0.016384180635213852,-0.057204581797122955,0.003294258378446102,0.9593680500984192
21.660449981689453,15.471749305725098,0.6188700199127197,1.0143405199050903,0.030752692371606827,0.014529868960380554,-0.024766329675912857,0.9988377690315247,-0.018609123304486275,-0.03787330910563469,-0.008357026614248753,0.9608187079429626
22.898200035095215,15.471749305725098,0.6188700199127197,1.0150500535964966,-0.015862731263041496,0.03955601900815964,0.0203121155500412,0.996751606464386,0.015655221417546272,-0.04080062732100487,-0.001420675776898861,0.9822832942008972
24.135950088500977,15.471749305725098,0.6188700199127197,0.9990339279174805,-0.0231035016477108,0.05547095835208893,0.02082238532602787,0.9990376234054565,0.014337385073304176,-0.05389019846916199,-0.009755321778357029,0.998445451259613
25.373650550842285,15.471749305725098,0.6188700199127197,0.9992837905883789,0.021714383736252785,0.048991333693265915,-0.022632496431469917,1.0000298023223877,0.03398517146706581,-0.04929209128022194,-0.037410952150821686,1.0024374723434448
26.611400604248047,15.471749305725098,0.6188700199127197,0.9985422492027283,0.021380791440606117,0.049657054245471954,-0.02354004979133606,0.9994028210639954,0.034351371228694916,-0.04966374859213829,-0.037099793553352356,1.0016725063323975
27.84915065765381,15.471749305725098,0.6188700199127197,0.9984875917434692,0.02129833772778511,0.04957861453294754,-0.02347819320857525,0.999472439289093,0.03400200977921486,-0.05052623152732849,-0.035278718918561935,0.9995785355567932
29.086899757385254,15.471749305725098,0.6188700199127197,0.9957053661346436,-0.008222694508731365,-0.0001145071946666576,0.0071188220754265785,0.99900883436203,-0.06492290645837784,-0.008360356092453003,0.06715375930070877,0.9926381707191467
30.324649810791016,15.471749305725098,0.6188700199127197,0.9957391023635864,-0.010306698270142078,0.015238441526889801,0.00946001335978508,0.9960669875144958,-0.06524910032749176,-0.019815593957901,0.05549900233745575,0.9890550374984741
31.562349319458008,15.471749305725098,0.6188700199127197,1.001334309577942,-0.012753856368362904,0.02002246119081974,0.013102351687848568,0.9976072311401367,-0.06221725419163704,-0.02107839100062847,0.05675007402896881,0.9943333268165588
32.80009841918945,15.471749305725098,0.6188700199127197,1.0003972053527832,-0.010896742343902588,0.026314739137887955,0.012379344552755356,0.9979037642478943,-0.05935824289917946,-0.026113469153642654,0.05816947668790817,0.9981035590171814
34.03784942626953,15.471749305725098,0.6188700199127197,0.9996423721313477,-0.013484111055731773,0.03226364776492119,0.01580141671001911,0.9982866048812866,-0.055105190724134445,-0.030851952731609344,0.055507976561784744,0.9989114999771118
35.27560043334961,15.471749305725098,0.6188700199127197,0.9990256428718567,-0.013675510883331299,0.03500824049115181,0.01569121703505516,0.9988253712654114,-0.05257335305213928,-0.034019190818071365,0.05392729490995407,0.9989975094795227
36.513349533081055,15.471749305725098,0.6188700199127197,0.9988413453102112,-0.028611615300178528,0.029680879786610603,0.030293749645352364,0.9983422756195068,-0.049062296748161316,-0.028835972771048546,0.05067878216505051,0.9990339279174805
37.75104904174805,15.471749305725098,0.6188700199127197,0.9987360239028931,-0.030319834128022194,0.03923781216144562,0.031599339097738266,0.9988335371017456,-0.039615217596292496,-0.038706377148628235,0.04220547154545784,0.9985765218734741
38.988800048828125,15.471749305725098,0.6188700199127197,0.9989565014839172,0.0322391539812088,-0.041281718760728836,-0.03335331007838249,0.9988688826560974,-0.03511400520801544,0.041263189166784286,0.03873146325349808,0.9979727864265442
12.99625015258789,16.70949935913086,0.6188700199127197,0.997951865196228,0.028903158381581306,-0.04453281685709953,-0.030940771102905273,0.9993226528167725,-0.03558775410056114,0.04511161521077156,0.036037884652614594,1.0001060962677002
14.233999729156494,16.70949935913086,0.6188700199127197,0.998518168926239,0.024709952995181084,-0.03888394683599472,-0.026844635605812073,0.9990096092224121,-0.04460880160331726,0.040200043469667435,0.044183842837810516,1.0006011724472046
15.471749305725098,16.70949935913086,0.6188700199127197,0.9991040825843811,-0.02587319165468216,0.050759438425302505,0.02812919206917286,0.9995501637458801,-0.02984662912786007,-0.05086063593626022,0.029550552368164062,1.0004535913467407
16.70949935913086,16.70949935913086,0.6188700199127197,0.9960055351257324,-0.02761506475508213,0.0491928830742836,0.030454516410827637,0.9995960593223572,-0.026977650821208954,-0.052025385200977325,0.02799803391098976,0.999954342842102
17.94724941253662,16.70949935913086,0.6188700199127197,0.9962698817253113,-0.030114853754639626,0.04541333392262459,0.03366146236658096,1.000510811805725,-0.019149791449308395,-0.053674593567848206,0.023169105872511864,0.9974694848060608
19.18494987487793,16.70949935913086,0.6188700199127197,0.9988212585449219,-0.03343382850289345,0.04207521677017212,0.034448012709617615,1.0036258697509766,-0.009641091339290142,-0.05422224849462509,0.017873361706733704,0.9927010536193848
20.42269992828369,16.70949935913086,0.6188700199127197,0.9967661499977112,-0.03805365413427353,0.03451872617006302,0.034400325268507004,1.0063681602478027,0.001745627261698246,-0.05577823147177696,0.012425982393324375,0.9821606278419495
21.660449981689453,16.70949935913086,0.6188700199127197,1.0043156147003174,0.03850213810801506,0.02919674664735794,-0.029115602374076843,1.0019346475601196,-0.007843946106731892,-0.04365501552820206,-0.0154864601790905,0.9823184609413147
22.898200035095215,16.70949935913086,0.6188700199127197,1.0109764337539673,0.03241958096623421,0.04090825468301773,-0.02723737433552742,0.9964501857757568,-0.004307570401579142,-0.045579634606838226,-0.009176879189908504,0.9950267672538757
24.135950088500977,16.70949935913086,0.6188700199127197,0.9990119934082031,0.022002000361680984,0.0480998158454895,-0.02118072099983692,1.0000723600387573,0.0327051542699337,-0.047971535474061966,-0.03605430945754051,1.001442313194275
25.373650550842285,16.70949935913086,0.6188700199127197,0.9989739656448364,0.021438034251332283,0.04888468235731125,-0.02331291139125824,0.9989892244338989,0.03464901074767113,-0.049468595534563065,-0.03639479726552963,1.0021167993545532
26.611400604248047,16.70949935913086,0.6188700199127197,0.9985518455505371,0.02140197716653347,0.04925282672047615,-0.023457426577806473,0.9990028142929077,0.03449379280209541,-0.049186691641807556,-0.03636418655514717,1.0016807317733765
27.84915065765381,16.70949935913086,0.6188700199127197,0.9984011054039001,0.021442783996462822,0.04907733574509621,-0.023297123610973358,0.999162495136261,0.034372128546237946,-0.04921182245016098,-0.03622157871723175,1.0014568567276
29.086899757385254,16.70949935913086,0.6188700199127197,0.9994010925292969,0.02039903961122036,0.04977044835686684,-0.02329191006720066,0.9996680021286011,0.034488096833229065,-0.05192709341645241,-0.03385007381439209,0.9983043074607849
30.324649810791016,16.70949935913086,0.6188700199127197,0.9966138005256653,-0.003952813800424337,0.03020731918513775,0.003562354249879718,0.9970213174819946,-0.058034610003232956,-0.03459203615784645,0.05188466235995293,0.9964285492897034
31.562349319458008,16.70949935913086,0.6188700199127197,1.000134825706482,-0.010784544982016087,0.025671662762761116,0.010871212929487228,0.9962149262428284,-0.060140740126371384,-0.028681330382823944,0.05467350035905838,0.9964488744735718
32.80009841918945,16.70949935913086,0.6188700199127197,1.0007044076919556,-0.009175249375402927,0.031495291739702225,0.010785226710140705,0.9976332187652588,-0.0570308081805706,-0.03187894821166992,0.05544440820813179,0.9980247020721436
34.03784942626953,16.70949935913086,0.6188700199127197,0.9996869564056396,-0.012089128606021404,0.03709368780255318,0.014528273604810238,0.9982215762138367,-0.052631400525569916,-0.03572596237063408,0.052825044840574265,0.9987452030181885
35.27560043334961,16.70949935913086,0.6188700199127197,0.9989931583404541,-0.01251431368291378,0.03857872635126114,0.01470046117901802,0.9987542033195496,-0.05094081908464432,-0.037166669964790344,0.051883503794670105,0.9989833235740662
36.513349533081055,16.70949935913086,0.6188700199127197,0.99886554479599,-0.028728336095809937,0.030707942321896553,0.030529778450727463,0.9982636570930481,-0.04903583973646164,-0.029355771839618683,0.05024949088692665,0.9991914629936218
37.75104904174805,16.70949935913086,0.6188700199127197,0.9982014298439026,0.026824595406651497,-0.05236020311713219,-0.02803504839539528,0.9993520975112915,-0.025015560910105705,0.05242229625582695,0.027532869949936867,0.9986079931259155
12.99625015258789,17.94724941253662,0.6188700199127197,0.9982181191444397,0.01192630548030138,0.04918193817138672,-0.013618060387670994,0.9991430044174194,0.04192830249667168,-0.047368958592414856,-0.04096388816833496,0.9998618960380554
14.233999729156494,17.94724941253662,0.6188700199127197,0.9980912208557129,0.022499021142721176,-0.0452188104391098,-0.024562066420912743,0.9990112781524658,-0.039811257272958755,0.04673056676983833,0.03941184654831886,1.0006282329559326
15.471749305725098,17.94724941253662,0.6188700199127197,0.9991570115089417,0.022823195904493332,-0.048191796988248825,-0.02447495609521866,0.9992467761039734,-0.035878363996744156,0.04873686656355858,0.03564884513616562,1.0003176927566528
16.70949935913086,17.94724941253662,0.6188700199127197,0.996999979019165,-0.025569163262844086,0.04714591056108475,0.027394382283091545,0.9994966387748718,-0.03365378826856613,-0.04972505941987038,0.033697959035634995,0.9999696612358093
17.94724941253662,17.94724941253662,0.6188700199127197,0.9982288479804993,-0.02956768125295639,0.04503936693072319,0.03032216802239418,0.9997674822807312,-0.028715845197439194,-0.04958673566579819,0.029902199283242226,0.998796820640564
19.18494987487793,17.94724941253662,0.6188700199127197,0.9998346567153931,-0.03200192004442215,0.04544063284993172,0.03164643049240112,1.0004417896270752,-0.024165058508515358,-0.04945380240678787,0.026487689465284348,0.9980003237724304
20.42269992828369,17.94724941253662,0.6188700199127197,0.9979468584060669,-0.033202268183231354,0.04543698951601982,0.033636026084423065,1.0031770467758179,-0.01810312829911709,-0.05248474329710007,0.023766882717609406,0.9943563342094421
21.660449981689453,17.94724941253662,0.6188700199127197,0.9984880089759827,-0.03936035931110382,0.037304699420928955,0.037286534905433655,1.0027421712875366,-0.01366338599473238,-0.043335407972335815,0.026956832036376,0.9934061169624329
22.898200035095215,17.94724941253662,0.6188700199127197,1.0036119222640991,0.044464994221925735,0.03552231565117836,-0.04089728742837906,0.9977884888648987,0.012016208842396736,-0.03801821172237396,-0.019317861646413803,1.0001146793365479
24.135950088500977,17.94724941253662,0.6188700199127197,0.9986883401870728,0.021871667355298996,0.04868665710091591,-0.022836793214082718,0.9998377561569214,0.03416138514876366,-0.0482848584651947,-0.03638312965631485,1.0023581981658936
