1.0038282871246338,-0.036331333220005035,0.01364758051931858,0.032776761800050735,0.9959822297096252,0.07928526401519775,0.003947110380977392,-0.07443173229694366,0.9266209006309509
1.0061391592025757,-0.03621981665492058,0.020076245069503784,0.037124209105968475,0.9997317790985107,0.07223308086395264,-0.02847599796950817,-0.06995231658220291,0.9665989875793457
1.0040528774261475,0.034734826534986496,-0.0250963494181633,-0.03461553901433945,0.9980970621109009,0.07350683957338333,0.027148257941007614,-0.06971369683742523,0.9812015891075134
1.0010792016983032,0.03580827638506889,-0.040715187788009644,-0.03286923095583916,0.9969202280044556,0.0657346099615097,0.0412762314081192,-0.06332224607467651,0.9905576109886169
1.0004502534866333,-0.034979723393917084,0.04492704197764397,0.03239727392792702,0.9971111416816711,0.0630454495549202,-0.0463007390499115,-0.059933140873909,0.9951832294464111
0.999480128288269,0.033668164163827896,-0.05595773085951805,-0.030273204669356346,0.998148500919342,0.05258303880691528,0.0560118705034256,-0.04946807026863098,0.9982476234436035
1.0002702474594116,-0.029638346284627914,0.02020515315234661,0.02819043956696987,0.9971687197685242,0.07354225218296051,-0.023016182705760002,-0.0709434449672699,0.9993029832839966
0.9985339045524597,-0.03558482229709625,0.052827686071395874,0.03202376887202263,0.9986315965652466,0.05289120972156525,-0.0555085688829422,-0.0482095368206501,0.9976930022239685
0.9989665150642395,-0.035443250089883804,0.057800132781267166,0.03157241269946098,0.9987727999687195,0.04941519722342491,-0.06027042493224144,-0.04629994183778763,0.9959217309951782
0.9984777569770813,0.03710969537496567,-0.06810171157121658,-0.03283354640007019,0.999293327331543,0.03409916162490845,0.06659311056137085,-0.028635991737246513,0.9936005473136902
0.9984174966812134,-0.03372513875365257,0.0655885562300682,0.030285701155662537,0.9988126158714294,0.03777439892292023,-0.06452932953834534,-0.03130364418029785,0.9847893714904785
1.0107688903808594,-0.03713523969054222,-0.013773782178759575,0.03535376489162445,1.0000396966934204,0.08314713090658188,-0.0013288743793964386,-0.07496637105941772,0.9621434807777405
1.0001095533370972,-0.039533816277980804,0.07479154318571091,0.030125219374895096,1.0061088800430298,0.03281383588910103,-0.07098769396543503,-0.02559930644929409,0.9841284155845642
0.9976768493652344,-0.02510511875152588,0.08029372245073318,0.019954025745391846,1.0022492408752441,0.030741680413484573,-0.07060040533542633,-0.034809693694114685,0.9925815463066101
0.9961473941802979,-0.015447504818439484,0.07174623012542725,0.013442239724099636,0.9992030262947083,0.0417163223028183,-0.06520863622426987,-0.0486496239900589,1.0004968643188477
0.9966642260551453,0.014772957190871239,0.03037206083536148,-0.011322853155434132,0.9958721995353699,-0.07366475462913513,-0.0341583751142025,0.07536549121141434,1.0062971115112305
0.9964346289634705,0.021123655140399933,0.04032434895634651,-0.01582539640367031,0.9977620840072632,-0.0687318965792656,-0.05232856050133705,0.06570971012115479,1.0054435729980469
0.9946974515914917,0.03323965519666672,-0.054070714861154556,-0.029080312699079514,0.9983351826667786,0.05712670832872391,0.06441128253936768,-0.05179521068930626,1.0047420263290405
0.9963125586509705,0.02901739999651909,-0.06284822523593903,-0.027059108018875122,0.9988505244255066,0.04705518111586571,0.0783078670501709,-0.04137546196579933,1.0044375658035278
0.999603807926178,0.024954715743660927,-0.0659162774682045,-0.019971856847405434,0.9993817806243896,0.04254027083516121,0.08476509153842926,-0.033926162868738174,1.0024408102035522
0.9982648491859436,0.025879956781864166,-0.070243701338768,-0.019444219768047333,1.0002390146255493,0.03795181214809418,0.08410757035017014,-0.02812167815864086,1.0014891624450684
0.9970375895500183,0.02587343379855156,-0.07530950009822845,-0.021829377859830856,1.0001991987228394,0.03167225793004036,0.08432631194591522,-0.02374137192964554,1.0002855062484741
0.9967588782310486,0.025815477594733238,-0.07637591660022736,-0.02546781860291958,0.9993067979812622,0.027375275269150734,0.0823892280459404,-0.02161024883389473,1.000501036643982
0.9962136149406433,0.02601294405758381,-0.07750512659549713,-0.025429189205169678,0.998560905456543,0.02168377861380577,0.07947800308465958,-0.01726975105702877,0.9998974800109863
0.9963428378105164,0.02311636693775654,-0.08006098121404648,-0.02144269272685051,0.9997134804725647,0.018087167292833328,0.07886173576116562,-0.014110659249126911,0.9973985552787781
0.9974169731140137,0.016204839572310448,0.08168215304613113,-0.01508592814207077,1.0006921291351318,-0.013734793290495872,-0.08067503571510315,0.0104824872687459,0.9933356046676636
1.0004291534423828,-0.026882752776145935,-0.07093335688114166,0.027396194636821747,0.9987729787826538,-0.01580778695642948,0.07507630437612534,0.005156825762242079,0.9839877486228943
0.9974371194839478,-0.014108119532465935,-0.0852624848484993,0.012741385959088802,1.0022507905960083,-0.008858026936650276,0.08594408631324768,0.011285929940640926,0.9826894402503967
0.9963665008544922,-0.02690199948847294,0.08149711042642593,0.024567600339651108,1.0000721216201782,0.01934151165187359,-0.08135718107223511,-0.016299564391374588,0.9938473105430603
0.9929097294807434,-0.016607394441962242,0.08208845555782318,0.015352937392890453,1.0021816492080688,0.024669839069247246,-0.0835934728384018,-0.01782817393541336,0.9991497993469238
0.9968294501304626,-0.03036961704492569,-0.010502946563065052,0.02365778014063835,0.9982000589370728,-0.08089618384838104,0.02036905661225319,0.085228830575943,1.0002597570419312
0.99540776014328,-0.025990230962634087,-0.021753009408712387,0.02965765818953514,1.0000554323196411,-0.07360707223415375,0.039535894989967346,0.08411313593387604,1.0016353130340576
0.9990348815917969,0.022874537855386734,0.023206526413559914,-0.031041599810123444,0.9970430135726929,-0.07108008116483688,-0.05267452076077461,0.07688885927200317,1.0019145011901855
0.9981919527053833,0.026645394042134285,0.03089521825313568,-0.029571041464805603,0.9969164729118347,-0.06842215359210968,-0.06274442374706268,0.0637708455324173,0.9983910322189331
0.9942671656608582,0.0295149814337492,-0.03906821459531784,-0.029205482453107834,0.9979369044303894,0.06378855556249619,0.065041683614254,-0.05674724653363228,0.9942023754119873
0.9947395324707031,0.029925674200057983,-0.052501630038022995,-0.02781226858496666,0.9993487596511841,0.05368362367153168,0.07075349241495132,-0.048158470541238785,0.9928221106529236
0.9971043467521667,0.02945404313504696,-0.06425181031227112,-0.024924620985984802,0.9995958805084229,0.0422380231320858,0.07645344734191895,-0.03869642689824104,0.9944579601287842
0.9974857568740845,0.02995346300303936,-0.0712956041097641,-0.02470621094107628,0.999802827835083,0.03438735380768776,0.0794079452753067,-0.030098050832748413,0.9958533644676208
0.9969183802604675,0.02692987583577633,-0.07670453190803528,-0.02245325781404972,1.0002235174179077,0.027579747140407562,0.08255822211503983,-0.02306113764643669,0.9959518909454346
0.9977372288703918,0.022934969514608383,-0.0780831053853035,-0.019024033099412918,1.0003063678741455,0.026469701901078224,0.08525414019823074,-0.022162150591611862,0.9968169331550598
0.997551679611206,0.020774981006979942,-0.08014198392629623,-0.015674911439418793,1.0004088878631592,0.02285035513341427,0.08860107511281967,-0.016466820612549782,0.9987729787826538
0.9969034194946289,0.019112227484583855,-0.08245650678873062,-0.015912998467683792,1.000919222831726,0.018091602250933647,0.08845368027687073,-0.010101823136210442,0.9998836517333984
0.9969301819801331,0.028953898698091507,-0.0811125785112381,-0.027973754331469536,0.9990742802619934,0.011451028287410736,0.08309068530797958,-0.003972585313022137,1.0000083446502686
0.9990476369857788,0.023109091445803642,-0.08085283637046814,-0.02235294133424759,1.0000152587890625,0.007841454818844795,0.08045893162488937,0.0005876397481188178,0.993797242641449
0.9994238018989563,-0.026381121948361397,0.07495730370283127,0.02554856240749359,1.0020012855529785,-0.0012940418673679233,-0.07051456719636917,0.0073746503330767155,0.9763261079788208
1.0011597871780396,-0.04231183975934982,-0.02087322250008583,0.044273409992456436,0.9956125020980835,0.08036002516746521,0.01650661788880825,-0.07179053872823715,0.9694331884384155
1.0001885890960693,0.027741756290197372,-0.04519937187433243,-0.03270818665623665,0.9967336058616638,-0.07351113855838776,0.03863416239619255,0.06923037767410278,0.9895064830780029
0.9992209076881409,0.014754814095795155,0.021024035289883614,-0.0158632081001997,0.9961908459663391,0.08330594003200531,-0.020092898979783058,-0.08413565158843994,0.9973628520965576
0.9950840473175049,0.03606020659208298,-0.010995069518685341,-0.03301721066236496,0.9957963228225708,-0.07758151739835739,0.0045964689925313,0.07936427742242813,1.0064860582351685
0.9984479546546936,0.026317797601222992,-0.01655641384422779,-0.025446657091379166,0.995966374874115,-0.07821432501077652,-0.0021471914369612932,0.08365099132061005,1.0022087097167969
0.9977557063102722,0.024410279467701912,-0.003568977350369096,-0.026257002726197243,0.9981514811515808,-0.08095421642065048,-0.011245436035096645,0.08397398889064789,0.9959327578544617
0.9953646659851074,-0.022656742483377457,-0.007984209805727005,0.028867870569229126,0.9972826242446899,-0.08047610521316528,0.027282211929559708,0.07804683595895767,0.9920117855072021
0.9925637245178223,-0.019017579033970833,-0.009379103779792786,0.02855827659368515,0.9973500370979309,-0.08040272444486618,0.04132948815822601,0.07122957706451416,0.9833791851997375
0.9922202825546265,0.02034175954759121,0.01477883756160736,-0.026760222390294075,0.9986095428466797,-0.0755854994058609,-0.05720176547765732,0.06481567770242691,0.9753539562225342
0.9928686022758484,0.026486346498131752,0.024142218753695488,-0.025212887674570084,1.0008779764175415,-0.06600901484489441,-0.06517543643712997,0.06021012365818024,0.9769514799118042
0.9930142760276794,0.0291201863437891,-0.04293704032897949,-0.02474476397037506,1.0010145902633667,0.052487846463918686,0.0730464905500412,-0.04809248074889183,0.9831857085227966
0.993030846118927,0.028561580926179886,-0.06053948029875755,-0.023334432393312454,1.000172734260559,0.04000116512179375,0.07890535145998001,-0.03926236554980278,0.9897781610488892
0.994979202747345,0.028094353154301643,-0.07231638580560684,-0.024083048105239868,0.9998751878738403,0.030660264194011688,0.07947953790426254,-0.02975594997406006,0.9950357675552368
0.9966157674789429,0.025760281831026077,-0.07837925851345062,-0.02306717447936535,0.9997910261154175,0.023343630135059357,0.08082923293113708,-0.02244545891880989,0.9961735010147095
0.9969779849052429,0.023184584453701973,-0.08002430945634842,-0.020172549411654472,0.9996846914291382,0.022658122703433037,0.08184370398521423,-0.021784914657473564,0.9960089325904846
0.9965927004814148,0.020328402519226074,-0.08233349770307541,-0.017079519107937813,1.000019907951355,0.018079137429594994,0.0842045322060585,-0.016582554206252098,0.9959783554077148
0.9963357448577881,0.018299728631973267,-0.08368731290102005,-0.015473969280719757,1.0003529787063599,0.014018147252500057,0.08657979220151901,-0.011179301887750626,0.9966769814491272
0.9956130981445312,0.016493119299411774,-0.08515754342079163,-0.01412440836429596,1.0005773305892944,0.009084134362637997,0.08787230402231216,-0.004078920930624008,0.9978418946266174
0.9967292547225952,0.028092103078961372,-0.08211103826761246,-0.028469029814004898,0.9995505809783936,0.002820109948515892,0.08203817903995514,0.004245593678206205,0.9980446696281433
0.9996793866157532,-0.0368252769112587,0.01655874401330948,0.03781658411026001,0.9967408180236816,-0.07648599147796631,-0.010484015569090843,0.0748562216758728,0.9953043460845947
1.0010335445404053,-0.04348384216427803,-0.023685429245233536,0.04579808562994003,0.9967716336250305,0.07962441444396973,0.02463761530816555,-0.06973358243703842,0.9697880744934082
0.9964008331298828,-0.040154412388801575,-0.07691477984189987,0.04279226064682007,0.9995582699775696,0.024251695722341537,0.07123992592096329,-0.026851756498217583,0.992088258266449
0.9988085627555847,0.01591329462826252,0.03402182087302208,-0.01692117005586624,0.9962132573127747,0.07919298857450485,-0.032671887427568436,-0.08018245548009872,0.9982589483261108
0.9967475533485413,0.03450791910290718,-0.024322107434272766,-0.032105594873428345,0.9959031939506531,-0.07466121017932892,0.01646108366549015,0.08070357143878937,1.0044763088226318
0.9969860315322876,0.017851920798420906,-0.02851465716958046,-0.024447990581393242,0.9995511770248413,-0.07530178129673004,0.007980036549270153,0.08900041878223419,0.9992870092391968
0.999489426612854,0.01870185323059559,-0.02933564782142639,-0.02672150731086731,0.9982579946517944,-0.0786634236574173,0.00478969793766737,0.08640597760677338,0.9933958053588867
0.9962958097457886,0.020134873688220978,-0.020099183544516563,-0.025869792327284813,0.9975200891494751,-0.08557206392288208,-0.00488268444314599,0.08508262038230896,0.9874541163444519
0.996786892414093,0.017606977373361588,-0.013903561048209667,-0.02651127800345421,0.9977602958679199,-0.08870263397693634,-0.016840962693095207,0.08139122277498245,0.9803972244262695
1.001460075378418,0.012450693175196648,-0.008435919880867004,-0.0256571713835001,0.9987930655479431,-0.0888509452342987,-0.02489451691508293,0.07302650809288025,0.9706413149833679
1.0077334642410278,-0.014421463012695312,-0.0031635856721550226,0.025543522089719772,1.0002150535583496,-0.08407764136791229,0.035026103258132935,0.06708478182554245,0.963591456413269
1.0078541040420532,0.025375431403517723,0.01662626676261425,-0.026994548738002777,1.0033169984817505,-0.07159063965082169,-0.04839199408888817,0.06600984185934067,0.9679996967315674
1.0037729740142822,0.030620776116847992,-0.0412721186876297,-0.02530125342309475,1.0019689798355103,0.05197424069046974,0.06785321235656738,-0.04585786163806915,0.9759497046470642
0.9983113408088684,0.028576960787177086,-0.058459389954805374,-0.021776238456368446,1.0009491443634033,0.03675995394587517,0.08073822408914566,-0.03840489685535431,0.982206404209137
0.9943851232528687,0.02788431942462921,-0.07142456620931625,-0.02291702851653099,1.0005152225494385,0.0249507836997509,0.08495941013097763,-0.025381432846188545,0.9921174049377441
0.9956598281860352,0.024029459804296494,-0.08014791458845139,-0.02195286937057972,0.9999836683273315,0.014847084879875183,0.08500739187002182,-0.014171590097248554,0.9968640208244324
0.9962447881698608,0.020600350573658943,-0.08231974393129349,-0.018891580402851105,0.9997655749320984,0.015528836287558079,0.0847051590681076,-0.014895773492753506,0.9974114298820496
0.996235191822052,0.016237886622548103,-0.08431340754032135,-0.014951147139072418,0.9998248219490051,0.010717594996094704,0.08604243397712708,-0.010319753549993038,0.9972464442253113
0.9962754845619202,0.015390995889902115,-0.08500245958566666,-0.014113353565335274,0.9998481869697571,0.005476176273077726,0.08646141737699509,-0.004533580504357815,0.9970707893371582
0.9960477352142334,0.014311692677438259,-0.08541099727153778,-0.01299662422388792,1.0001096725463867,-0.00014356440806295723,0.08737979829311371,0.0023912012111395597,0.9972506761550903
0.9958270788192749,0.013957868330180645,-0.08585692197084427,-0.012621202506124973,1.000440001487732,-0.0010753882816061378,0.08724095672369003,0.005565582774579525,0.9976621866226196
0.9965527653694153,0.024682417511940002,-0.08278948813676834,-0.026393016800284386,0.999717652797699,-0.009494438767433167,0.08266022056341171,0.015775566920638084,0.9977554082870483
0.9972650408744812,-0.01611112244427204,0.07753871381282806,0.014678164385259151,0.9992062449455261,-0.020456481724977493,-0.06459683179855347,0.03475816175341606,0.9789125323295593
0.9987745881080627,-0.022469699382781982,-0.06750259548425674,0.026032354682683945,0.995792031288147,0.06171533092856407,0.06578851491212845,-0.050714876502752304,0.9829031825065613
0.9961049556732178,-0.037268128246068954,-0.07789622992277145,0.04043702036142349,0.9984802603721619,0.028681382536888123,0.07221908867359161,-0.02944505214691162,0.9936665296554565
0.9988897442817688,0.018598580732941628,0.043862711638212204,-0.019815465435385704,0.9966627955436707,0.07510600239038467,-0.040933556854724884,-0.0761130303144455,0.9976000189781189
0.997461199760437,0.031509093940258026,-0.03832941874861717,-0.031245499849319458,0.9968217015266418,-0.07108822464942932,0.031310416758060455,0.07832546532154083,1.0014382600784302
0.9961506128311157,0.019179290160536766,-0.04304753988981247,-0.02356179803609848,1.0001074075698853,-0.07154297828674316,0.027246437966823578,0.08173142373561859,0.9960399866104126
0.9968340992927551,0.01737581379711628,-0.042690459638834,-0.024504028260707855,1.0004425048828125,-0.07555348426103592,0.020501935854554176,0.08164005726575851,0.9867258667945862
0.9982803463935852,0.012817447073757648,-0.042926568537950516,-0.022843895480036736,0.9996204376220703,-0.08055493980646133,0.02113177441060543,0.08360662311315536,0.9792798161506653
1.0017696619033813,0.010065154172480106,-0.03343697264790535,-0.02024824731051922,0.9974193572998047,-0.08723127841949463,0.00975871179252863,0.08225186169147491,0.9752283096313477
1.0034440755844116,0.011146233417093754,-0.026843998581171036,-0.019408922642469406,0.996273934841156,-0.08904489129781723,0.005131063517183065,0.07916116714477539,0.9703187942504883
1.0045530796051025,0.010987694375216961,-0.017020173370838165,-0.01788405142724514,0.9972414970397949,-0.08911223709583282,-0.002383575541898608,0.07610277086496353,0.9656432271003723
1.0078144073486328,0.012751935981214046,-0.001962902955710888,-0.01778082177042961,0.9989311695098877,-0.0859510749578476,-0.013321430422365665,0.07607399672269821,0.964796245098114
1.0109318494796753,0.02250780537724495,0.01895444095134735,-0.020576411858201027,1.0023517608642578,-0.07564951479434967,-0.032382406294345856,0.07440128177404404,0.9717129468917847
1.006454586982727,0.02676205523312092,-0.053633201867341995,-0.020970400422811508,1.001300573348999,0.05044671148061752,0.06266991049051285,-0.046638891100883484,0.9768649339675903
1.0018779039382935,0.024646051228046417,-0.07017629593610764,-0.019920269027352333,1.000934362411499,0.024836888536810875,0.08017754554748535,-0.027516979724168777,0.9795253872871399
0.9971608519554138,0.02650952711701393,-0.07563213258981705,-0.0223537664860487,1.0012825727462769,0.011954138055443764,0.08678004145622253,-0.013980916701257229,0.9883582592010498
0.9958040714263916,0.0234267208725214,-0.08077491819858551,-0.021883202716708183,1.0003527402877808,0.003042681375518441,0.08713341504335403,-0.0036609359085559845,0.9953078627586365
0.9962673187255859,0.02109508216381073,-0.08284763991832733,-0.019972799345850945,0.9999085664749146,0.0059249522164464,0.08607519418001175,-0.00585511326789856,0.9974266886711121
0.9961885213851929,0.018027687445282936,-0.08405943214893341,-0.017218351364135742,0.9999707937240601,0.004575536586344242,0.0867835059762001,-0.004452232271432877,0.9977812767028809
0.9961467981338501,0.017170408740639687,-0.08459511399269104,-0.016691630706191063,0.9998733997344971,-0.0011154086096212268,0.08662891387939453,0.0017409971915185452,0.9980167746543884
0.9961445927619934,0.01635783538222313,-0.08426769077777863,-0.016294145956635475,0.9998533129692078,-0.010052431374788284,0.08582667261362076,0.011751983314752579,0.9977926015853882
0.9958200454711914,0.01608995720744133,-0.08459202200174332,-0.015761690214276314,1.000215768814087,-0.01263651717454195,0.08569087088108063,0.01566789112985134,0.9976962804794312
0.9964233636856079,0.026714477688074112,-0.08036097139120102,-0.027877850458025932,0.9994803071022034,-0.018863804638385773,0.07972801476716995,0.02444528043270111,0.9977893829345703
0.9996371269226074,-0.015581707470119,0.07184483855962753,0.017937185242772102,1.0006461143493652,-0.0365631990134716,-0.06776062399148941,0.042162250727415085,0.9890715479850769
0.9990696310997009,-0.04091290757060051,-0.03592213615775108,0.043401945382356644,0.9963468909263611,0.07292833179235458,0.030928853899240494,-0.07135490328073502,0.9937021136283875
0.9969683289527893,-0.01706167496740818,0.07451117783784866,0.02020036056637764,0.9981853365898132,-0.04613778367638588,-0.0724078044295311,0.04789239913225174,0.997205913066864
0.9977352023124695,0.02834128588438034,-0.050747934728860855,-0.030337342992424965,0.9974283576011658,-0.06618216633796692,0.044771261513233185,0.07079805433750153,0.9997110962867737
0.996817946434021,0.02288392372429371,-0.051621969789266586,-0.025297189131379128,0.9988436698913574,-0.06666518747806549,0.041449349373579025,0.07348364591598511,0.9968920946121216
0.994288444519043,0.019174188375473022,-0.05229503661394119,-0.02540550008416176,0.9991803169250488,-0.0712093934416771,0.033138979226350784,0.07546838372945786,0.9890057444572449
0.9984961748123169,0.015846526250243187,-0.05139271169900894,-0.022872556000947952,0.9993308186531067,-0.07780546694993973,0.028791606426239014,0.07626450806856155,0.978230893611908
1.000958800315857,0.012425264343619347,-0.04690869152545929,-0.02052740752696991,0.9979768991470337,-0.08192447572946548,0.030001891776919365,0.07589122653007507,0.9720394611358643
1.0022746324539185,0.011361888609826565,-0.035047225654125214,-0.01721697673201561,0.9971158504486084,-0.0858142226934433,0.021728169173002243,0.07831545174121857,0.969301164150238
1.0027412176132202,0.012632384896278381,-0.027810335159301758,-0.017701495438814163,0.9967027902603149,-0.08543785661458969,0.015810664743185043,0.07945087552070618,0.9674447774887085
1.0030994415283203,0.011814284138381481,-0.022701453417539597,-0.01622322015464306,0.9974300265312195,-0.08402305841445923,0.012377224862575531,0.07883750647306442,0.9661919474601746
1.0045502185821533,0.015177262015640736,-0.007465924136340618,-0.016465744003653526,0.9982529878616333,-0.08195719867944717,0.00048513381625525653,0.08234956860542297,0.9687455296516418
1.0037912130355835,-0.020891807973384857,-0.0011487901210784912,0.019758908078074455,0.9981293082237244,-0.07837823033332825,0.008288128301501274,0.08341899514198303,0.9749752879142761
0.9983227252960205,-0.019462693482637405,0.06957501173019409,0.020811347290873528,1.0011320114135742,-0.036950934678316116,-0.07170229405164719,0.040978122502565384,0.9798040986061096
0.9983106851577759,0.020104479044675827,-0.07974554598331451,-0.018617229536175728,1.0010188817977905,-0.007636232767254114,0.08387571573257446,0.0046701692044734955,0.9853204488754272
0.997848391532898,0.021419525146484375,-0.08077876269817352,-0.02073097415268421,1.000523328781128,-0.006864969618618488,0.08520185202360153,0.00399056077003479,0.9913333654403687
0.9968644976615906,0.01975838840007782,-0.08106788992881775,-0.019992128014564514,0.9996867775917053,-0.015724625438451767,0.08577936142683029,0.014384947717189789,0.9952622652053833
0.9966813325881958,0.018849384039640427,-0.08309590816497803,-0.019027162343263626,0.9997385740280151,-0.00831581186503172,0.086476631462574,0.007767837028950453,0.9972373247146606
0.9965149760246277,0.01799456588923931,-0.08365361392498016,-0.018044693395495415,0.9999553561210632,-0.006270584650337696,0.0867757797241211,0.005786966532468796,0.9978780746459961
0.9962660074234009,0.01827671006321907,-0.08276239037513733,-0.01890394277870655,0.9998823404312134,-0.014394737780094147,0.0854765921831131,0.014625034295022488,0.9983819127082825
0.9962704181671143,0.01861346885561943,-0.0802542045712471,-0.019891411066055298,0.9996950626373291,-0.025457458570599556,0.08192739635705948,0.026681946590542793,0.9984067678451538
0.9959513545036316,0.018322423100471497,-0.07982106506824493,-0.0200501661747694,0.9996091723442078,-0.028745077550411224,0.08031632751226425,0.031014790758490562,0.9979660511016846
0.9969238638877869,0.026384957134723663,-0.07528326660394669,-0.028214536607265472,0.9989087581634521,-0.03357551991939545,0.07470595836639404,0.03759045898914337,0.9977594614028931
0.9981769919395447,0.03277512639760971,0.07198368012905121,-0.03450527414679527,0.9994722008705139,0.03203307092189789,-0.06884521245956421,-0.03688899800181389,0.9953639507293701
0.9981043338775635,-0.03589504584670067,-0.045217715203762054,0.03986098989844322,0.9973213076591492,0.07128538936376572,0.04816307872533798,-0.06989504396915436,0.979712724685669
0.99769526720047,-0.03602232784032822,-0.06669598072767258,0.0393003411591053,0.9980931878089905,0.04658710956573486,0.06488683074712753,-0.047781601548194885,0.994918942451477
0.9963234066963196,-0.019759606570005417,0.07058139145374298,0.022758278995752335,0.9984825849533081,-0.0487036257982254,-0.06923213601112366,0.052269622683525085,0.9981982111930847
0.9972769618034363,0.025342769920825958,-0.05537063255906105,-0.028300350531935692,0.9978301525115967,-0.06341282278299332,0.04845688119530678,0.06797755509614944,0.9985669255256653
0.994901716709137,0.023758087307214737,-0.058350712060928345,-0.027075666934251785,0.9986986517906189,-0.06372124701738358,0.046995360404253006,0.06884237378835678,0.9948111772537231
0.9947217106819153,0.019188694655895233,-0.06093087047338486,-0.026166154071688652,0.998672366142273,-0.06893319636583328,0.03907572850584984,0.06928395479917526,0.9862710237503052
1.0002070665359497,0.01604248583316803,0.05944660305976868,-0.02297387085855007,0.9979339838027954,0.07438251376152039,-0.040343888103961945,-0.06924797594547272,0.9767318367958069
1.0008747577667236,0.014581665396690369,-0.05355605483055115,-0.02034011110663414,0.9974324703216553,-0.07680688053369522,0.04007404297590256,0.06977131217718124,0.9727646112442017
1.0014582872390747,0.014408089220523834,-0.04504280164837837,-0.01865631528198719,0.9975516200065613,-0.07782993465662003,0.036394666880369186,0.0725303441286087,0.9704384207725525
1.001835823059082,0.015359723009169102,-0.03628813475370407,-0.018769361078739166,0.9976082444190979,-0.07741741091012955,0.030620325356721878,0.07493206113576889,0.9691894054412842
1.0016586780548096,0.014124524779617786,-0.03832915425300598,-0.01813993975520134,0.9980234503746033,-0.07210182398557663,0.037120986729860306,0.07225862890481949,0.9701374769210815
1.0014833211898804,0.016123972833156586,-0.036976177245378494,-0.02025841921567917,0.9989718198776245,-0.06826438754796982,0.039653949439525604,0.07271851599216461,0.9750397801399231
0.9986348152160645,0.01781322807073593,-0.047416284680366516,-0.022910354658961296,1.0000914335250854,-0.061151664704084396,0.04941669851541519,0.06492418050765991,0.9803839325904846
0.9977916479110718,-0.019411860033869743,0.05907204747200012,0.022738000378012657,1.0002957582473755,-0.054886601865291595,-0.06166187673807144,0.05645058676600456,0.9851062893867493
0.9979854822158813,-0.019562900066375732,0.06492719054222107,0.022529346868395805,0.9999375939369202,-0.05134575814008713,-0.06793414801359177,0.05246197432279587,0.9916151165962219
0.9979612231254578,-0.022276753559708595,-0.07294353097677231,0.024724096059799194,0.999535083770752,0.039141327142715454,0.07450301200151443,-0.04023890942335129,0.9957091212272644
0.9975350499153137,0.022511757910251617,-0.07570773363113403,-0.02490270510315895,0.9991245269775391,-0.033469732850790024,0.0782894492149353,0.03410547599196434,0.9966439008712769
0.9973989129066467,0.02275758981704712,-0.07620297372341156,-0.025298913940787315,0.9992182850837708,-0.03201135993003845,0.07920261472463608,0.03226970508694649,0.9975186586380005
0.9970292448997498,0.02071411907672882,-0.07773475348949432,-0.022845104336738586,0.9994138479232788,-0.029445141553878784,0.08098167926073074,0.029319947585463524,0.9981141090393066
0.9968529939651489,0.021160369738936424,-0.07535509765148163,-0.023484690114855766,0.9992772936820984,-0.03497742861509323,0.07841378450393677,0.03523555397987366,0.9986340403556824
0.9966511130332947,0.02081082947552204,-0.07334055006504059,-0.023364180698990822,0.9991235136985779,-0.03981592506170273,0.07547987997531891,0.04073953256011009,0.9989184141159058
0.9964881539344788,0.02043294720351696,-0.07244988530874252,-0.022950436919927597,0.9989802241325378,-0.04266270622611046,0.07289314270019531,0.04435059428215027,0.998605489730835
0.9967207908630371,0.025928977876901627,-0.07094491273164749,-0.027932099997997284,0.9985923767089844,-0.04265616834163666,0.06979174166917801,0.046239353716373444,0.9978183507919312
0.9979767203330994,0.029894644394516945,0.07042297720909119,-0.03197070211172104,0.9987773299217224,0.04012726619839668,-0.06816677004098892,-0.04531339555978775,0.9959065914154053
0.9940078258514404,-0.0225250031799078,-0.05649953335523605,0.021926818415522575,0.9989728331565857,0.06657261401414871,0.0707235336303711,-0.058607086539268494,0.9813112020492554
0.9979413151741028,-0.015457089059054852,0.0632057785987854,0.01853943057358265,0.9979550838470459,-0.059458862990140915,-0.06404170393943787,0.05957891792058945,0.9954206943511963
0.9965623021125793,-0.021045390516519547,0.06555444747209549,0.023811617866158485,0.998528242111206,-0.05368857830762863,-0.06477741152048111,0.05694473907351494,0.9976824522018433
0.9967383146286011,-0.02425486035645008,0.059277359396219254,0.028291163966059685,0.9983017444610596,-0.059852950274944305,-0.053667400032281876,0.06428990513086319,0.9977408647537231
0.9941818118095398,0.022619396448135376,-0.06335429102182388,-0.027606047689914703,0.9985840320587158,-0.060550507158041,0.05186106637120247,0.06416929513216019,0.9942923188209534
0.9961608648300171,0.01972104422748089,-0.06636090576648712,-0.02651626616716385,0.9982764720916748,-0.06459397822618484,0.04709230735898018,0.06422701478004456,0.9871946573257446
0.9999886155128479,0.017828108742833138,-0.06494063884019852,-0.02374097891151905,0.9979040622711182,-0.0675661638379097,0.048722609877586365,0.06438512355089188,0.9798697233200073
1.000592827796936,0.01741785928606987,-0.060169994831085205,-0.022450139746069908,0.9978441596031189,-0.06821564584970474,0.04896986857056618,0.06498203426599503,0.9763834476470947
1.0015393495559692,0.017266234382987022,-0.051668405532836914,-0.02152307890355587,0.9979943633079529,-0.069464772939682,0.04669678956270218,0.06740930676460266,0.9748013615608215
1.0017075538635254,0.01825176179409027,-0.04125227779150009,-0.021574383601546288,0.9983370900154114,-0.07009130716323853,0.04363802447915077,0.06959524005651474,0.9766766428947449
0.9994996190071106,0.01929089054465294,-0.04188550263643265,-0.02253277786076069,0.9993566870689392,-0.06562764197587967,0.046284761279821396,0.06649785488843918,0.98037189245224
0.9992408752441406,0.022660892456769943,-0.04358351603150368,-0.025411663576960564,0.9996695518493652,-0.062038570642471313,0.04776427522301674,0.06737969070672989,0.9837630987167358
0.9969460964202881,0.02261422388255596,-0.049563415348529816,-0.02650437504053116,0.9994716644287109,-0.05918018892407417,0.05308859050273895,0.06465393304824829,0.9878755211830139
0.9973526000976562,-0.022807523608207703,0.05870725214481354,0.02757183089852333,0.9995325803756714,-0.05522561073303223,-0.05968200042843819,0.05862057954072952,0.9918709397315979
0.9980568289756775,-0.023928871378302574,-0.06444870680570602,0.02847370132803917,0.9991875290870667,0.0512876957654953,0.06545672565698624,-0.05441643297672272,0.995196521282196
0.9978296756744385,-0.025564532727003098,-0.0696820542216301,0.029023775830864906,0.998956561088562,0.04379194602370262,0.0704229399561882,-0.04647258669137955,0.9972496628761292
0.9978297352790833,-0.02515857107937336,-0.07058321684598923,0.02859475463628769,0.9989495873451233,0.04220473766326904,0.07220764458179474,-0.0439695306122303,0.9974378347396851
0.9979652166366577,-0.024837076663970947,-0.07025621831417084,0.028292814269661903,0.9988182783126831,0.042446427047252655,0.07303120195865631,-0.04328937083482742,0.9978179931640625
0.9976589679718018,0.022711528465151787,-0.06940162926912308,-0.025895776227116585,0.9986792206764221,-0.04456592723727226,0.07274425029754639,0.04485464468598366,0.9984222650527954
0.9974780082702637,0.02201302908360958,-0.066887266933918,-0.025188518688082695,0.998566746711731,-0.04861536622047424,0.07029514759778976,0.04899157956242561,0.9989726543426514
0.997138500213623,0.021880699321627617,-0.06663355231285095,-0.02495022676885128,0.9985637664794922,-0.0494471974670887,0.06912684440612793,0.050290796905756,0.9992684721946716
0.9967131018638611,0.02152310311794281,-0.06637170910835266,-0.02443244494497776,0.9985023736953735,-0.05092376098036766,0.06726793199777603,0.05252070724964142,0.9990699291229248
0.9966259002685547,0.024634044617414474,-0.06652282178401947,-0.02713974565267563,0.9985105395317078,-0.05020889267325401,0.06459062546491623,0.05309506505727768,0.9979225397109985
0.9975558519363403,0.028995174914598465,0.06825482845306396,-0.03184255585074425,0.9986698627471924,0.04514772444963455,-0.06518106907606125,-0.0491928793489933,0.9957886338233948
0.9982451796531677,-0.03144032135605812,-0.05697394534945488,0.03447847440838814,0.9976624846458435,0.05896501988172531,0.056149065494537354,-0.06015869975090027,0.995802640914917
0.9972476959228516,-0.026925988495349884,-0.058814726769924164,0.029663797467947006,0.99806809425354,0.05823490396142006,0.0583520233631134,-0.060928620398044586,0.9973147511482239
0.996458888053894,0.025478241965174675,-0.06228342279791832,-0.0293596051633358,0.99835205078125,-0.0558101125061512,0.05835049971938133,0.0595560297369957,0.9974046945571899
0.9948690533638,-0.02318658120930195,0.06559772044420242,0.028427107259631157,0.9985129237174988,-0.05665913596749306,-0.05727113410830498,0.059625882655382156,0.9950905442237854
0.9961601495742798,0.020963918417692184,-0.06773252040147781,-0.02760232426226139,0.9982575178146362,-0.05985033139586449,0.053362973034381866,0.060308996587991714,0.9905356764793396
0.9991735816001892,0.019781583920121193,-0.06761783361434937,-0.025513745844364166,0.9980770945549011,-0.06127847731113434,0.05392483249306679,0.05996456369757652,0.9848607778549194
1.000185489654541,0.020003115758299828,-0.06428368389606476,-0.02489297278225422,0.9981628060340881,-0.06096091866493225,0.05546015501022339,0.05965626984834671,0.9813810586929321
1.0008556842803955,0.02100451849400997,-0.057237181812524796,-0.024808218702673912,0.998527467250824,-0.062150441110134125,0.05733860656619072,0.05988190695643425,0.9825567603111267
0.9993493556976318,0.022962920367717743,-0.05096740275621414,-0.02504481002688408,0.9993832111358643,-0.06341145187616348,0.05616042762994766,0.061348963528871536,0.9882315397262573
0.9980266690254211,0.023981183767318726,-0.04807581380009651,-0.025429189205169678,0.9998619556427002,-0.0634787380695343,0.050615448504686356,0.064030222594738,0.9916572570800781
0.9985216856002808,0.02584090642631054,-0.04780486598610878,-0.028113076463341713,0.9996951222419739,-0.0615522563457489,0.04960935562849045,0.06489743292331696,0.9917420148849487
0.9975507855415344,0.02581985481083393,-0.048570651561021805,-0.03041800856590271,0.9995492696762085,-0.061968427151441574,0.051433637738227844,0.06629244983196259,0.9936032295227051
0.9980196356773376,0.026169145479798317,-0.05342961847782135,-0.0309734083712101,0.9991946220397949,-0.06060434505343437,0.05356147885322571,0.06373638659715652,0.9960227608680725
0.998240053653717,-0.028134547173976898,0.05761600285768509,0.03231890872120857,0.9983949661254883,-0.0571775957942009,-0.05771157518029213,0.05983661860227585,0.9968081116676331
0.9979291558265686,-0.02901335060596466,-0.06422402709722519,0.03287408873438835,0.998561441898346,0.049468763172626495,0.06500169634819031,-0.05181277170777321,0.9973835945129395
0.998103141784668,-0.029233884066343307,-0.06424621492624283,0.03306002542376518,0.9985480904579163,0.04910435527563095,0.06564739346504211,-0.05078361928462982,0.9975956082344055
0.9982075095176697,-0.02849268540740013,-0.06510160863399506,0.032292045652866364,0.9986026883125305,0.04797319695353508,0.06780831515789032,-0.048849333077669144,0.9979013204574585
0.9981885552406311,-0.027663106098771095,-0.0625462681055069,0.031287048012018204,0.9984467029571533,0.051274675875902176,0.06608013808727264,-0.05170335993170738,0.9985852837562561
0.9980109930038452,0.025705767795443535,-0.059192124754190445,-0.029197685420513153,0.9981769919395447,-0.0559525191783905,0.06285153329372406,0.05649256706237793,0.9992305040359497
0.997491180896759,0.025508807972073555,-0.05997088924050331,-0.02885916456580162,0.9981878995895386,-0.055601924657821655,0.06270681321620941,0.056420836597681046,0.9994462728500366
0.9969097971916199,0.02416582591831684,-0.060979656875133514,-0.027280602604150772,0.9982010722160339,-0.056081317365169525,0.062087204307317734,0.05747876316308975,0.99924635887146
0.9968022108078003,0.023741738870739937,-0.062490370124578476,-0.02669375017285347,0.9982104897499084,-0.05555076152086258,0.06068137288093567,0.05800303444266319,0.9980412721633911
0.9977480173110962,0.028034137561917305,0.06482692062854767,-0.031122727319598198,0.9983418583869934,0.050480686128139496,-0.06178918853402138,-0.054185256361961365,0.9958953857421875
0.9981522560119629,-0.0277031771838665,-0.0653088241815567,0.031082894653081894,0.9982416033744812,0.05358842760324478,0.0642666146159172,-0.05405231565237045,0.9943934679031372
0.9982720613479614,-0.026695866137742996,-0.05543764680624008,0.029903175309300423,0.9975706934928894,0.0626424178481102,0.05466894805431366,-0.06359180063009262,0.9960464239120483
0.9972404837608337,0.023515377193689346,-0.06357020139694214,-0.025976134464144707,0.9981985688209534,-0.055246464908123016,0.06316857784986496,0.05740765482187271,0.9970123171806335
0.996701717376709,0.02640220895409584,-0.06342256814241409,-0.029648752883076668,0.9982427954673767,-0.05434689298272133,0.06046690419316292,0.057625822722911835,0.9973056316375732
0.9962978959083557,0.025217408314347267,-0.06500624865293503,-0.029624709859490395,0.9981918334960938,-0.0548858679831028,0.059667423367500305,0.05780220776796341,0.9961003065109253
0.9961841702461243,0.024808650836348534,-0.0663539469242096,-0.030102811753749847,0.9980441331863403,-0.055821970105171204,0.057341933250427246,0.05789535492658615,0.9937600493431091
0.9982122182846069,0.02404695190489292,0.06696037948131561,-0.02939358353614807,0.9980188608169556,0.055980198085308075,-0.056939415633678436,-0.05704686790704727,0.9900510907173157
0.9994714260101318,0.024375010281801224,0.06471145153045654,-0.02902860753238201,0.9979498982429504,0.05544121935963631,-0.05846831202507019,-0.05616780370473862,0.9873464703559875
0.9993182420730591,0.024370474740862846,0.06322873383760452,-0.028947923332452774,0.9977898001670837,0.05324016138911247,-0.06504430621862411,-0.05460788309574127,0.9898308515548706
0.9978163242340088,0.025039302185177803,0.060356706380844116,-0.029225436970591545,0.9977697134017944,0.055321887135505676,-0.062437210232019424,-0.057754866778850555,0.9948396682739258
0.9984641671180725,0.025174997746944427,-0.05296340584754944,-0.027887843549251556,0.9979126453399658,-0.061879850924015045,0.053373586386442184,0.06501514464616776,0.9964189529418945
0.9983097314834595,0.0266413651406765,-0.05229835584759712,-0.029903613030910492,0.9982699155807495,-0.06068140268325806,0.05277729406952858,0.06407526880502701,0.996025800704956
0.9982477426528931,0.026836877688765526,-0.05018382892012596,-0.03148670867085457,0.9980134963989258,-0.06326401233673096,0.05146874114871025,0.06614425778388977,0.9963439702987671
0.9983319044113159,0.028446514159440994,-0.04978135600686073,-0.032305289059877396,0.9978619813919067,-0.06418035924434662,0.05018918961286545,0.0662723183631897,0.9971896409988403
0.9984223246574402,-0.030292751267552376,0.05151757225394249,0.03402861952781677,0.9978934526443481,-0.062024060636758804,-0.051750972867012024,0.06404682993888855,0.9973145723342896
