0.9991655349731445,0.0015753071056678891,0.05552393198013306,0.0034046343062072992,0.9974057674407959,-0.07410141825675964,-0.05387786030769348,0.07347433269023895,0.986687421798706
0.9996340870857239,0.014885492622852325,-0.053592875599861145,-0.019575942307710648,0.9976266622543335,-0.07414726912975311,0.05187481641769409,0.07608196139335632,0.9916061162948608
0.999078094959259,0.016337338835000992,0.05465064197778702,-0.020907660946249962,0.997043788433075,0.07541648298501968,-0.05192780867218971,-0.0763922706246376,0.9934065937995911
0.9989264607429504,0.016577884554862976,0.05205326899886131,-0.020719729363918304,0.9970727562904358,0.07802559435367584,-0.04889027029275894,-0.07897811383008957,0.9938392043113708
0.9993323683738708,0.015408400446176529,0.04802285134792328,-0.019543318077921867,0.9967312216758728,0.08162067830562592,-0.04465038701891899,-0.08192127197980881,0.9940624833106995
1.0003832578659058,0.009238126687705517,-0.036987725645303726,-0.012229702435433865,0.9964559078216553,-0.08801411092281342,0.035296954214572906,0.08872678875923157,0.9931545853614807
1.0023090839385986,0.012234779074788094,-0.024056226015090942,-0.014991368167102337,0.9961993098258972,-0.09165923297405243,0.022955724969506264,0.09229832887649536,0.9916017651557922
1.002750039100647,-0.007916786707937717,-0.04024707153439522,0.013016222044825554,0.9977893233299255,0.09160667657852173,0.0359407514333725,-0.08762694150209427,0.9849798083305359
0.9996494650840759,0.0041624559089541435,-0.027097763493657112,-0.008800392039120197,0.9949766397476196,-0.09641624987125397,0.029964832589030266,0.09305361658334732,0.9637967944145203
0.997403085231781,0.0036337298806756735,0.05949613079428673,0.0028759450651705265,0.9970908164978027,-0.07165350764989853,-0.05347965657711029,0.06666652858257294,0.9818977117538452
0.9987896084785461,0.006389524322003126,0.06345531344413757,-0.011664733290672302,0.9982171058654785,0.06848668307065964,-0.06228763237595558,-0.06759849935770035,0.9924448132514954
0.9999526739120483,-0.025098031386733055,-0.005223390646278858,0.02419424243271351,0.9955655932426453,-0.09037255495786667,0.008199390955269337,0.09079183638095856,0.9950249195098877
0.9993115663528442,-0.0260040070861578,-0.0008574770181439817,0.025875452905893326,0.99543297290802,-0.09034931659698486,0.0036398828960955143,0.09090665727853775,0.9963623881340027
0.9991345405578613,-0.027864212170243263,0.0035479178186506033,0.028184223920106888,0.9954034090042114,-0.08951009809970856,-0.002088672248646617,0.09080161899328232,0.9972049593925476
0.9978057146072388,0.020830495283007622,0.05459140986204147,-0.02345706894993782,0.9971596002578735,0.07299180328845978,-0.05543908476829529,-0.07532838732004166,0.9967836141586304
0.9977312684059143,0.011487631127238274,0.04763955995440483,-0.013852368108928204,0.9967442154884338,0.08127123862504959,-0.04732636362314224,-0.08240479975938797,0.9968708753585815
0.9979177117347717,0.010553593747317791,0.043103381991386414,-0.01307043805718422,0.9966106414794922,0.08513747155666351,-0.04161859303712845,-0.085385262966156,0.996401846408844
0.9982775449752808,0.00914174597710371,-0.03494401276111603,-0.01222617644816637,0.9966223239898682,-0.08993547409772873,0.03306309133768082,0.08911918103694916,0.9960576891899109
0.9989932179450989,0.0023232505191117525,-0.023495003581047058,-0.0057220603339374065,0.9961812496185303,-0.09505505859851837,0.023001831024885178,0.09261039644479752,0.9958744645118713
1.0001920461654663,0.003813758958131075,-0.012824947945773602,-0.007894565351307392,0.995558500289917,-0.0974399670958519,0.013208012096583843,0.09407535195350647,0.9955796599388123
0.9994598627090454,0.002043571788817644,-0.055089015513658524,0.005017812363803387,0.9969545602798462,0.08107776194810867,0.05472688004374504,-0.07892537117004395,0.9935356974601746
1.002395749092102,0.003996239509433508,-0.04273917153477669,-0.008041167631745338,0.9974810481071472,-0.09170606732368469,0.03603201359510422,0.08937718719244003,0.9865243434906006
0.9951452612876892,0.005707600153982639,0.06525436043739319,0.0007593114278279245,0.9996441006660461,-0.06233732029795647,-0.055601686239242554,0.057681310921907425,0.9769085645675659
1.0007623434066772,-0.019779494032263756,-0.020345130935311317,0.017668867483735085,0.9964238405227661,-0.08667924255132675,0.022419055923819542,0.08881064504384995,0.9941335320472717
0.997475266456604,0.014512747526168823,0.06352610141038895,-0.019311368465423584,0.9975724220275879,0.06495112180709839,-0.06394975632429123,-0.06693555414676666,0.9966766834259033
0.9972289204597473,0.011611009016633034,0.061548855155706406,-0.014971364289522171,0.9975005984306335,0.06802671402692795,-0.06329972296953201,-0.06982454657554626,0.9979109764099121
0.9968235492706299,0.008111393079161644,0.06111746281385422,-0.011191131547093391,0.9975062012672424,0.0701260045170784,-0.06383924931287766,-0.07093080878257751,0.9980989098548889
0.9971600770950317,-0.010652150958776474,-0.05927732586860657,0.01399033609777689,0.9973618984222412,0.07228600233793259,0.06263918429613113,-0.07227413356304169,0.9978103041648865
0.9978331923484802,-0.011431289836764336,-0.053882014006376266,0.015385164879262447,0.9968603849411011,0.07654997706413269,0.057463306933641434,-0.0762583389878273,0.9974826574325562
0.9984369277954102,0.012885205447673798,0.05129557102918625,-0.01667756587266922,0.9969307780265808,0.07819769531488419,-0.05474267154932022,-0.07796293497085571,0.9972072243690491
0.9986820816993713,0.013755676336586475,0.04720615968108177,-0.017115818336606026,0.9968206882476807,0.08140548318624496,-0.04975184425711632,-0.0810418650507927,0.9969668388366699
0.9986704587936401,0.013033870607614517,0.041453976184129715,-0.01638145186007023,0.9965695738792419,0.08548682928085327,-0.04303441941738129,-0.08484393358230591,0.9968212842941284
0.9990053176879883,0.012223719619214535,-0.032580871134996414,-0.015452408231794834,0.9962396621704102,-0.08992194384336472,0.033950451761484146,0.08883429318666458,0.996829628944397
0.9993804097175598,0.010772249661386013,-0.02235535718500614,-0.013665987178683281,0.9959745407104492,-0.09352971613407135,0.02413061261177063,0.09220287203788757,0.9969367980957031
0.999620795249939,0.008123526349663734,-0.009392959997057915,-0.010032663121819496,0.995427131652832,-0.09603561460971832,0.013096217066049576,0.0943266749382019,0.9976301789283752
0.997875452041626,0.0006471796659752727,-0.061991896480321884,0.0023854731116443872,0.997191309928894,0.07486045360565186,0.06449412554502487,-0.07161883264780045,0.9990100860595703
0.9970953464508057,-0.023616747930645943,0.07061662524938583,0.02845887839794159,0.998556911945343,-0.06355565041303635,-0.0694127231836319,0.06412313878536224,0.9958295226097107
0.997969925403595,-0.021096911281347275,0.07619819045066833,0.025953296571969986,1.0005276203155518,-0.0604337714612484,-0.07265051454305649,0.06525873392820358,0.9872229695320129
0.9984276294708252,0.005589351989328861,0.06717367470264435,-0.001453534816391766,0.9995823502540588,-0.05431710556149483,-0.06997057050466537,0.05849312245845795,0.9904311299324036
0.9971155524253845,0.017724692821502686,0.06975966691970825,-0.02177574671804905,0.9985227584838867,0.05228080973029137,-0.07168669998645782,-0.05481059476733208,0.9972259998321533
0.9975155591964722,0.01650485396385193,0.0691351369023323,-0.01901288516819477,0.998027503490448,0.056255556643009186,-0.07398506999015808,-0.0588856041431427,0.9991048574447632
0.9969879984855652,0.005186507478356361,0.06763824075460434,-0.008097339421510696,0.99809730052948,0.06261370331048965,-0.07291962206363678,-0.06298038363456726,0.998378336429596
0.997543215751648,0.006410951726138592,0.06477351486682892,-0.010264651849865913,0.9977941513061523,0.06652522832155228,-0.07009787112474442,-0.06607375293970108,0.9980045557022095
0.9979143738746643,0.00964085478335619,0.06319605559110641,-0.01408756896853447,0.9977794885635376,0.06817425787448883,-0.06777229905128479,-0.06788355112075806,0.9973047375679016
0.9982380270957947,0.011152421124279499,0.060673344880342484,-0.015598285011947155,0.9975789785385132,0.07091844826936722,-0.0640263631939888,-0.07084891945123672,0.9965498447418213
0.999008297920227,-0.012860240414738655,-0.05389554053544998,0.01750653237104416,0.9971089363098145,0.07659082114696503,0.05592574179172516,-0.07677531242370605,0.9960784316062927
0.9991759061813354,-0.014359533786773682,-0.05344580113887787,0.0196171086281538,0.9970513582229614,0.0767950788140297,0.05493075028061867,-0.07718539237976074,0.9957865476608276
0.9989402890205383,0.015317424200475216,0.04843559116125107,-0.020371466875076294,0.9969489574432373,0.07987060397863388,-0.050173070281744,-0.08033260703086853,0.9954859018325806
0.9989081025123596,0.015571024268865585,0.03895809128880501,-0.019580285996198654,0.9966174960136414,0.08537940680980682,-0.04070422798395157,-0.08531074970960617,0.9954787492752075
0.9995314478874207,0.01591559872031212,-0.028343629091978073,-0.01865350641310215,0.9961415529251099,-0.09029530733823776,0.029381437227129936,0.08975746482610703,0.9957982301712036
1.0005251169204712,0.015073823742568493,-0.016192419454455376,-0.017001541331410408,0.9957991242408752,-0.09402593225240707,0.01712651550769806,0.09311142563819885,0.9960765838623047
1.000969648361206,0.01203804463148117,-0.004216393921524286,-0.01313006691634655,0.995657742023468,-0.09613314270973206,0.0064097810536623,0.09504362940788269,0.9962178468704224
1.0004041194915771,-0.009581920690834522,-0.009002926759421825,0.008811475709080696,0.995829701423645,-0.09674181789159775,0.004800548776984215,0.09527923166751862,0.996928870677948
0.9995251297950745,0.007666682358831167,0.023238642141222954,-0.005266023799777031,0.996052086353302,-0.09516805410385132,-0.0196219552308321,0.09356096386909485,0.997964084148407
0.9997090101242065,0.01930857077240944,0.026047000661492348,-0.01807677000761032,0.9956936240196228,-0.09401613473892212,-0.027513818815350533,0.09270818531513214,0.9947240948677063
1.0008357763290405,-0.003622383577749133,-0.0646366998553276,-0.0017230903031304479,0.997367799282074,-0.0819678008556366,0.05977299436926842,0.07720445096492767,0.9854404926300049
0.9980580806732178,0.0009774735663086176,0.07499544322490692,0.0014166823821142316,1.0012292861938477,-0.03677605092525482,-0.07215199619531631,0.04084178805351257,0.9787176251411438
0.9976797103881836,0.004757727030664682,-0.08351151645183563,-0.006328752264380455,1.0002998113632202,-0.033794552087783813,0.08476033806800842,0.03704772889614105,0.9944841265678406
0.9962099194526672,0.01514185220003128,0.07570351660251617,-0.01884426735341549,0.9986673593521118,0.046477872878313065,-0.0787135511636734,-0.049902256578207016,0.9985132813453674
0.9976428151130676,0.0158329326659441,0.07139594107866287,-0.018716735765337944,0.9985852837562561,0.05388515070080757,-0.07702488452196121,-0.05432673543691635,0.9989003539085388
0.997774064540863,0.00731478538364172,0.07335733622312546,-0.010810685344040394,0.9982009530067444,0.05546022579073906,-0.07995796948671341,-0.055279262363910675,0.9982689023017883
0.9978154897689819,0.00740943243727088,0.06978083401918411,-0.01151808351278305,0.9981716871261597,0.0611078217625618,-0.0744110718369484,-0.060999855399131775,0.9966104626655579
0.9968560934066772,0.008818230591714382,0.06863731890916824,-0.013237999752163887,0.998157799243927,0.06233581155538559,-0.07349652051925659,-0.06184849888086319,0.9955728054046631
0.9936767220497131,0.012530357576906681,0.06241985410451889,-0.017466137185692787,0.9978175163269043,0.0652516633272171,-0.07143286615610123,-0.06486175954341888,0.9939317107200623
0.9897568225860596,0.01678238809108734,0.05443726107478142,-0.020280374214053154,0.9975225329399109,0.06730828434228897,-0.07002584636211395,-0.06697843968868256,0.9914783835411072
0.9930325150489807,0.023076653480529785,0.0467633455991745,-0.02287043258547783,0.9973336458206177,0.07326879352331161,-0.05872451886534691,-0.07349514961242676,0.9917859435081482
0.9957127571105957,0.021315349265933037,0.05088395997881889,-0.026580700650811195,0.996711015701294,0.07207076996564865,-0.05622453987598419,-0.07548533380031586,0.9932665824890137
0.9948896169662476,0.019734326750040054,0.043116938322782516,-0.02745800092816353,0.9973785281181335,0.07544819265604019,-0.050962816923856735,-0.08132851123809814,0.9913012981414795
0.9937793612480164,0.019998891279101372,0.030958080664277077,-0.02622992731630802,0.9974063634872437,0.08149468153715134,-0.04341631755232811,-0.0856313705444336,0.9886764287948608
0.9947096109390259,0.02287832461297512,-0.02078108862042427,-0.02571389265358448,0.9971538186073303,-0.08730652928352356,0.03179158270359039,0.08861345052719116,0.9893629550933838
0.9975594878196716,0.023389123380184174,-0.016307048499584198,-0.02431296370923519,0.9961081147193909,-0.09142822027206421,0.020357230678200722,0.08985766023397446,0.9931380152702332
1.0004215240478516,0.017926858738064766,-0.006091475021094084,-0.019151614978909492,0.9956193566322327,-0.09501081705093384,0.006179416086524725,0.09397757798433304,0.9957206845283508
1.0007175207138062,-0.013771919533610344,-0.010862764902412891,0.013274379074573517,0.9956288933753967,-0.09601353853940964,0.009473145008087158,0.09465920925140381,0.9958208799362183
0.99961256980896,0.010815146379172802,0.029967209324240685,-0.008582682348787785,0.9959474802017212,-0.09308911859989166,-0.026248980313539505,0.09098082035779953,0.997062087059021
0.9992316365242004,0.021880464628338814,0.036132682114839554,-0.01764332316815853,0.9958350658416748,-0.08897358924150467,-0.035287756472826004,0.08839977532625198,0.9972109198570251
0.9960268139839172,-0.010550766251981258,0.09502912312746048,0.012266803532838821,1.0001925230026245,-0.030891090631484985,-0.09201459586620331,0.03232066333293915,0.9924219250679016
1.0044320821762085,-0.005691796541213989,0.07011131197214127,0.004618469625711441,1.0021919012069702,-0.013239097781479359,-0.07560815662145615,0.027515584602952003,0.9719554781913757
0.9971854090690613,0.0052666389383375645,-0.08554086834192276,-0.0058366102166473866,1.0006448030471802,-0.025022048503160477,0.08532839268445969,0.028974493965506554,0.9948777556419373
0.9966370463371277,0.014652629382908344,0.08212262392044067,-0.016989152878522873,0.9994508624076843,0.035605113953351974,-0.08675724267959595,-0.03940778970718384,0.999489963054657
0.996388852596283,0.007190888747572899,0.07921838760375977,-0.009866174310445786,0.9990975856781006,0.04615730047225952,-0.08497490733861923,-0.04587261378765106,0.997754693031311
0.9978313446044922,0.006098216865211725,0.0766439214348793,-0.010396245867013931,0.9987391233444214,0.05176787078380585,-0.08286411315202713,-0.05114014819264412,0.9961038827896118
0.9951463341712952,0.011068901047110558,0.0771157294511795,-0.017497319728136063,0.9993904232978821,0.04718661308288574,-0.08575010299682617,-0.047679729759693146,0.9927125573158264
0.9923694729804993,0.0133444145321846,0.07029682397842407,-0.018139999359846115,1.0001862049102783,0.051073238253593445,-0.08727917820215225,-0.050934117287397385,0.9865308403968811
0.9920592904090881,0.016249608248472214,0.06650160253047943,-0.015974709764122963,1.0006458759307861,0.055277060717344284,-0.08849795907735825,-0.04806099459528923,0.9800467491149902
0.9841418862342834,0.015039835125207901,0.0510106235742569,-0.022943701595067978,0.9974174499511719,0.05723941698670387,-0.08768640458583832,-0.05139686167240143,0.9728676080703735
0.9724141955375671,0.019873177632689476,0.019158439710736275,-0.030554622411727905,0.9995322823524475,0.05459514260292053,-0.09336864948272705,-0.05954438075423241,0.9559294581413269
0.9782740473747253,0.04223767668008804,0.00957329012453556,-0.03019975684583187,1.00484299659729,0.05820572003722191,-0.08681144565343857,-0.057659316807985306,0.9467968344688416
0.9840335845947266,0.034844059497117996,0.02657860890030861,-0.02946770004928112,1.0012825727462769,0.06244230642914772,-0.07687094062566757,-0.05581391975283623,0.957707941532135
0.992915689945221,0.03067726641893387,0.030427664518356323,-0.030061956495046616,0.9973850846290588,0.06826429814100266,-0.058820437639951706,-0.07282650470733643,0.97136390209198
1.0018025636672974,0.026708917692303658,0.027959460392594337,-0.030028875917196274,0.998295247554779,0.07440771907567978,-0.04208661988377571,-0.08380065113306046,0.9756728410720825
1.0044902563095093,0.02936190739274025,-0.02033938467502594,-0.030690830200910568,0.9974668622016907,-0.08144723623991013,0.026871416717767715,0.08646959066390991,0.979047417640686
1.0016658306121826,0.028746020048856735,-0.016890525817871094,-0.030445661395788193,0.997879683971405,-0.0876099094748497,0.019035514444112778,0.08451183885335922,0.9883888363838196
0.9995460510253906,-0.02394738234579563,0.00255704578012228,0.02379368059337139,0.9955272078514099,-0.09375151991844177,-0.0020610911305993795,0.0931258574128151,0.9953224062919617
1.0005470514297485,-0.01800612173974514,-0.014762991108000278,0.017432119697332382,0.9956830739974976,-0.09449071437120438,0.014391165226697922,0.09332385659217834,0.9954200387001038
0.9998602271080017,0.014547216705977917,0.037368275225162506,-0.011541000567376614,0.9961391091346741,-0.0897509977221489,-0.034569911658763885,0.08832337707281113,0.9961151480674744
0.9980344176292419,0.02048075944185257,0.0487322136759758,-0.015941722318530083,0.9967241883277893,-0.08331968635320663,-0.046419717371463776,0.08148283511400223,0.9976515769958496
0.9954025149345398,-0.018695879727602005,-0.09475863724946976,0.02027483843266964,0.9992683529853821,0.017429418861865997,0.09423581510782242,-0.01971358247101307,0.9955978989601135
0.9991781115531921,-0.007398070767521858,-0.07185284048318863,0.0024486149195581675,0.9981281757354736,-0.07075494527816772,0.06990806758403778,0.06812399625778198,0.9886297583580017
0.9988164305686951,0.016899731010198593,0.08101602643728256,-0.016877276822924614,1.000347375869751,0.016695475205779076,-0.08295048773288727,-0.0263814777135849,0.9931028485298157
0.995991587638855,0.01560203917324543,0.08622891455888748,-0.017214566469192505,0.9993326663970947,0.021487994119524956,-0.09108486026525497,-0.026086414232850075,0.999947190284729
0.9941645860671997,0.012789122760295868,0.08488554507493973,-0.014663237147033215,1.0004550218582153,0.02864549681544304,-0.09236202389001846,-0.030713651329278946,0.9972919821739197
0.9916926622390747,0.01471018884330988,0.07744518667459488,-0.01996663585305214,1.0007059574127197,0.03805972635746002,-0.09065201878547668,-0.04116056486964226,0.9914231896400452
0.9925808906555176,0.01711474172770977,0.0732644721865654,-0.020916655659675598,1.0012439489364624,0.04083355516195297,-0.09079602360725403,-0.04263816028833389,0.9835559725761414
0.9916585683822632,0.022729573771357536,0.07108891010284424,-0.032230980694293976,1.001056432723999,0.02877368964254856,-0.09128667414188385,-0.03848182037472725,0.9759147763252258
1.0054479837417603,0.023305770009756088,0.07512344419956207,-0.02820519171655178,1.0056637525558472,0.03324448689818382,-0.08093097060918808,-0.046978794038295746,0.97100430727005
1.0135812759399414,0.015021744184195995,0.08807789534330368,-0.02538721077144146,1.0060725212097168,0.04412828013300896,-0.07090911269187927,-0.052350003272295,0.9703449010848999
1.0103950500488281,-0.0015322581166401505,0.07597716897726059,-0.034607671201229095,0.995833158493042,0.045246995985507965,-0.07044034451246262,-0.061674948781728745,0.9607496857643127
1.0140637159347534,-0.010934787802398205,0.03183695301413536,-0.04045039787888527,0.9945366978645325,0.03141878545284271,-0.0704161673784256,-0.07865427434444427,0.9305844306945801
1.0396848917007446,0.03303997963666916,0.02152930200099945,-0.026059864088892937,1.0096594095230103,0.03826107084751129,-0.04358576983213425,-0.06427477300167084,0.9152133464813232
1.0300277471542358,0.024651240557432175,0.046408962458372116,-0.02952706441283226,1.0053995847702026,0.05265270918607712,-0.037593454122543335,-0.058459535241127014,0.9359190464019775
1.0187255144119263,0.029272623360157013,0.04751863330602646,-0.0307402815669775,0.9973251223564148,0.0650181919336319,-0.038665395230054855,-0.06752405315637589,0.9597833752632141
1.008992075920105,0.03160731494426727,0.04084964096546173,-0.029578307643532753,0.9960600733757019,0.07231456786394119,-0.030008995905518532,-0.08056988567113876,0.9723405838012695
1.0038853883743286,0.029245514422655106,-0.03054322861135006,-0.030421001836657524,0.9976369738578796,-0.07891824096441269,0.016265684738755226,0.08159863948822021,0.9817236661911011
1.0007450580596924,0.02885078638792038,-0.02115575037896633,-0.03227013349533081,0.9990692734718323,-0.08528535813093185,0.013176601380109787,0.08399376273155212,0.9920015931129456
0.9997554421424866,-0.02845555543899536,0.001961285946890712,0.02825584076344967,0.9953351616859436,-0.0922657772898674,-4.6077951992629096e-05,0.0921500101685524,0.9956895112991333
1.0000801086425781,0.02172449603676796,0.012560294009745121,-0.021364422515034676,0.9957368969917297,-0.09371301531791687,-0.013286899775266647,0.09297752380371094,0.9947709441184998
0.9999306201934814,0.01608101651072502,0.03540293872356415,-0.013616993092000484,0.996139645576477,-0.09028524160385132,-0.03305099532008171,0.08833561837673187,0.9953142404556274
0.9981564879417419,0.01444966159760952,0.05173226818442345,-0.010296422988176346,0.9968185424804688,-0.08326707035303116,-0.048202257603406906,0.08119484782218933,0.997352123260498
0.9972116947174072,0.01899537816643715,0.062450192868709564,-0.013741516508162022,0.9972488284111023,-0.0739140510559082,-0.06266753375530243,0.07292421162128448,0.9969443082809448
0.9961071610450745,-0.01994379051029682,-0.09663001447916031,0.019993916153907776,0.9998782277107239,0.007016334217041731,0.09586213529109955,-0.011034359224140644,0.9924019575119019
0.9960289001464844,0.010119429789483547,-0.08888211101293564,-0.008537678979337215,1.0010515451431274,-0.006954696495085955,0.08653905987739563,0.009582720696926117,0.9961211681365967
0.9942863583564758,0.009816181845963001,0.08814623206853867,-0.011788588017225266,1.0013190507888794,0.015770763158798218,-0.09647656232118607,-0.022382289171218872,1.000144600868225
0.9918658137321472,0.017344744876027107,0.08188509196043015,-0.022425208240747452,1.000651478767395,0.0198884978890419,-0.09267649054527283,-0.026020269840955734,0.9942694902420044
0.9890132546424866,0.018229449167847633,0.06962456554174423,-0.031223302707076073,1.0000948905944824,0.020431140437722206,-0.09617438167333603,-0.03853705897927284,0.9823919534683228
1.0022356510162354,0.021907227113842964,0.07020100951194763,-0.0302631463855505,1.004045844078064,0.01774149388074875,-0.08559621870517731,-0.04115624725818634,0.9679759740829468
1.0041167736053467,0.021356025710701942,0.07771652191877365,-0.033024318516254425,1.0015586614608765,0.003183279652148485,-0.07628635317087173,-0.039535850286483765,0.9711475968360901
1.0118894577026367,0.032841186970472336,0.09428101778030396,-0.02310089021921158,1.0020413398742676,0.015509756281971931,-0.06975111365318298,-0.045009296387434006,0.9769443869590759
1.0010299682617188,0.03656778857111931,0.11784813553094864,-0.02940434403717518,1.001883625984192,0.024956829845905304,-0.07291402667760849,-0.04472088813781738,0.9817150235176086
0.9959751963615417,0.023391446098685265,0.12390366941690445,-0.041177354753017426,0.9941462874412537,0.020847385749220848,-0.07464468479156494,-0.05422542989253998,0.9744735360145569
1.0061973333358765,0.0004992811591364443,0.10091026872396469,-0.0431930311024189,0.9847024083137512,0.005040123127400875,-0.06248318776488304,-0.07593238353729248,0.9511584043502808
1.0236793756484985,0.027813417837023735,0.0887119472026825,-0.01793554425239563,1.008235216140747,0.03056633658707142,-0.026560217142105103,-0.06486855447292328,0.9406580328941345
1.0002981424331665,0.025130998343229294,0.08548833429813385,-0.0257854126393795,1.001871109008789,0.05226721987128258,-0.03249209374189377,-0.06599541008472443,0.9550222158432007
0.9967832565307617,0.02734447829425335,0.06697744131088257,-0.031617436558008194,0.9968726634979248,0.06982311606407166,-0.03238742798566818,-0.06804900616407394,0.969319224357605
0.9974837899208069,0.027713367715477943,0.047329336404800415,-0.027975991368293762,0.9939793944358826,0.07841228693723679,-0.025053922086954117,-0.07952755689620972,0.9804078936576843
0.9966409802436829,0.027309035882353783,-0.028956053778529167,-0.029662512242794037,0.9976053237915039,-0.08303974568843842,0.01573537290096283,0.08279553800821304,0.9899070858955383
0.9990614056587219,0.029362976551055908,-0.018284130841493607,-0.03205405920743942,0.9975151419639587,-0.0873134508728981,0.014398227445781231,0.08855392038822174,0.9955741167068481
0.9999247193336487,-0.02948230318725109,-2.1219208065303974e-05,0.028888776898384094,0.9958702325820923,-0.09212487936019897,0.0019014386925846338,0.09231461584568024,0.9957773685455322
0.9999805092811584,-0.024785863235592842,-0.017002176493406296,0.023161625489592552,0.9963476061820984,-0.09297648072242737,0.018522605299949646,0.09213367849588394,0.9940239191055298
0.9993160367012024,0.017017217352986336,0.05020398646593094,-0.01311919279396534,0.9968100786209106,-0.0835176408290863,-0.04710240662097931,0.0810241848230362,0.9944388270378113
0.9974201917648315,0.01463634055107832,0.06847992539405823,-0.009990339167416096,0.997570812702179,-0.07052160799503326,-0.06453246623277664,0.06923165917396545,0.9967154264450073
0.9958496689796448,0.011594432406127453,0.07718716561794281,-0.007224231027066708,0.998294472694397,-0.06041514500975609,-0.07539472728967667,0.0592200867831707,0.9974106550216675
0.9968217015266418,0.014611228369176388,-0.08110278099775314,-0.010596356354653835,0.9984277486801147,0.05392209812998772,0.08234449476003647,-0.05195203423500061,0.9944889545440674
0.9981668591499329,-0.010126156732439995,-0.08087429404258728,0.005178919993340969,0.9985739588737488,-0.0592806413769722,0.07889865338802338,0.056764960289001465,0.9883521795272827
0.9956741333007812,0.01595441997051239,-0.08922231942415237,-0.015585106797516346,1.0002108812332153,-0.004525612108409405,0.08691650629043579,0.007548078894615173,0.9966905117034912
0.9939984083175659,0.021591942757368088,0.08518745750188828,-0.025317400693893433,0.9991477727890015,0.01291557028889656,-0.09526365250349045,-0.02069111540913582,0.9998979568481445
0.9908421039581299,0.019435742869973183,0.07726801931858063,-0.028724277392029762,0.9986182451248169,0.010758142918348312,-0.09243012219667435,-0.023944716900587082,0.9927878379821777
0.9937872290611267,0.018044929951429367,0.06521840393543243,-0.03451746329665184,0.9955495595932007,0.003969189710915089,-0.09326968342065811,-0.04279330000281334,0.9776080250740051
1.0046147108078003,0.025465408340096474,0.07329457998275757,-0.022006742656230927,1.0006924867630005,-0.001701284316368401,-0.07815615832805634,-0.04004305601119995,0.9634107947349548
1.0017876625061035,0.03386123850941658,0.08545636385679245,-0.022482171654701233,0.9985722303390503,-0.013306919485330582,-0.07598753273487091,-0.028134698048233986,0.9762922525405884
1.0009257793426514,0.04168535768985748,0.10472868382930756,-0.022829847410321236,1.001813292503357,0.005478732753545046,-0.07741042226552963,-0.0345710851252079,0.9867681264877319
0.9924854636192322,0.04833763837814331,0.12564799189567566,-0.033418163657188416,0.9970772862434387,0.015402425080537796,-0.07891333103179932,-0.03860911354422569,0.9901931285858154
0.9830061793327332,0.04879847168922424,0.14006832242012024,-0.03723999485373497,0.9903995990753174,0.009852822870016098,-0.07938392460346222,-0.04324406012892723,0.9851676225662231
0.9750436544418335,0.03500760719180107,0.13031260669231415,-0.03214714303612709,0.9779551029205322,0.003154654521495104,-0.07529361546039581,-0.057021141052246094,0.9664297103881836
0.9772996306419373,0.02531423233449459,0.10999565571546555,-0.01460349839180708,1.0024610757827759,0.03981481119990349,-0.04890786483883858,-0.05242132768034935,0.9601801633834839
0.9782122373580933,0.01764814741909504,0.08752378821372986,-0.02680184692144394,0.9991003274917603,0.061414070427417755,-0.046813756227493286,-0.05993270128965378,0.97553551197052
0.9869524836540222,-0.016011998057365417,0.06436313688755035,0.030027013272047043,0.9942708611488342,-0.07726185023784637,-0.03924739733338356,0.07013239711523056,0.9880762100219727
0.9935103058815002,0.022047432139515877,0.047865141183137894,-0.028869248926639557,0.9949288368225098,0.08109224587678909,-0.0318688340485096,-0.07954700291156769,0.9914710521697998
0.9969624876976013,0.03135881945490837,-0.029926689341664314,-0.03410467132925987,0.9962996244430542,-0.08386491239070892,0.02111773192882538,0.08525709062814713,0.9953169226646423
0.9991530179977417,0.03237268328666687,0.028032854199409485,-0.034903138875961304,0.9966057538986206,0.08503229171037674,-0.023422181606292725,-0.08619923889636993,0.9964200854301453
0.9999011158943176,0.030452150851488113,-0.006722430232912302,-0.030922364443540573,0.9959400296211243,-0.09175363928079605,0.0033300926443189383,0.09185311198234558,0.9956837296485901
0.9996759295463562,-0.026506084948778152,-0.03550969064235687,0.024157002568244934,0.9966830611228943,-0.08814302086830139,0.03779027611017227,0.08630649000406265,0.9932264089584351
0.9970782399177551,-0.01659521646797657,0.08172507584095001,0.011636276729404926,0.9985620975494385,0.05475210025906563,-0.07683084160089493,-0.05281805992126465,0.9936877489089966
0.9961490035057068,0.0135888010263443,0.08549634367227554,-0.009545119479298592,0.9987817406654358,-0.04912912845611572,-0.08137526363134384,0.04890558123588562,0.9961670637130737
0.9953231811523438,0.012013627216219902,0.08554670959711075,-0.008676690049469471,0.9987406134605408,-0.04814675822854042,-0.08234400302171707,0.04742148891091347,0.9975534081459045
0.9958555698394775,0.013465248979628086,-0.08778400719165802,-0.009862841106951237,0.9989486336708069,0.042337872087955475,0.08824524283409119,-0.040785953402519226,0.9957965016365051
0.997731626033783,-0.010690012946724892,-0.08299960196018219,0.006469331681728363,0.99872225522995,-0.055329304188489914,0.08148013055324554,0.05261256545782089,0.9909406900405884
0.997786283493042,-0.001065506599843502,-0.07061100751161575,-0.0034800053108483553,0.9986305236816406,-0.05991309508681297,0.06985451281070709,0.05665460601449013,0.9958165884017944
0.9937819242477417,0.025903042405843735,0.08575186133384705,-0.03069320134818554,0.9986488223075867,0.0017433869652450085,-0.09427693486213684,-0.009153902530670166,0.9994659423828125
0.9919423460960388,0.02166440151631832,0.07690020650625229,-0.03468029946088791,0.9959386587142944,-0.0037636668421328068,-0.09215961396694183,-0.013025591149926186,0.994038999080658
0.9955995678901672,0.01981467381119728,0.06615740805864334,-0.035837121307849884,0.9903505444526672,-0.014665795490145683,-0.09344314783811569,-0.02881840243935585,0.9826029539108276
1.0035762786865234,0.02545192465186119,0.07296442985534668,-0.01801757887005806,0.9972975850105286,-0.0151438619941473,-0.07917837053537369,-0.03644655644893646,0.9702547192573547
1.0014245510101318,0.035512324422597885,0.08258843421936035,-0.02014661766588688,0.9971364736557007,-0.02152767963707447,-0.07953757047653198,-0.02378598228096962,0.9783370494842529
0.9972295165061951,0.04428812116384506,0.1007637307047844,-0.02361835353076458,1.002217173576355,-0.00725774560123682,-0.08215165883302689,-0.02552158571779728,0.9863952994346619
0.9890130162239075,0.050086550414562225,0.11995667964220047,-0.03299219161272049,0.998809814453125,0.0021252636797726154,-0.08403696119785309,-0.03125409781932831,0.9892666935920715
0.9783366918563843,0.05451377481222153,0.13084225356578827,-0.03444995358586311,0.9937604069709778,-0.004942037630826235,-0.08379063010215759,-0.03366848826408386,0.9862666726112366
0.9686217308044434,0.04358895123004913,0.12159553170204163,-0.029195504263043404,0.9915558695793152,-0.0035062178503721952,-0.07798841595649719,-0.046595729887485504,0.9750059247016907
0.9737317562103271,0.02660522423684597,0.10177052021026611,-0.024120040237903595,1.0033457279205322,0.037023235112428665,-0.053661249577999115,-0.049723703414201736,0.9753390550613403
0.9839285612106323,0.011635681614279747,-0.0846017375588417,-0.02264227531850338,0.9985404014587402,-0.05404937267303467,0.06184288114309311,0.05257488414645195,0.9885148406028748
0.9933729767799377,0.021885883063077927,0.06285569816827774,-0.010408850386738777,0.9970347881317139,-0.07182091474533081,-0.05902203917503357,0.06985852867364883,0.9947037100791931
0.9970130920410156,0.006703751161694527,0.050057027488946915,0.0013397415168583393,0.9970932006835938,-0.08147448301315308,-0.047030139714479446,0.08204665035009384,0.9952566623687744
0.9986281394958496,0.02961016818881035,0.029210835695266724,-0.03219960257411003,0.9955764412879944,0.08548511564731598,-0.02429739572107792,-0.08725228905677795,0.9973943829536438
0.9992701411247253,0.03013937547802925,0.026638450101017952,-0.03243846073746681,0.9958849549293518,0.08652105927467346,-0.022531583905220032,-0.08802533894777298,0.9971921443939209
0.9998147487640381,0.028657682240009308,-0.001412428799085319,-0.02946932055056095,0.9957651495933533,-0.09200094640254974,-0.0025396407581865788,0.09279459714889526,0.9957531690597534
0.9991652369499207,0.024132752791047096,0.05246128514409065,-0.02181626297533512,0.9969732761383057,-0.0799129456281662,-0.05451381579041481,0.07816234230995178,0.9924483895301819
0.9957824349403381,-0.015047856606543064,0.09150449186563492,0.010950967669487,0.9990695118904114,0.03715021163225174,-0.08551289886236191,-0.036226820200681686,0.9931530952453613
0.9957611560821533,0.013735425658524036,-0.09135156124830246,-0.010025449097156525,0.999325156211853,0.03700263425707817,0.08764669299125671,-0.03710450604557991,0.9958265423774719
0.9949836134910583,0.012611111626029015,-0.09043991565704346,-0.009573204442858696,0.9991908669471741,0.03786587715148926,0.08672796934843063,-0.03786049783229828,0.9973434805870056
0.9952348470687866,0.016708577051758766,0.0906035378575325,-0.013904006220400333,0.999261736869812,-0.033330678939819336,-0.09107688814401627,0.03221205249428749,0.9965108633041382
0.9970991015434265,-0.010947064496576786,0.08614137768745422,0.0070976801216602325,0.998785674571991,0.04825792834162712,-0.08528094738721848,-0.045881129801273346,0.9926523566246033
0.9972217679023743,-0.0014885044656693935,-0.0767713114619255,-0.003005692968145013,0.9988229274749756,-0.05459289252758026,0.07560532540082932,0.051067885011434555,0.9957570433616638
0.9936326742172241,-0.007715242449194193,0.09152310341596603,0.007112798746675253,1.0008184909820557,-0.006760267075151205,-0.0973694920539856,0.0014458093792200089,0.9976739883422852
0.9922389388084412,0.027362940832972527,0.07862740755081177,-0.03869486227631569,0.9937853813171387,-0.01344606839120388,-0.09148132055997849,-0.0016303153242915869,0.9962044954299927
0.9934878349304199,0.023342689499258995,0.0675431340932846,-0.038110729306936264,0.9878777861595154,-0.0250196922570467,-0.09245889633893967,-0.011575695127248764,0.9887701869010925
1.0028516054153442,0.025796305388212204,0.06976006180047989,-0.020706206560134888,0.9917936325073242,-0.02751079760491848,-0.0839758813381195,-0.02139095403254032,0.9815061092376709
1.0025362968444824,0.03350767493247986,0.07285825163125992,-0.024173106998205185,0.9906171560287476,-0.034819282591342926,-0.08437124639749527,-0.013762770220637321,0.9856922626495361
1.000901460647583,0.04477417469024658,0.08596372604370117,-0.02642848715186119,0.9929813146591187,-0.030573250725865364,-0.08400263637304306,-0.013564707711338997,0.9888484477996826
0.994185745716095,0.0533500537276268,0.10126683115959167,-0.03142054006457329,0.9913944005966187,-0.0287367794662714,-0.0851864442229271,-0.0144679369404912,0.990889847278595
0.9865589737892151,0.05874038115143776,0.10732889175415039,-0.0317990817129612,0.9865157604217529,-0.029610853642225266,-0.08392003923654556,-0.01474840473383665,0.9922178387641907
0.9807146787643433,0.04776324704289436,0.1034167930483818,-0.02586696483194828,0.9889299273490906,-0.0186025220900774,-0.0823773443698883,-0.021419715136289597,0.9883777499198914
0.9835807085037231,0.04390421137213707,0.093436598777771,-0.03051774948835373,0.9984859824180603,0.012722906656563282,-0.07269874215126038,-0.02924969047307968,0.9927574396133423
0.9900216460227966,-0.02586577832698822,0.09267785400152206,0.025400519371032715,0.9995523691177368,-0.015536452643573284,-0.08445873856544495,0.023578938096761703,0.9957094788551331
0.998365044593811,0.03199996426701546,-0.027131633833050728,-0.024915561079978943,0.9978038668632507,0.08718549460172653,0.029178043827414513,-0.08562836050987244,0.9956093430519104
0.9991604685783386,0.02831561677157879,-0.020836129784584045,-0.02276204712688923,0.9978014826774597,0.09033529460430145,0.02330082096159458,-0.08839691430330276,0.9955135583877563
0.9989660382270813,0.03413134813308716,-0.013459975831210613,-0.034886814653873444,0.995085597038269,-0.08775512129068375,0.008856580592691898,0.08873239159584045,0.9981991052627563
0.9989832043647766,0.034261126071214676,0.008275420404970646,-0.03446740284562111,0.9949976801872253,0.08833767473697662,-0.0038647190667688847,-0.08998849242925644,0.9976353049278259
0.9996471405029297,0.030486831441521645,-0.0034831545781344175,-0.03157035633921623,0.9953576922416687,-0.09003253281116486,-0.0006234622560441494,0.09342572838068008,0.9950487613677979
0.9986311197280884,-0.02254539541900158,0.07662584632635117,0.01864730566740036,0.9983658194541931,0.05691918358206749,-0.0780363380908966,-0.056129198521375656,0.9906027317047119
0.9947794079780579,-0.011296761222183704,-0.09732001274824142,0.009257132187485695,1.0001037120819092,-0.017020326107740402,0.09067962318658829,0.018036317080259323,0.9926654696464539
0.9953436255455017,0.011245165951550007,0.09589285403490067,-0.008845203556120396,0.9998683929443359,-0.022143855690956116,-0.0928066074848175,0.02257310226559639,0.995842456817627
0.9945817589759827,0.009568655863404274,0.0952162891626358,-0.007863717153668404,0.9996294379234314,-0.02309410460293293,-0.0919153019785881,0.023759230971336365,0.9971298575401306
0.9948469996452332,0.01630435883998871,0.09307443350553513,-0.01452136691659689,0.9994797706604004,-0.023804940283298492,-0.09339164942502975,0.022946730256080627,0.9967085719108582
0.9965813159942627,-0.011554923839867115,0.08868946135044098,0.008065816946327686,0.9989808797836304,0.0406893827021122,-0.08850035816431046,-0.03879417106509209,0.9938170313835144
0.9972757697105408,-0.004344063811004162,-0.0809580460190773,0.00038861483335494995,0.9985012412071228,-0.04817800223827362,0.07929986715316772,0.04619988054037094,0.9948592185974121
0.9942530989646912,0.03390517458319664,-0.08520297706127167,-0.03383791074156761,0.9989022612571716,0.0136617636308074,0.09044268727302551,-0.00855474453419447,0.999624490737915
0.9914632439613342,0.032298702746629715,0.07804161310195923,-0.04040354862809181,0.995043158531189,-0.018543487414717674,-0.09102547913789749,0.0054456270299851894,0.9973700046539307
0.9909262657165527,0.028347663581371307,0.0656171590089798,-0.040800414979457855,0.9901777505874634,-0.03093019500374794,-0.09194359928369522,9.854418021859601e-05,0.990996241569519
1.001049518585205,0.026508187875151634,0.06440164893865585,-0.023126443848013878,0.9932371973991394,-0.03576364740729332,-0.08698403835296631,-0.003673015860840678,0.9860397577285767
1.002356767654419,0.029484553262591362,0.06459134072065353,-0.02588081732392311,0.9913384318351746,-0.04297718033194542,-0.08904843777418137,0.0015596440061926842,0.989087700843811
