20.42269992828369,6.807569980621338,0.6188700199127197,0.9999343156814575,-0.0011322575155645609,-0.011104708537459373,0.00042269492405466735,0.9985058307647705,-0.05580904707312584,0.012867134064435959,0.05587215721607208,0.9985401630401611
21.660449981689453,6.807569980621338,0.6188700199127197,0.9999266862869263,-0.001997860847041011,0.015794796869158745,0.0011893237242475152,0.9984603524208069,0.05476332828402519,-0.017066651955246925,-0.054560642689466476,0.9986615777015686
22.898200035095215,6.807569980621338,0.6188700199127197,0.9997841715812683,-0.0023651528172194958,-0.018370771780610085,0.001429549534805119,0.9985209703445435,-0.053955692797899246,0.01930946297943592,0.05372292175889015,0.9988039135932922
24.135950088500977,6.807569980621338,0.6188700199127197,0.9996108412742615,-0.0026277366559952497,-0.02152629755437374,0.001511701033450663,0.9986059665679932,-0.052781689912080765,0.022344568744301796,0.052512817084789276,0.9989680647850037
25.373650550842285,6.807569980621338,0.6188700199127197,0.9994704127311707,-0.0023896917700767517,-0.024177446961402893,0.0011172516969963908,0.9986680150032043,-0.051568906754255295,0.02514185756444931,0.05118395760655403,0.9992227554321289
26.611400604248047,6.807569980621338,0.6188700199127197,0.9993721842765808,-0.0019702829886227846,-0.026818983256816864,0.0005812108283862472,0.9986819624900818,-0.05003372207283974,0.028007688000798225,0.049535658210515976,0.9997448325157166
27.84915065765381,6.807569980621338,0.6188700199127197,0.999371349811554,-0.0015831008786335588,-0.03021233342587948,-1.2560519280668814e-05,0.9988292455673218,-0.04773269221186638,0.03151089698076248,0.04721207916736603,1.0006284713745117
16.70949935913086,8.045309782028198,0.6188700199127197,1.0001643896102905,0.0023997901007533073,0.003739807987585664,-0.0022308568004518747,0.9984336495399475,-0.05674555525183678,-0.002720588119700551,0.057178791612386703,0.9977945685386658
17.94724941253662,8.045309782028198,0.6188700199127197,0.9998933672904968,0.0038447093684226274,-0.020002471283078194,-0.0050955419428646564,0.9986580610275269,-0.053325291723012924,0.019121810793876648,0.05362039804458618,0.9980300664901733
19.18494987487793,8.045309782028198,0.6188700199127197,0.9999330639839172,0.010665456764400005,0.01362673006951809,-0.01141354814171791,0.9984561204910278,0.054271310567855835,-0.012287882156670094,-0.054627686738967896,0.9981911182403564
20.42269992828369,8.045309782028198,0.6188700199127197,0.9998483657836914,0.013255574740469456,0.00786187220364809,-0.01360952015966177,0.9984318017959595,0.05483802780508995,-0.00603393092751503,-0.05525842681527138,0.9982795715332031
21.660449981689453,8.045309782028198,0.6188700199127197,0.9996994733810425,0.015742983669042587,0.00577170355245471,-0.016114991158246994,0.9984234571456909,0.05443740263581276,-0.0035451704170554876,-0.054832573980093,0.9984147548675537
22.898200035095215,8.045309782028198,0.6188700199127197,0.9997512698173523,0.015033003874123096,0.0020660473965108395,-0.01530962623655796,0.9984134435653687,0.054956644773483276,-1.1629382242972497e-05,-0.05521240457892418,0.9984650611877441
24.135950088500977,8.045309782028198,0.6188700199127197,0.9997496604919434,0.015260075218975544,0.003363924566656351,-0.015188941732048988,0.9983626008033752,-0.05491319298744202,-0.00512396264821291,0.05497818812727928,0.9985311031341553
25.373650550842285,8.045309782028198,0.6188700199127197,0.9992517828941345,-0.012801658362150192,0.032845985144376755,0.011287938803434372,0.9989325404167175,0.04509355500340462,-0.034043412655591965,-0.044385530054569244,0.9985509514808655
26.611400604248047,8.045309782028198,0.6188700199127197,0.999509871006012,-0.012131895869970322,0.023092839866876602,0.010880856774747372,0.9986332058906555,0.05084172636270523,-0.024230578914284706,-0.050370216369628906,0.9987121820449829
27.84915065765381,8.045309782028198,0.6188700199127197,0.999826967716217,-0.003638121299445629,-0.010573559440672398,0.002855599159374833,0.9983976483345032,-0.0557725764811039,0.011551765725016594,0.05568990111351013,0.9989203810691833
29.086899757385254,8.045309782028198,0.6188700199127197,0.9997937083244324,-0.003014484653249383,0.004195031244307756,0.003037923714146018,0.998271107673645,-0.056482650339603424,-0.0030823072884231806,0.05676305666565895,0.9993932843208313
30.324649810791016,8.045309782028198,0.6188700199127197,0.9985116720199585,0.009842939674854279,-0.047836434096097946,-0.008725994266569614,0.9993212819099426,0.028273144736886024,0.04904865100979805,-0.02761366404592991,0.9999755620956421
31.562349319458008,8.045309782028198,0.6188700199127197,0.9989553093910217,-0.00172553735319525,-0.04057004302740097,7.386667130049318e-05,0.9992156624794006,-0.03845798596739769,0.042163144797086716,0.03828723728656769,1.0005089044570923
14.233999729156494,9.283050060272217,0.6188700199127197,1.0001081228256226,0.004931086674332619,0.014451817609369755,-0.004093762021511793,0.9984954595565796,-0.0547918938100338,-0.013217189349234104,0.055404409766197205,0.9971237778663635
15.471749305725098,9.283050060272217,0.6188700199127197,0.9999289512634277,0.005692997947335243,0.022583046928048134,-0.006899882573634386,0.9985752701759338,0.051878586411476135,-0.02150779217481613,-0.0528111569583416,0.9979316592216492
16.70949935913086,9.283050060272217,0.6188700199127197,0.9998753070831299,0.009538594633340836,0.019926417618989944,-0.010534093715250492,0.9985669851303101,0.052467625588178635,-0.01826823316514492,-0.053393274545669556,0.9979357123374939
17.94724941253662,9.283050060272217,0.6188700199127197,0.9998139142990112,0.009821509942412376,0.01953158900141716,-0.010929536074399948,0.9984873533248901,0.05254846438765526,-0.0172483641654253,-0.053778957575559616,0.9980363845825195
19.18494987487793,9.283050060272217,0.6188700199127197,0.9999952912330627,0.006516037043184042,0.016642283648252487,-0.0077513898722827435,0.9986193776130676,0.05398254469037056,-0.014106927439570427,-0.05529201030731201,0.9979838132858276
20.42269992828369,9.283050060272217,0.6188700199127197,0.9998877644538879,0.008440302684903145,0.011695388704538345,-0.009440090507268906,0.9986499547958374,0.05495830625295639,-0.008808375336229801,-0.056125614792108536,0.998247504234314
21.660449981689453,9.283050060272217,0.6188700199127197,0.99977707862854,0.009312700480222702,0.00908138882368803,-0.010282042436301708,0.9986262321472168,0.055285051465034485,-0.0062392218969762325,-0.056320782750844955,0.9985059499740601
22.898200035095215,9.283050060272217,0.6188700199127197,0.9998255372047424,0.01023292075842619,0.0051652416586875916,-0.011103915050625801,0.9986090660095215,0.05557510629296303,-0.002524775452911854,-0.05651687830686569,0.9987598657608032
24.135950088500977,9.283050060272217,0.6188700199127197,0.999975860118866,0.011726288124918938,-0.0008554593659937382,-0.01243355218321085,0.9985795021057129,-0.05547083914279938,-0.001627508900128305,0.05634318292140961,0.9989359974861145
25.373650550842285,9.283050060272217,0.6188700199127197,1.00006103515625,-0.01299305073916912,-0.0062178755179047585,0.013156441040337086,0.9985697865486145,-0.054904110729694366,0.008809312246739864,0.05554414913058281,0.9990229606628418
26.611400604248047,9.283050060272217,0.6188700199127197,0.9999529719352722,-0.012958898209035397,0.01887083798646927,0.012329455465078354,0.998585045337677,0.05205279216170311,-0.02157515659928322,-0.05204173922538757,0.9990575909614563
27.84915065765381,9.283050060272217,0.6188700199127197,0.999559223651886,-0.01336583960801363,0.03258028253912926,0.011967477388679981,0.9988415241241455,0.04466157779097557,-0.035172540694475174,-0.04387587308883667,0.999222993850708
29.086899757385254,9.283050060272217,0.6188700199127197,0.9992056488990784,0.013122624717652798,0.04092097282409668,-0.011794288642704487,0.9992032051086426,-0.03725653141736984,-0.0430147759616375,0.03627233952283859,0.9992163181304932
30.324649810791016,9.283050060272217,0.6188700199127197,0.9987818002700806,0.004180003423243761,0.047891173511743546,-0.002709020860493183,0.9995607733726501,-0.03039250336587429,-0.048955850303173065,0.02965460531413555,0.9989135265350342
31.562349319458008,9.283050060272217,0.6188700199127197,0.998525083065033,0.006718360353261232,0.04968642070889473,-0.005541511345654726,0.9995310306549072,-0.02673215977847576,-0.050377052277326584,0.02607623301446438,0.9991670250892639
32.80009841918945,9.283050060272217,0.6188700199127197,0.998388409614563,0.008939295075833797,-0.05017327517271042,-0.007919534109532833,0.9995083212852478,0.024407407268881798,0.051144134253263474,-0.023802025243639946,0.9996604323387146
34.03784942626953,9.283050060272217,0.6188700199127197,0.9986816644668579,-0.002993568778038025,-0.04505792632699013,0.0014189897337928414,0.9993917942047119,-0.032896559685468674,0.04670531302690506,0.03257470950484276,1.0003148317337036
12.99625015258789,10.5208101272583,0.6188700199127197,0.9998497366905212,0.0020168405026197433,0.026862462982535362,-0.0033649655524641275,0.9986796975135803,0.049848925322294235,-0.026039810851216316,-0.051058925688266754,0.9978668093681335
14.233999729156494,10.5208101272583,0.6188700199127197,0.9998692274093628,0.004913860931992531,0.026315372437238693,-0.006263412535190582,0.9986638426780701,0.050122421234846115,-0.025345060974359512,-0.05130010470747948,0.9978811144828796
15.471749305725098,10.5208101272583,0.6188700199127197,0.9998056292533875,0.007238239515572786,0.02535565011203289,-0.008468447253108025,0.9985806941986084,0.05039704963564873,-0.023389259353280067,-0.05176093056797981,0.9979634284973145
16.70949935913086,10.5208101272583,0.6188700199127197,0.9999906420707703,0.002710931235924363,0.0206490159034729,-0.0041176751255989075,0.9987188577651978,0.05308075249195099,-0.018314551562070847,-0.054309215396642685,0.9980800151824951
17.94724941253662,10.5208101272583,0.6188700199127197,0.9997523427009583,0.005752750672399998,0.01942695863544941,-0.007136959582567215,0.9986722469329834,0.0531100295484066,-0.017009755596518517,-0.054441776126623154,0.9986649751663208
19.18494987487793,10.5208101272583,0.6188700199127197,0.9996922016143799,0.007209788076579571,0.015805672854185104,-0.008202680386602879,0.9985933303833008,0.05391886457800865,-0.013550950214266777,-0.05534148961305618,0.9989908933639526
20.42269992828369,10.5208101272583,0.6188700199127197,0.999562680721283,0.009017950855195522,0.011278104968369007,-0.009745589457452297,0.9986165761947632,0.05466846376657486,-0.00904065277427435,-0.056024808436632156,0.9991698265075684
21.660449981689453,10.5208101272583,0.6188700199127197,0.9995653033256531,0.010229300707578659,0.007833736017346382,-0.010837632231414318,0.9985946416854858,0.05498000234365463,-0.005729865748435259,-0.05625738576054573,0.99927818775177
22.898200035095215,10.5208101272583,0.6188700199127197,0.999611496925354,0.010980489663779736,0.005296915769577026,-0.011432464234530926,0.9985492825508118,0.055048249661922455,-0.0032734423875808716,-0.05629851669073105,0.9994546175003052
24.135950088500977,10.5208101272583,0.6188700199127197,0.9996359944343567,0.012331419624388218,-0.0005470499163493514,-0.012564308010041714,0.9985650181770325,-0.05491345003247261,-0.0014603639720007777,0.05618183687329292,0.9996237754821777
25.373650550842285,10.5208101272583,0.6188700199127197,0.9996447563171387,-0.013564318418502808,-0.00597010413184762,0.013476403430104256,0.9986293911933899,-0.054317131638526917,0.008123332634568214,0.055362287908792496,0.9998557567596436
26.611400604248047,10.5208101272583,0.6188700199127197,0.9995884895324707,-0.013211897574365139,0.018198449164628983,0.012621627189218998,0.9986792206764221,0.05176838859915733,-0.02057189866900444,-0.05228056013584137,1.0000529289245605
27.84915065765381,10.5208101272583,0.6188700199127197,0.9991845488548279,0.013463323935866356,-0.0332246869802475,-0.012273034080862999,0.9988493323326111,0.043706320226192474,0.03558690845966339,-0.04344857484102249,1.00022292137146
29.086899757385254,10.5208101272583,0.6188700199127197,0.9990847110748291,0.013453973457217216,0.042094629257917404,-0.012428157031536102,0.9991734623908997,-0.03531520813703537,-0.0444350503385067,0.03469733148813248,1.0000615119934082
30.324649810791016,10.5208101272583,0.6188700199127197,0.9991064071655273,0.011428380385041237,0.0474679134786129,-0.010200749151408672,0.9994173049926758,-0.02906975708901882,-0.04959264025092125,0.027920115739107132,0.9995685815811157
31.562349319458008,10.5208101272583,0.6188700199127197,0.9988996386528015,0.010689759626984596,0.049837712198495865,-0.009371098130941391,0.9995281100273132,-0.025464355945587158,-0.05142306908965111,0.02418157272040844,0.9992275238037109
32.80009841918945,10.5208101272583,0.6188700199127197,0.9985606074333191,0.0035219164565205574,0.051910705864429474,-0.0022633117623627186,0.999770998954773,-0.022953907027840614,-0.05288936197757721,0.022206952795386314,0.9989945292472839
34.03784942626953,10.5208101272583,0.6188700199127197,0.9983776807785034,0.005689622834324837,0.05152198672294617,-0.00467815063893795,0.9996395111083984,-0.0228632353246212,-0.052338652312755585,0.022249652072787285,0.9993650913238525
35.27560043334961,10.5208101272583,0.6188700199127197,0.9983169436454773,0.008762653917074203,0.05109131336212158,-0.007783565204590559,0.9995765089988708,-0.021712560206651688,-0.05231755971908569,0.021368971094489098,0.9999659657478333
36.513349533081055,10.5208101272583,0.6188700199127197,0.9986968636512756,-0.00329766352660954,-0.04821231961250305,0.0020122628193348646,0.999540388584137,-0.02751506306231022,0.04917855188250542,0.02746487781405449,1.0014535188674927
11.75855016708374,11.75855016708374,0.6188700199127197,0.9996263980865479,0.005044199526309967,-0.032140620052814484,-0.0033969960641115904,0.999012291431427,0.04614376276731491,0.031562283635139465,-0.04772859439253807,0.997685968875885
12.99625015258789,11.75855016708374,0.6188700199127197,0.9997091293334961,0.004668188281357288,0.03087655082345009,-0.006141063757240772,0.9987115263938904,0.04729229956865311,-0.03000420518219471,-0.04878810793161392,0.9980862140655518
14.233999729156494,11.75855016708374,0.6188700199127197,0.9998871684074402,0.006072161719202995,0.028674473986029625,-0.007307779975235462,0.9985696077346802,0.04875944182276726,-0.026839010417461395,-0.05029682070016861,0.9981751441955566
15.471749305725098,11.75855016708374,0.6188700199127197,0.9998667240142822,0.00032181566348299384,0.028174521401524544,-0.0019859690219163895,0.9988247752189636,0.049640558660030365,-0.026019349694252014,-0.050972674041986465,0.9984921216964722
16.70949935913086,11.75855016708374,0.6188700199127197,0.999758243560791,0.0029327997472137213,0.023544035851955414,-0.004403659608215094,0.9986781477928162,0.05173603072762489,-0.021486738696694374,-0.05318310484290123,0.999113917350769
17.94724941253662,11.75855016708374,0.6188700199127197,0.9995396137237549,0.005562431178987026,0.022735299542546272,-0.006833177991211414,0.9986759424209595,0.05164068564772606,-0.020872000604867935,-0.05327855795621872,0.9993392825126648
19.18494987487793,11.75855016708374,0.6188700199127197,0.9995430707931519,0.007860302925109863,0.018812621012330055,-0.00886745285242796,0.9986017942428589,0.052700433880090714,-0.017125273123383522,-0.05429287999868393,0.9994043707847595
20.42269992828369,11.75855016708374,0.6188700199127197,0.9995367527008057,0.010719097219407558,0.014336044900119305,-0.011393875814974308,0.9985705614089966,0.05348138138651848,-0.012751649133861065,-0.054995790123939514,0.9994608163833618
21.660449981689453,11.75855016708374,0.6188700199127197,0.9995750188827515,0.012318281456828117,0.010341838002204895,-0.012809528037905693,0.9985705614089966,0.05397810414433479,-0.008752791211009026,-0.05543776974081993,0.9994943737983704
22.898200035095215,11.75855016708374,0.6188700199127197,0.9995986819267273,0.013331936672329903,0.008035562932491302,-0.013722281903028488,0.9985767006874084,0.05403405800461769,-0.006470611318945885,-0.05550941079854965,0.9996080994606018
24.135950088500977,11.75855016708374,0.6188700199127197,0.9995861053466797,0.014890719205141068,0.0046897707507014275,-0.015118103474378586,0.998602032661438,0.053904179483652115,-0.003155769081786275,-0.05545954033732414,0.9997630715370178
25.373650550842285,11.75855016708374,0.6188700199127197,0.9995734095573425,0.016234593465924263,-0.0013217935338616371,-0.01623101718723774,0.998644232749939,-0.053679462522268295,-0.0002419206575723365,0.05516684055328369,1.0000534057617188
26.611400604248047,11.75855016708374,0.6188700199127197,0.9994463324546814,-0.016332006081938744,-0.013663234189152718,0.015837403014302254,0.9986908435821533,-0.05205601826310158,0.015396571718156338,0.0530359111726284,1.0004042387008667
27.84915065765381,11.75855016708374,0.6188700199127197,0.9989458918571472,0.016371451318264008,-0.036524198949337006,-0.015309428796172142,0.9990299344062805,0.03982029855251312,0.03831244632601738,-0.03985574468970299,1.0007036924362183
29.086899757385254,11.75855016708374,0.6188700199127197,0.9986404180526733,0.015750721096992493,0.04432234168052673,-0.014721696265041828,0.9993225336074829,-0.03121994435787201,-0.04615090414881706,0.03096187859773636,1.0007237195968628
30.324649810791016,11.75855016708374,0.6188700199127197,0.9986270666122437,0.013739842921495438,0.04788843169808388,-0.01291140727698803,0.9994626641273499,-0.026585524901747704,-0.04971732571721077,0.026079576462507248,1.0004287958145142
31.562349319458008,11.75855016708374,0.6188700199127197,0.9988269805908203,0.011718200519680977,0.049307484179735184,-0.010806028731167316,0.9994207620620728,-0.02531994692981243,-0.05095145106315613,0.02466203272342682,0.9999778866767883
32.80009841918945,11.75855016708374,0.6188700199127197,0.9989021420478821,0.011998188681900501,0.05021205171942711,-0.01085437461733818,0.9994731545448303,-0.023736122995615005,-0.05173743516206741,0.0229740459471941,0.9995661973953247
34.03784942626953,11.75855016708374,0.6188700199127197,0.9988290071487427,0.010930350981652737,0.0507664829492569,-0.009779329411685467,0.9996051788330078,-0.023180408403277397,-0.05201256275177002,0.022458167746663094,0.9992762804031372
35.27560043334961,11.75855016708374,0.6188700199127197,0.9985001683235168,0.005417718086391687,0.05158355459570885,-0.004298556130379438,0.9996576309204102,-0.022972960025072098,-0.05243772268295288,0.022603940218687057,0.9992527365684509
36.513349533081055,11.75855016708374,0.6188700199127197,0.9983345866203308,0.008187266066670418,0.051429446786642075,-0.007227365858852863,0.9996225237846375,-0.021534565836191177,-0.05242231488227844,0.02141832932829857,0.9996647834777832
37.75104904174805,11.75855016708374,0.6188700199127197,0.998792290687561,-0.003271303605288267,-0.04977920651435852,0.0020581011194735765,0.9995864629745483,-0.025335734710097313,0.050224896520376205,0.02554832212626934,1.001165747642517
11.75855016708374,12.99625015258789,0.6188700199127197,0.9996450543403625,-0.0010578603250905871,0.03194791078567505,-0.0005863911937922239,0.9987234473228455,0.04686002805829048,-0.031104950234293938,-0.04835174232721329,0.9983805418014526
12.99625015258789,12.99625015258789,0.6188700199127197,0.9996041655540466,0.003696073079481721,0.03145921230316162,-0.005070313811302185,0.998760998249054,0.047176770865917206,-0.030208803713321686,-0.0486827977001667,0.9984624981880188
14.233999729156494,12.99625015258789,0.6188700199127197,0.9998457431793213,0.0002001206885324791,0.030336502939462662,-0.0015987457009032369,0.9987757802009583,0.04834964498877525,-0.028680572286248207,-0.049464184790849686,0.9987145066261292
15.471749305725098,12.99625015258789,0.6188700199127197,0.9997003674507141,0.0018489628564566374,0.0286063514649868,-0.0032659468706697226,0.9987451434135437,0.04941973835229874,-0.026719242334365845,-0.05066513270139694,0.9993290305137634
16.70949935913086,12.99625015258789,0.6188700199127197,0.9995942115783691,0.004051893018186092,0.023830749094486237,-0.0054283528588712215,0.9986312985420227,0.05152072012424469,-0.022005345672369003,-0.052953772246837616,0.9996035099029541
17.94724941253662,12.99625015258789,0.6188700199127197,0.9995494484901428,0.006406391505151987,0.022550739347934723,-0.007616056129336357,0.998623251914978,0.051619671285152435,-0.020959477871656418,-0.053169604390859604,0.9996839761734009
19.18494987487793,12.99625015258789,0.6188700199127197,0.9995895028114319,0.007463389541953802,0.01920062117278576,-0.008576830849051476,0.9986018538475037,0.052560996264219284,-0.017749210819602013,-0.054205071181058884,0.9996339082717896
20.42269992828369,12.99625015258789,0.6188700199127197,0.9996649026870728,0.009785184636712074,0.015073494985699654,-0.010617227293550968,0.9986164569854736,0.05334293469786644,-0.013699588365852833,-0.05504075437784195,0.999614417552948
21.660449981689453,12.99625015258789,0.6188700199127197,0.9997113347053528,0.011298587545752525,0.009885808452963829,-0.011850983835756779,0.9985821843147278,0.05415106192231178,-0.008503984659910202,-0.05576073005795479,0.9995831847190857
22.898200035095215,12.99625015258789,0.6188700199127197,0.999721109867096,0.012564297765493393,0.007121848873794079,-0.01297649834305048,0.9986138939857483,0.05416762828826904,-0.005677702836692333,-0.05581299588084221,0.9996872544288635
24.135950088500977,12.99625015258789,0.6188700199127197,0.9997445344924927,0.013507883995771408,-0.004904399625957012,-0.013895046897232533,0.9987219572067261,-0.05397000163793564,0.0033352330792695284,0.05587385967373848,0.999906063079834
25.373650550842285,12.99625015258789,0.6188700199127197,0.9996798634529114,0.01582350581884384,-0.0017052353359758854,-0.01600060611963272,0.9988289475440979,-0.05345714092254639,0.00018184358486905694,0.05551033094525337,1.0001882314682007
26.611400604248047,12.99625015258789,0.6188700199127197,0.999599039554596,-0.01591729186475277,-0.012329605408012867,0.01551565621048212,0.9987509250640869,-0.052235450595617294,0.013910152018070221,0.05368334800004959,1.000504493713379
27.84915065765381,12.99625015258789,0.6188700199127197,0.9990778565406799,0.016256321221590042,-0.03680441528558731,-0.015197000466287136,0.9991711974143982,0.03952513635158539,0.0382407121360302,-0.03990970179438591,1.0007829666137695
29.086899757385254,12.99625015258789,0.6188700199127197,0.99869304895401,0.014846023172140121,0.044050805270671844,-0.01371785905212164,0.9993376731872559,-0.03234761580824852,-0.045236267149448395,0.03245433792471886,1.0008106231689453
30.324649810791016,12.99625015258789,0.6188700199127197,0.9985198974609375,0.013525428250432014,0.04794568568468094,-0.012523203156888485,0.9994263648986816,-0.026909099891781807,-0.04919815808534622,0.02683967910706997,1.0006136894226074
31.562349319458008,12.99625015258789,0.6188700199127197,0.9985665678977966,0.01177095714956522,0.04900096729397774,-0.010757035575807095,0.9994601011276245,-0.02559889853000641,-0.05041782185435295,0.02543492056429386,1.0002903938293457
32.80009841918945,12.99625015258789,0.6188700199127197,0.9985920786857605,0.011726710014045238,0.04993615671992302,-0.010814293287694454,0.9995498657226562,-0.023549756035208702,-0.05142711102962494,0.02333550900220871,0.9999572038650513
34.03784942626953,12.99625015258789,0.6188700199127197,0.9988042116165161,0.010235223919153214,0.05086546018719673,-0.009356232360005379,0.9996089935302734,-0.022512100636959076,-0.05228900909423828,0.022173263132572174,0.999602735042572
35.27560043334961,12.99625015258789,0.6188700199127197,0.9988816380500793,0.009707503952085972,0.0512976236641407,-0.008508843369781971,0.9995923638343811,-0.022227702662348747,-0.052528295665979385,0.02176770195364952,0.9993601441383362
36.513349533081055,12.99625015258789,0.6188700199127197,0.9986796975135803,0.005589633714407682,0.05283378064632416,-0.004579267930239439,0.9997557401657104,-0.019930027425289154,-0.05374423414468765,0.019787395372986794,0.9991806149482727
37.75104904174805,12.99625015258789,0.6188700199127197,0.9982712268829346,0.007814886048436165,0.053147222846746445,-0.007010868284851313,0.9997434020042419,-0.017566552385687828,-0.053834859281778336,0.017600784078240395,0.9994444251060486
38.988800048828125,12.99625015258789,0.6188700199127197,0.9984720945358276,-0.0033846008591353893,-0.05160485580563545,0.0023546870797872543,0.999640703201294,-0.0213191956281662,0.05245497450232506,0.02194358967244625,1.0003386735916138
11.75855016708374,14.233999729156494,0.6188700199127197,0.9989963173866272,0.011440184898674488,-0.037708114832639694,-0.012686498463153839,0.9990876317024231,-0.04069491848349571,0.03674652427434921,0.04252783954143524,0.998864471912384
12.99625015258789,14.233999729156494,0.6188700199127197,0.9993614554405212,0.005299098324030638,0.03638823330402374,-0.006699098274111748,0.9989646077156067,0.04335593804717064,-0.03526641055941582,-0.04468272253870964,0.9990608096122742
14.233999729156494,14.233999729156494,0.6188700199127197,0.9996735453605652,0.00021030458447057754,0.03442263975739479,-0.0017562161665409803,0.9989460706710815,0.045516885817050934,-0.03320549800992012,-0.046690598130226135,0.9992343187332153
15.471749305725098,14.233999729156494,0.6188700199127197,0.9996172785758972,0.0013865636428818107,0.031506236642599106,-0.002900616033002734,0.9988601207733154,0.047633469104766846,-0.02991003543138504,-0.04892415925860405,0.9996114373207092
16.70949935913086,14.233999729156494,0.6188700199127197,0.9994980692863464,0.0036479104310274124,0.026582447811961174,-0.005144623573869467,0.9987481236457825,0.050173331052064896,-0.025121357291936874,-0.05171101167798042,0.9997991323471069
17.94724941253662,14.233999729156494,0.6188700199127197,0.9995140433311462,0.0056196898221969604,0.024587078019976616,-0.006953197065740824,0.9987077116966248,0.05074741691350937,-0.0232594832777977,-0.05234258994460106,0.9998346567153931
19.18494987487793,14.233999729156494,0.6188700199127197,0.9995567202568054,0.00642531830817461,0.022608086466789246,-0.007685674820095301,0.9986778497695923,0.051267750561237335,-0.021457355469465256,-0.05302634835243225,0.9998335838317871
20.42269992828369,14.233999729156494,0.6188700199127197,0.9995980858802795,0.008490532636642456,0.01937585510313511,-0.00950260367244482,0.9986660480499268,0.05203145369887352,-0.018405986949801445,-0.05392080545425415,0.9998050928115845
21.660449981689453,14.233999729156494,0.6188700199127197,0.9996800422668457,0.010084950365126133,0.013958992436528206,-0.010804524645209312,0.9986311793327332,0.05331045389175415,-0.012911329045891762,-0.05519111454486847,0.9997587203979492
22.898200035095215,14.233999729156494,0.6188700199127197,0.999708890914917,0.011097746901214123,0.012360327877104282,-0.011705603450536728,0.9986336827278137,0.053313449025154114,-0.011223156936466694,-0.05526439845561981,0.9999394416809082
24.135950088500977,14.233999729156494,0.6188700199127197,0.9996879696846008,0.012129178270697594,-0.009392964653670788,-0.012550020590424538,0.9987033009529114,-0.0534457191824913,0.0081959692761302,0.05564308911561966,1.0003358125686646
25.373650550842285,14.233999729156494,0.6188700199127197,0.9996231198310852,-0.014509045518934727,-0.00420555891469121,0.01437425147742033,0.9987936019897461,-0.05344859138131142,0.005659771151840687,0.05570073425769806,1.0006346702575684
26.611400604248047,14.233999729156494,0.6188700199127197,0.9995489120483398,-0.012876124121248722,0.01994609646499157,0.012214640155434608,0.9988390803337097,0.0504646971821785,-0.0216746237128973,-0.05204138904809952,1.0008236169815063
27.84915065765381,14.233999729156494,0.6188700199127197,0.9992174506187439,-0.01348142046481371,0.035657767206430435,0.012420169077813625,0.999100923538208,0.041340917348861694,-0.03714993596076965,-0.04204537346959114,1.000998616218567
29.086899757385254,14.233999729156494,0.6188700199127197,0.9989725947380066,0.012942279689013958,0.042596399784088135,-0.011750124394893646,0.9992357492446899,-0.03496028110384941,-0.0437014065682888,0.0353064201772213,1.000962495803833
30.324649810791016,14.233999729156494,0.6188700199127197,0.998676061630249,0.012524601072072983,0.046795785427093506,-0.011293724179267883,0.9993458390235901,-0.02950531430542469,-0.04770754650235176,0.029789293184876442,1.0007456541061401
31.562349319458008,14.233999729156494,0.6188700199127197,0.9985427260398865,0.01137148030102253,0.04862358421087265,-0.010234491899609566,0.9994581937789917,-0.026587210595607758,-0.04964759200811386,0.02682456560432911,1.000479817390442
32.80009841918945,14.233999729156494,0.6188700199127197,0.9985281825065613,0.011468010023236275,0.05025651305913925,-0.01057539414614439,0.9996070265769958,-0.02295781672000885,-0.051594629883766174,0.02316981740295887,1.0001360177993774
34.03784942626953,14.233999729156494,0.6188700199127197,0.998538613319397,0.010257546789944172,0.05127919837832451,-0.009415986016392708,0.9996388554573059,-0.02110026590526104,-0.052618395537137985,0.021137984469532967,0.99977046251297
35.27560043334961,14.233999729156494,0.6188700199127197,0.9985890984535217,0.00987405888736248,0.051778823137283325,-0.009070917032659054,0.9996539950370789,-0.020055148750543594,-0.05305398628115654,0.019977519288659096,0.9995769262313843
36.513349533081055,14.233999729156494,0.6188700199127197,0.9988328218460083,0.009065771475434303,0.05384737625718117,-0.008435280993580818,0.9997450709342957,-0.015039612539112568,-0.05501953512430191,0.014865908771753311,0.9992645978927612
37.75104904174805,14.233999729156494,0.6188700199127197,0.9985541701316833,0.005815369542688131,0.05513238161802292,-0.005168382544070482,0.9998618364334106,-0.012776797637343407,-0.05580572038888931,0.01275210827589035,0.9989621639251709
38.988800048828125,14.233999729156494,0.6188700199127197,0.9993801712989807,-0.002783020492643118,-0.030023889616131783,0.004334517754614353,0.9986256957054138,0.04823143780231476,0.0301518514752388,-0.048075783997774124,0.9992838501930237
40.2265510559082,14.233999729156494,0.6188700199127197,0.9984673857688904,-0.00401322403922677,-0.05405043810606003,0.0031669670715928078,0.9998192191123962,-0.014933129772543907,0.054408468306064606,0.01598714105784893,1.0003347396850586
11.75855016708374,15.471749305725098,0.6188700199127197,0.9987649321556091,0.009057545103132725,-0.043510980904102325,-0.010410113260149956,0.9992892742156982,-0.034941501915454865,0.043221693485975266,0.03665356710553169,0.9990500807762146
12.99625015258789,15.471749305725098,0.6188700199127197,0.999248743057251,-0.000590234063565731,0.04124676063656807,-0.0009098580339923501,0.9993265867233276,0.03892456367611885,-0.04074833542108536,-0.04027975723147392,0.9992070198059082
14.233999729156494,15.471749305725098,0.6188700199127197,0.9995770454406738,0.0013883535284548998,0.03706575185060501,-0.0029040900990366936,0.9991223216056824,0.04329198971390724,-0.03599674999713898,-0.04454990476369858,0.9995797872543335
15.471749305725098,15.471749305725098,0.6188700199127197,0.9995660781860352,0.0020100644323974848,0.03318730741739273,-0.003610661020502448,0.9989618062973022,0.046453241258859634,-0.03173705190420151,-0.04781990498304367,0.9999197125434875
16.70949935913086,15.471749305725098,0.6188700199127197,0.9994407892227173,0.003422005567699671,0.029330184683203697,-0.0050176591612398624,0.9988550543785095,0.04867482930421829,-0.028102736920118332,-0.05028663948178291,1.000002384185791
17.94724941253662,15.471749305725098,0.6188700199127197,0.9994932413101196,0.004207878839224577,0.027469031512737274,-0.00569528853520751,0.9987908005714417,0.04943479597568512,-0.02636626921594143,-0.05102885887026787,0.9999597668647766
19.18494987487793,15.471749305725098,0.6188700199127197,0.9994989037513733,0.00487585598602891,0.02621922269463539,-0.006292418111115694,0.9987803101539612,0.049732353538274765,-0.025345198810100555,-0.0514981783926487,0.9999699592590332
20.42269992828369,15.471749305725098,0.6188700199127197,0.9994966387748718,0.006495945155620575,0.02438156120479107,-0.007794197183102369,0.9987787008285522,0.05010375753045082,-0.02374276891350746,-0.05213616415858269,0.999961256980896
21.660449981689453,15.471749305725098,0.6188700199127197,0.9996384978294373,0.008179333992302418,0.018873760476708412,-0.009123830124735832,0.9987533092498779,0.05192362144589424,-0.018215496093034744,-0.05408105254173279,0.9999538660049438
22.898200035095215,15.471749305725098,0.6188700199127197,0.9996423125267029,0.009074087254703045,-0.01824602670967579,-0.009883987717330456,0.9987668395042419,-0.05176674574613571,0.01764296367764473,0.05401492118835449,1.0001440048217773
24.135950088500977,15.471749305725098,0.6188700199127197,0.9996657967567444,0.010432240553200245,-0.012549269944429398,-0.010892246849834919,0.9987859129905701,-0.052962273359298706,0.011882768012583256,0.05538899451494217,1.0005477666854858
25.373650550842285,15.471749305725098,0.6188700199127197,0.9996082782745361,-0.012900254689157009,-0.004090575501322746,0.012689282186329365,0.9988269209861755,-0.05367103964090347,0.005073242820799351,0.05621840059757233,1.0008318424224854
26.611400604248047,15.471749305725098,0.6188700199127197,0.9994726181030273,-0.011225605383515358,-0.01882702298462391,0.010584209114313126,0.998930037021637,-0.05102436989545822,0.020131979137659073,0.053120553493499756,1.001002311706543
27.84915065765381,15.471749305725098,0.6188700199127197,0.9991637468338013,-0.011397694237530231,0.03263795003294945,0.010341949760913849,0.9989954829216003,0.044070418924093246,-0.03371008485555649,-0.045459575951099396,1.0011638402938843
29.086899757385254,15.471749305725098,0.6188700199127197,0.9988779425621033,0.011798686347901821,0.04241085797548294,-0.010629542171955109,0.9992138743400574,-0.035377368330955505,-0.043008849024772644,0.036338020116090775,1.0010697841644287
30.324649810791016,15.471749305725098,0.6188700199127197,0.9986535906791687,0.012109827250242233,0.04772892966866493,-0.010954742319881916,0.999375581741333,-0.02806953527033329,-0.048209600150585175,0.028877446427941322,1.0008033514022827
31.562349319458008,15.471749305725098,0.6188700199127197,0.9984851479530334,0.010945063084363937,0.05030228942632675,-0.009919255040585995,0.9995494484901428,-0.02368207648396492,-0.05086369812488556,0.02436397410929203,1.0005382299423218
32.80009841918945,15.471749305725098,0.6188700199127197,0.9983950257301331,0.011589881964027882,0.05153892561793327,-0.010771770030260086,0.9996694326400757,-0.020163381472229958,-0.05240420997142792,0.020772099494934082,1.0002251863479614
34.03784942626953,15.471749305725098,0.6188700199127197,0.9984046220779419,0.00996890477836132,0.052668169140815735,-0.00924715306609869,0.9997055530548096,-0.017649659886956215,-0.053793903440237045,0.017962506040930748,0.999944269657135
35.27560043334961,15.471749305725098,0.6188700199127197,0.9984710216522217,0.009731593541800976,0.05296929553151131,-0.00906699150800705,0.9997396469116211,-0.016616852954030037,-0.0542331263422966,0.016766777262091637,0.9997058510780334
36.513349533081055,15.471749305725098,0.6188700199127197,0.9985828399658203,0.009460856206715107,0.054701123386621475,-0.009171420708298683,0.9998520016670227,-0.010117701254785061,-0.055940162390470505,0.010066774673759937,0.9994185566902161
37.75104904174805,15.471749305725098,0.6188700199127197,0.9987605810165405,0.009841663762927055,0.055470261722803116,-0.00961263570934534,0.999879002571106,-0.007787949871271849,-0.056331779807806015,0.007656791713088751,0.9989864826202393
38.988800048828125,15.471749305725098,0.6188700199127197,0.9983171224594116,0.006947664078325033,0.05651811882853508,-0.006712981034070253,0.9999381899833679,-0.00318660750053823,-0.056870222091674805,0.003259118180721998,0.9987925291061401
40.2265510559082,15.471749305725098,0.6188700199127197,0.9990031719207764,-0.0020161280408501625,-0.039185989648103714,0.0037208718713372946,0.9990562200546265,0.04125474765896797,0.03946173936128616,-0.04091721400618553,0.9991959929466248
41.46430015563965,15.471749305725098,0.6188700199127197,0.9984660744667053,-0.004727201536297798,-0.055328112095594406,0.004193589091300964,0.9998317956924438,-0.009379112161695957,0.055983588099479675,0.010539311915636063,0.9998970627784729
11.75855016708374,16.70949935913086,0.6188700199127197,0.998698353767395,0.007010759320110083,-0.0437956340610981,-0.008476361632347107,0.9993664622306824,-0.03479818254709244,0.043893955647945404,0.03637999668717384,0.9992198348045349
12.99625015258789,16.70949935913086,0.6188700199127197,0.9992982745170593,-0.0011111506028100848,0.04181063920259476,-0.0003753762284759432,0.9993655681610107,0.03800005465745926,-0.041746389120817184,-0.03935873135924339,0.9994157552719116
14.233999729156494,16.70949935913086,0.6188700199127197,0.9995737075805664,0.00024307261628564447,0.0383964478969574,-0.0017747065285220742,0.9992244839668274,0.041982945054769516,-0.03746664524078369,-0.04327496886253357,0.9997843503952026
15.471749305725098,16.70949935913086,0.6188700199127197,0.9994562864303589,0.0007249244954437017,0.0350678376853466,-0.002341958461329341,0.9991446137428284,0.04500129818916321,-0.033847175538539886,-0.0465228334069252,1.000171422958374
16.70949935913086,16.70949935913086,0.6188700199127197,0.9992737770080566,0.001589353778399527,0.03364503011107445,-0.003202196443453431,0.9990604519844055,0.045929133892059326,-0.03275621682405472,-0.047632403671741486,1.0001695156097412
17.94724941253662,16.70949935913086,0.6188700199127197,0.9993284940719604,0.002333071082830429,0.03229569271206856,-0.0038431782741099596,0.9989410042762756,0.0466768741607666,-0.0315132774412632,-0.04827278479933739,1.0000534057617188
19.18494987487793,16.70949935913086,0.6188700199127197,0.9993193745613098,0.0029876597691327333,0.031102245673537254,-0.004513828549534082,0.9988855123519897,0.04709475114941597,-0.030507151037454605,-0.04882577434182167,1.0000866651535034
20.42269992828369,16.70949935913086,0.6188700199127197,0.999284029006958,0.004606536123901606,0.030628575012087822,-0.006059914827346802,0.9989342093467712,0.04674578830599785,-0.030419886112213135,-0.04881031811237335,1.000180959701538
21.660449981689453,16.70949935913086,0.6188700199127197,0.9994421601295471,-0.00607103668153286,0.026196671649813652,0.0072097512893378735,0.9989114999771118,-0.04881845787167549,-0.026176515966653824,0.05112187936902046,1.0002055168151855
22.898200035095215,16.70949935913086,0.6188700199127197,0.9995535612106323,-0.007532358169555664,0.02303158864378929,0.008371129631996155,0.9988673329353333,-0.050011053681373596,-0.023072177544236183,0.052291978150606155,1.0003197193145752
24.135950088500977,16.70949935913086,0.6188700199127197,0.9996126890182495,0.0092890290543437,-0.017557863146066666,-0.009791456162929535,0.9987834692001343,-0.05176087096333504,0.017678309231996536,0.05404946208000183,1.0005884170532227
25.373650550842285,16.70949935913086,0.6188700199127197,0.9996311068534851,0.012184559367597103,0.0008133997325785458,-0.011895496398210526,0.9987362623214722,-0.054086748510599136,-0.0009658149792812765,0.056502796709537506,1.00083327293396
26.611400604248047,16.70949935913086,0.6188700199127197,0.9994461536407471,-0.010714996606111526,-0.020281903445720673,0.00984480045735836,0.9988897442817688,-0.050742801278829575,0.02085064724087715,0.05284696817398071,1.0010178089141846
27.84915065765381,16.70949935913086,0.6188700199127197,0.9992453455924988,-0.010450243018567562,0.031225215643644333,0.00923966895788908,0.9989281296730042,0.04542399197816849,-0.0315939262509346,-0.047090429812669754,1.0010887384414673
29.086899757385254,16.70949935913086,0.6188700199127197,0.9990954995155334,0.010459350422024727,0.03802859038114548,-0.009048454463481903,0.999058187007904,-0.040402643382549286,-0.03814757615327835,0.041806403547525406,1.0009212493896484
30.324649810791016,16.70949935913086,0.6188700199127197,0.9987876415252686,0.011146944016218185,0.04664665460586548,-0.009769179858267307,0.999393880367279,-0.03015235997736454,-0.04676992446184158,0.03135109320282936,1.000673532485962
