0.999691903591156,-0.006306250113993883,0.03682933747768402,0.003528291592374444,0.9979859590530396,0.06482846289873123,-0.03630487993359566,-0.06616442650556564,0.9926837682723999
0.9995335340499878,-0.0062958369962871075,0.04436767101287842,0.003494763048365712,0.9982382655143738,0.060205910354852676,-0.04459419474005699,-0.061512310057878494,0.9952223896980286
0.9988714456558228,-0.006165902130305767,-0.0537133626639843,0.0032450645230710506,0.9985069036483765,-0.052827682346105576,0.053677503019571304,0.0539606548845768,0.996512234210968
0.9982517957687378,-0.004981850739568472,0.06086791679263115,0.0021503050811588764,0.9986501336097717,0.045898132026195526,-0.060264863073825836,-0.04705965518951416,0.9976378679275513
0.9977827072143555,-0.0035432293079793453,0.06718891113996506,0.0009098765440285206,0.9989416599273682,0.03818010911345482,-0.06619405001401901,-0.039022985845804214,0.9990883469581604
1.0007705688476562,-0.005408879369497299,-0.014980878680944443,0.003908959217369556,0.9974241852760315,-0.07331402599811554,0.015575003810226917,0.07391361892223358,0.9918147325515747
1.000460147857666,-0.0063241044990718365,0.027926605194807053,0.00410114461556077,0.9976228475570679,0.06936296075582504,-0.028820469975471497,-0.06999525427818298,0.9945171475410461
0.9991365671157837,0.006373333279043436,-0.0529971607029438,-0.0031671389006078243,0.9986607432365417,0.05392925441265106,0.05263675004243851,-0.05408456549048424,0.9954541325569153
0.9986725449562073,0.013741528615355492,-0.05504419282078743,-0.016253042966127396,0.998293399810791,-0.05034657567739487,0.053168345242738724,0.05210831016302109,0.9966260194778442
0.9985392689704895,0.014671302400529385,-0.05346081033349037,-0.017089080065488815,0.9982815980911255,-0.05227448418736458,0.051666416227817535,0.05339781194925308,0.9971653819084167
0.9985800385475159,-0.006026586517691612,0.0528431311249733,0.003219732316210866,0.9983091354370117,0.05536897853016853,-0.05238676071166992,-0.05529894307255745,0.997348427772522
0.9984243512153625,0.01771893911063671,-0.048190537840127945,-0.02040059119462967,0.9980960488319397,-0.05710940808057785,0.04681470990180969,0.05739150196313858,0.998053789138794
0.9972971081733704,-0.0011973761720582843,0.07089908421039581,-0.0010705979075282812,0.9992782473564148,0.0320332869887352,-0.0695917084813118,-0.031818896532058716,0.9985123872756958
0.9971109628677368,0.0007634155917912722,0.07442744076251984,-0.0027474157977849245,0.9995226263999939,0.024790693074464798,-0.07299518585205078,-0.02436351776123047,0.9997528195381165
1.0009773969650269,-0.003788943635299802,-0.007399511057883501,0.002984710969030857,0.9973317980766296,-0.07493344694375992,0.008378297090530396,0.07515860348939896,0.9929527044296265
1.0006930828094482,-0.005039101000875235,-0.016797827556729317,0.0036918986588716507,0.9973729252815247,-0.0732121542096138,0.01694551855325699,0.07380089908838272,0.9946221709251404
0.9985102415084839,-0.0025233158376067877,0.06000395864248276,-0.0008937868988141418,0.9990735650062561,0.04623112455010414,-0.059177376329898834,-0.04723212495446205,0.9957777857780457
0.9982320070266724,0.011882901191711426,-0.05765866860747337,-0.01459549181163311,0.998417317867279,-0.0479639396071434,0.05559924244880676,0.04964550584554672,0.9970297813415527
0.9980795383453369,0.012919250875711441,-0.056669000536203384,-0.015261239372193813,0.99831223487854,-0.0495544970035553,0.054683323949575424,0.05038168281316757,0.9975196123123169
0.9984973669052124,-0.00443274388089776,-0.05480044335126877,0.006876552011817694,0.9984251260757446,0.053711049258708954,0.05327726528048515,-0.05348924547433853,0.997394323348999
0.9984710216522217,0.005407239310443401,-0.05687090754508972,-0.00787067599594593,0.9986358284950256,-0.05158492550253868,0.05542483553290367,0.051229819655418396,0.9974042773246765
0.9988335967063904,-0.003350292332470417,0.04870971292257309,0.0005738063482567668,0.9981824159622192,0.059621479362249374,-0.04809695482254028,-0.058830488473176956,0.9975505471229553
0.9988770484924316,-0.00562995346263051,0.04438493400812149,0.0027296526823192835,0.9979162216186523,0.06275410950183868,-0.04430348798632622,-0.062122050672769547,0.9978142976760864
0.9989434480667114,0.016698557883501053,-0.037931181490421295,-0.019577661529183388,0.9976345300674438,-0.0648413896560669,0.03698650375008583,0.0645279586315155,0.998282790184021
0.9968202710151672,0.002914558630436659,0.07617941498756409,-0.004254727624356747,0.9998226165771484,0.016400445252656937,-0.07474090903997421,-0.01611708663403988,0.9988293647766113
1.0010122060775757,-0.0025658966042101383,-0.0011655144626274705,0.002297232858836651,0.9972848892211914,-0.0756162479519844,0.0018925258191302419,0.07546424120664597,0.9933452010154724
0.997800350189209,0.008693506941199303,-0.06800021231174469,-0.011550524272024632,0.9998501539230347,-0.03044576197862625,0.06770367920398712,0.03315286338329315,0.994940459728241
0.9978636503219604,-0.0010854349238798022,0.06638535857200623,-0.001847676350735128,0.9996539354324341,0.03611806780099869,-0.06575151532888412,-0.03779425844550133,0.9958949089050293
0.9978131651878357,0.013865170069038868,-0.06123041734099388,-0.01610736735165119,0.9985317587852478,-0.042108092457056046,0.05966462194919586,0.04442735016345978,0.9974985122680664
0.9984716773033142,0.003991894889622927,0.048975080251693726,-0.006298501510173082,0.9978571534156799,0.0582701750099659,-0.047707341611385345,-0.058649834245443344,0.9978649616241455
0.998455822467804,0.004402803722769022,0.05117636173963547,-0.007045750506222248,0.9981580972671509,0.056955981999635696,-0.05027303099632263,-0.056424304842948914,0.9979660511016846
0.9983826279640198,0.0048539526760578156,0.05426439642906189,-0.007733233273029327,0.9984899163246155,0.054425887763500214,-0.053289853036403656,-0.053660329431295395,0.9978146553039551
0.9982749223709106,0.005312349647283554,-0.05738340690732002,-0.008148949593305588,0.9987379908561707,-0.0512549951672554,0.05625838413834572,0.050521112978458405,0.9977003931999207
0.9982014894485474,0.004954371135681868,-0.0610760860145092,-0.00761888362467289,0.9990065097808838,-0.04673356935381889,0.059879742562770844,0.04619290679693222,0.9975733160972595
0.9980497360229492,0.006535543128848076,-0.0647381916642189,-0.008947400376200676,0.9992467164993286,-0.04080063849687576,0.06364136189222336,0.04069690778851509,0.9975019693374634
0.9993745684623718,-0.0017679427983239293,0.03690230846405029,-0.0008275064756162465,0.9976316094398499,0.06726131588220596,-0.03670680150389671,-0.0667339637875557,0.9976421594619751
0.9995640516281128,-0.0049097565934062,0.028747940436005592,0.0026045774575322866,0.9971601963043213,0.07112547755241394,-0.028854157775640488,-0.07086474448442459,0.99802565574646
0.9967994093894958,0.0046854265965521336,0.07695949077606201,-0.005387088283896446,0.9998813271522522,0.008629399351775646,-0.07577162235975266,-0.008635730482637882,0.9985661506652832
0.997048556804657,0.005324622616171837,0.07750734686851501,-0.005893256515264511,0.9999163746833801,0.006119241937994957,-0.07687324285507202,-0.005779963918030262,1.0000367164611816
1.0008995532989502,-0.0009249881841242313,0.005241451319307089,0.0013083788799121976,0.9972406625747681,-0.0757351741194725,-0.004810459446161985,0.07540909200906754,0.9935784935951233
0.9972515106201172,0.010131806135177612,-0.07399985194206238,-0.010980097576975822,1.000511646270752,-0.009761713445186615,0.07424266636371613,0.012318938039243221,0.9949411749839783
0.9975426197052002,0.0016269889893010259,0.07005643844604492,-0.00384828494861722,1.0000594854354858,0.027618028223514557,-0.06978748738765717,-0.02989918366074562,0.9957478046417236
0.9975978136062622,-0.0018083337927237153,0.06680522859096527,-0.00044516209163703024,0.9990460276603699,0.03483973443508148,-0.06646367162466049,-0.0370854027569294,0.997037410736084
0.998475968837738,0.0066363150253891945,0.0435015894472599,-0.008857568725943565,0.9976102113723755,0.061554115265607834,-0.04263288155198097,-0.06216857209801674,0.9981949329376221
0.9985306859016418,0.005911877378821373,0.04712306708097458,-0.008622546680271626,0.9979255795478821,0.059462469071149826,-0.04696817323565483,-0.05924796685576439,0.9982551336288452
0.9985360503196716,0.005962595343589783,0.04989269748330116,-0.008998613804578781,0.9982478022575378,0.05762670934200287,-0.0496247373521328,-0.05696437135338783,0.9980783462524414
0.9983757138252258,0.006162870209664106,0.05429976060986519,-0.009219410829246044,0.9985477328300476,0.05387401953339577,-0.05363476648926735,-0.05317788943648338,0.997878909111023
0.9981748461723328,0.006106833927333355,-0.05888919532299042,-0.009114428423345089,0.9988404512405396,-0.049105435609817505,0.05791381746530533,0.04850345849990845,0.9977658987045288
0.9979493618011475,0.005764189176261425,-0.06344306468963623,-0.008535423316061497,0.9991281032562256,-0.04329325258731842,0.06226545572280884,0.04289510101079941,0.997671902179718
0.9978241920471191,0.006645185872912407,-0.06717649102210999,-0.008945970796048641,0.9994080066680908,-0.03685585781931877,0.06600017845630646,0.03676273301243782,0.9975969791412354
0.9976800084114075,-0.006596955005079508,-0.07005368918180466,0.00856398418545723,0.9995522499084473,0.030422393232584,0.06909247487783432,-0.03062017448246479,0.9975598454475403
0.9972667694091797,-0.007780270650982857,-0.07319427281618118,0.009333057329058647,0.9997438192367554,0.02100236900150776,0.07249421626329422,-0.02139061689376831,0.9976159930229187
0.9996910095214844,0.015063870698213577,-0.01928304322063923,-0.016566574573516846,0.9970303773880005,-0.07264406234025955,0.0183863528072834,0.07241171598434448,0.9979678988456726
0.9967882037162781,0.00647440180182457,0.07704520970582962,-0.006479112431406975,0.9999159574508667,3.686974378069863e-05,-0.07605212926864624,-0.00010139920050278306,0.9983983039855957
0.9968940019607544,0.008040133863687515,0.07698272168636322,-0.0074583543464541435,0.9999685883522034,-0.007724343333393335,-0.07642576098442078,0.007945165038108826,0.9997112154960632
1.0006235837936401,-0.00070862693246454,0.011624004691839218,0.0017087706364691257,0.9972458481788635,-0.07539115846157074,-0.01152352336794138,0.07462110370397568,0.9935208559036255
1.00070059299469,-0.0006335203070193529,0.009035649709403515,0.0011001595994457603,0.9972493052482605,-0.07536004483699799,-0.009343144483864307,0.07508910447359085,0.9948135614395142
0.9973294138908386,0.004412311594933271,0.0728241428732872,-0.005691454745829105,1.0002915859222412,0.019001662731170654,-0.07269032299518585,-0.021129736676812172,0.9955333471298218
0.9974375367164612,0.004205406177788973,0.06941971927881241,-0.005826637614518404,0.9993168711662292,0.028240470215678215,-0.06942006200551987,-0.031057199463248253,0.9966402649879456
0.9987117648124695,0.006833587773144245,-0.0381530337035656,-0.008659540675580502,0.9974523782730103,-0.064276322722435,0.03753114491701126,0.0659165233373642,0.9979240894317627
0.9989388585090637,0.0075253695249557495,-0.04277661070227623,-0.0101705864071846,0.9977285265922546,-0.06158970296382904,0.04318012297153473,0.06201796606183052,0.9982292652130127
0.9988918304443359,0.005830032750964165,-0.046312324702739716,-0.00882120244204998,0.9979958534240723,-0.05966056138277054,0.04665112867951393,0.059644006192684174,0.9980646371841431
0.9987307190895081,0.006039868574589491,0.05002070590853691,-0.009250207804143429,0.9982480406761169,0.05702263489365578,-0.05004088953137398,-0.056730858981609344,0.9979630708694458
0.9984776973724365,0.006241844967007637,-0.054591789841651917,-0.00952096190303564,0.9985692501068115,-0.0530976764857769,0.05417861416935921,0.05273040756583214,0.9978561401367188
0.9981074333190918,0.006053250283002853,-0.06064288690686226,-0.00920557789504528,0.9989424347877502,-0.0464908741414547,0.05985584482550621,0.04623621329665184,0.9977908730506897
0.9977307915687561,0.005522102117538452,-0.06678080558776855,-0.008233402855694294,0.9993410706520081,-0.03763161227107048,0.06570462882518768,0.03755231946706772,0.9977396726608276
0.9975103735923767,-0.007264878135174513,-0.07061420381069183,0.009395265020430088,0.9996173977851868,0.029537949711084366,0.06938739120960236,-0.0297207273542881,0.9976732134819031
0.9974254965782166,-0.006349997129291296,-0.07304813712835312,0.007972296327352524,0.9997653961181641,0.022759484127163887,0.07205044478178024,-0.02308567240834236,0.9976244568824768
0.997277021408081,-0.007880381308495998,-0.0748140811920166,0.008816738612949848,0.9998927712440491,0.013939060270786285,0.07409892976284027,-0.01438187900930643,0.9975721836090088
0.99708092212677,-0.010137151926755905,0.07469767332077026,0.011104046367108822,0.999836802482605,-0.012343199923634529,-0.07422511279582977,0.012963270768523216,0.9975758790969849
0.996925950050354,0.00785487238317728,0.07595566660165787,-0.00732847535982728,0.9999017119407654,-0.0076776109635829926,-0.07550353556871414,0.007336495444178581,0.9978468418121338
0.9968985915184021,0.00876402948051691,0.07568869739770889,-0.007737855892628431,0.9998173117637634,-0.012224106118083,-0.07481496036052704,0.012060252018272877,0.9982841610908508
1.0003968477249146,-0.00037007167702540755,0.019834332168102264,0.0018136383732780814,0.9973828196525574,-0.07365411520004272,-0.019788866862654686,0.07301876693964005,0.9951338171958923
1.0003788471221924,-0.00041458377381786704,0.017428182065486908,0.0014661004533991218,0.9973286986351013,-0.07371913641691208,-0.01825203001499176,0.07345270365476608,0.9955663084983826
0.9999207258224487,-0.007666671648621559,0.008959203027188778,0.008515514433383942,0.9973115921020508,-0.07431943714618683,-0.006447136867791414,0.07519106566905975,0.996292769908905
0.9992587566375732,-0.008983902633190155,0.020519735291600227,0.009816719219088554,0.9973556995391846,-0.07157314568758011,-0.018838413059711456,0.07335419952869415,0.997190535068512
0.9992917776107788,0.007886657491326332,-0.035794008523225784,-0.009965283796191216,0.9975470900535583,-0.0653354600071907,0.035797204822301865,0.0666423961520195,0.997787356376648
0.9992350935935974,0.008334701880812645,-0.04239555075764656,-0.011030107736587524,0.9978216290473938,-0.061549339443445206,0.04252321273088455,0.06232250854372978,0.9978606104850769
0.9990928173065186,0.006552754435688257,-0.04645000770688057,-0.00953314546495676,0.9980435967445374,-0.05921543762087822,0.046562012284994125,0.059633657336235046,0.9978306889533997
0.9988877773284912,0.005789349786937237,-0.05022541061043739,-0.008981551975011826,0.9982631206512451,-0.05656290799379349,0.050126172602176666,0.056756697595119476,0.997813880443573
0.9985471963882446,0.005577427800744772,-0.055327385663986206,-0.0088562136515975,0.9986003041267395,-0.05206023529171944,0.054870881140232086,0.052134741097688675,0.9977729916572571
0.9981369376182556,0.005120961926877499,-0.06108793616294861,-0.00827106088399887,0.9989493489265442,-0.0456584207713604,0.0603393092751503,0.045805998146533966,0.9977344274520874
0.9976528286933899,0.004462563432753086,-0.06779707223176956,-0.007138557732105255,0.999392569065094,-0.03552780672907829,0.0668584480881691,0.03578101471066475,0.9977366328239441
0.9973821043968201,-0.0063694254495203495,-0.07175495475530624,0.008376438170671463,0.9996671676635742,0.02653501182794571,0.07066181302070618,-0.02695923112332821,0.9977220296859741
0.9972802400588989,-0.005697588436305523,-0.07411319017410278,0.0071707721799612045,0.9998220801353455,0.019150730222463608,0.07312416285276413,-0.019653216004371643,0.9976719617843628
0.9972892999649048,-0.004695679992437363,-0.0757157951593399,0.005502994637936354,0.9999381899833679,0.01051180250942707,0.07496301084756851,-0.010990871116518974,0.9976407885551453
0.9971855282783508,-0.008558779023587704,-0.07547415047883987,0.009155630134046078,0.9999191761016846,0.00745026208460331,0.07496746629476547,-0.008034736849367619,0.9975799918174744
0.9970355033874512,-0.009538576006889343,0.07536634057760239,0.010186475701630116,0.9998680949211121,-0.0073781320825219154,-0.07506076246500015,0.007877578027546406,0.9975762963294983
0.9970861077308655,0.009835641831159592,0.07368186116218567,-0.008465729653835297,0.9997340440750122,-0.01889229565858841,-0.07332389801740646,0.01864597760140896,0.9978162050247192
0.9971048831939697,0.010216147638857365,0.07377741485834122,-0.008616140112280846,0.9997038841247559,-0.019624311476945877,-0.07300375401973724,0.019535556435585022,0.9981240034103394
1.0000572204589844,-0.0002563668240327388,-0.027674002572894096,0.0025047098752111197,0.9975374937057495,0.07123192399740219,0.027288395911455154,-0.07057943195104599,0.9954453706741333
1.0001109838485718,-0.00023815441818442196,-0.026102492585778236,0.001991037745028734,0.9974585771560669,0.07152049988508224,0.026457887142896652,-0.07095456123352051,0.9958363771438599
0.999876856803894,-0.009997440502047539,0.020000716671347618,0.008725911378860474,0.9974070191383362,0.07229579985141754,-0.022131849080324173,-0.07198621332645416,0.9963592886924744
0.999598503112793,-0.009034613147377968,-0.008361978456377983,0.008688479661941528,0.9972426891326904,-0.07423608750104904,0.010586404241621494,0.07480665296316147,0.9968557953834534
0.9994421601295471,-0.00984544400125742,0.00560695119202137,0.010113729164004326,0.9972051978111267,-0.07410541921854019,-0.004278580658137798,0.07528278231620789,0.9973330497741699
0.9994794130325317,0.008706584572792053,-0.031882379204034805,-0.010714768432080746,0.9975041747093201,-0.06724238395690918,0.031607065349817276,0.06854602694511414,0.9975914359092712
0.9991346597671509,0.008485941216349602,-0.04323263838887215,-0.011209877207875252,0.9979307651519775,-0.060916170477867126,0.04312308877706528,0.06187721714377403,0.997705340385437
0.9989161491394043,0.006744705140590668,-0.04829632490873337,-0.009697956033051014,0.998180627822876,-0.05762961879372597,0.04812650755047798,0.05831874907016754,0.9976975321769714
0.9986675977706909,-0.0055349743925035,0.052881885319948196,0.00864345021545887,0.9984398484230042,-0.05399869754910469,-0.05256464332342148,0.054537441581487656,0.9977044463157654
0.9983662366867065,0.004863334819674492,-0.057478711009025574,-0.007989222183823586,0.9987189173698425,-0.04958692938089371,0.05692160874605179,0.05000109598040581,0.9977057576179504
0.99794602394104,0.003609172999858856,-0.06349249929189682,-0.006527704652398825,0.9991007447242737,-0.04219481348991394,0.06277947872877121,0.042616430670022964,0.9976806640625
0.9974126815795898,-0.0034513885620981455,-0.07074543088674545,0.005660699680447578,0.9995890855789185,0.028955893591046333,0.0699622705578804,-0.029483675956726074,0.9976856112480164
0.9971834421157837,-0.004849100019782782,-0.07391124218702316,0.006385669577866793,0.9998041987419128,0.019642464816570282,0.07306567579507828,-0.020274991169571877,0.9976922273635864
0.9970962405204773,-0.005072697997093201,-0.07548446953296661,0.0060636019334197044,0.9999139904975891,0.012481250800192356,0.07467744499444962,-0.013155275955796242,0.9976804852485657
0.9971252679824829,-0.004862685687839985,-0.07631128281354904,0.005281800404191017,0.9999656081199646,0.004944773390889168,0.07567154616117477,-0.005579037591814995,0.9976993799209595
0.9972148537635803,-0.0050912536680698395,-0.07622257620096207,0.005213303491473198,0.9999263286590576,0.00141203124076128,0.0757313221693039,-0.0018454891396686435,0.9976283311843872
0.997089147567749,-0.008368738926947117,-0.07565125077962875,0.008713978342711926,0.9998742938041687,0.0037454275880008936,0.07536061108112335,-0.004190103616565466,0.9975076913833618
0.9973581433296204,0.010928625240921974,0.07087405771017075,-0.009078620001673698,0.9995604753494263,-0.026508091017603874,-0.07075121253728867,0.026120921596884727,0.9975109100341797
0.9973233342170715,0.011179407127201557,0.07086315006017685,-0.00923835951834917,0.9995366334915161,-0.026917096227407455,-0.07060583680868149,0.026788190007209778,0.997751772403717
0.9974132776260376,0.011853350326418877,0.07034514844417572,-0.009903858415782452,0.9995643496513367,-0.02821783535182476,-0.07010950148105621,0.02875552698969841,0.9982735514640808
0.999528706073761,-0.0003176643222104758,-0.03329748287796974,0.002735573099926114,0.9974632263183594,0.0690382868051529,0.03393751010298729,-0.06741426140069962,0.9948105812072754
0.9998587965965271,0.00013781650341115892,-0.031561579555273056,0.0020640636794269085,0.9975898265838623,0.06956002861261368,0.03156663104891777,-0.06883291900157928,0.9961059093475342
0.998295783996582,0.002040891908109188,-0.06279467046260834,0.0008781221695244312,0.9991058707237244,0.04280568286776543,0.06307937949895859,-0.04201840981841087,0.9963122606277466
0.9993693828582764,-0.0072234440594911575,-0.036610908806324005,0.0050648413598537445,0.9977495670318604,-0.06576648354530334,0.038272228091955185,0.0653509646654129,0.9966793656349182
0.9991326928138733,-0.01168049219995737,-0.032459720969200134,0.009970191866159439,0.9976752996444702,-0.0668627992272377,0.034325748682022095,0.06699886918067932,0.9971198439598083
0.9994405508041382,-0.011459273286163807,-0.025006001815199852,0.009718276560306549,0.997502863407135,-0.06980501860380173,0.02634008601307869,0.07054586708545685,0.9973635673522949
0.999415397644043,-0.008854457177221775,-0.033635783940553665,0.01100663747638464,0.9976339340209961,0.06636905670166016,0.03337271511554718,-0.06762489676475525,0.9974967837333679
0.9987145662307739,0.007629120256751776,-0.05080877244472504,-0.010521934367716312,0.9983616471290588,-0.05485759302973747,0.05077453702688217,0.05589451268315315,0.9975757002830505
0.9984198808670044,-0.005842673592269421,-0.05615045875310898,0.008811822161078453,0.9986571073532104,0.05007503181695938,0.05602539703249931,-0.0509108304977417,0.9976025223731995
0.998214066028595,-0.004388417117297649,-0.05946863442659378,0.007360618561506271,0.9988619685173035,0.04670671373605728,0.05919548496603966,-0.04740934446454048,0.9976293444633484
0.9979902505874634,0.0033591603860259056,-0.06266137957572937,-0.006228923797607422,0.999045729637146,-0.04290619120001793,0.062206801027059555,0.04348309338092804,0.9976441860198975
0.9976793527603149,0.0018623769283294678,-0.06705006211996078,-0.004435475450009108,0.9993438124656677,-0.03627379983663559,0.06648813933134079,0.03678430616855621,0.9976329803466797
0.9972450733184814,-0.002470706356689334,-0.07304253429174423,0.0041658589616417885,0.9997587203979492,0.022295426577329636,0.07242833822965622,-0.02290159836411476,0.9976338744163513
0.9971086382865906,-0.003830409375950694,-0.07490964978933334,0.004988456144928932,0.9998806715011597,0.014999598264694214,0.07426335662603378,-0.015706172212958336,0.9976317286491394
0.997045636177063,-0.004678262863308191,-0.07595642656087875,0.005339819937944412,0.9999375343322754,0.008284471929073334,0.07532995939254761,-0.009036274626851082,0.9976381063461304
0.9970493316650391,-0.004517025779932737,-0.07641137391328812,0.004673891235142946,0.9999604225158691,0.0017316985176876187,0.07585905492305756,-0.0024238338228315115,0.9976547360420227
0.9971862435340881,-0.005394308362156153,-0.07618656754493713,0.005218233913183212,0.9998794198036194,-0.0033363117836415768,0.07575345039367676,0.0028032022528350353,0.9976386427879333
0.9971704483032227,-0.008599622175097466,-0.07575543969869614,0.008761844597756863,0.9998592138290405,0.0009302577818743885,0.07542508840560913,-0.001311967265792191,0.9975213408470154
0.9970982074737549,-0.009460406377911568,-0.07558144629001617,0.00933875609189272,0.9999101161956787,-0.0019963339436799288,0.07540568709373474,0.0017358156619593501,0.997370719909668
0.9976003766059875,0.011928880587220192,0.06769140809774399,-0.009659388102591038,0.9993529915809631,-0.03330361843109131,-0.06770370900630951,0.033112432807683945,0.9974362254142761
0.997683048248291,0.012577254325151443,0.06646332144737244,-0.010119551792740822,0.9992613196372986,-0.035503238439559937,-0.06631536036729813,0.03558928146958351,0.9975787997245789
0.9994351267814636,0.00011035011266358197,-0.03749873489141464,0.002534666331484914,0.9978206753730774,0.06658629328012466,0.037348464131355286,-0.06589696556329727,0.9965204000473022
0.9987565279006958,0.0005018250667490065,-0.054155610501766205,0.0025203453842550516,0.998540997505188,0.053644951432943344,0.05408855527639389,-0.05305240675806999,0.9965760707855225
0.9991152882575989,-0.006924999877810478,-0.045780643820762634,0.004286753013730049,0.9981160163879395,-0.06020362675189972,0.04679468274116516,0.05948967486619949,0.9966759085655212
0.9989539384841919,-0.007708697579801083,-0.04507935047149658,0.005374982487410307,0.9980310797691345,-0.06002268195152283,0.04655289649963379,0.059776660054922104,0.9969508647918701
0.9988214373588562,-0.012126491405069828,-0.04384339600801468,0.009827712550759315,0.998090922832489,-0.0597931407392025,0.04541180282831192,0.05997723713517189,0.9972291588783264
0.9988701939582825,-0.01216816995292902,-0.04343990981578827,0.009542080573737621,0.9981811046600342,-0.06004413589835167,0.04480941221117973,0.06045764312148094,0.9973623752593994
0.9979832172393799,-0.011355066671967506,0.06113056838512421,0.00874127447605133,0.9991103410720825,0.042431220412254333,-0.06235748901963234,-0.04234344884753227,0.9974591732025146
0.997976541519165,0.007713318336755037,-0.06323331594467163,-0.010403419844806194,0.9991277456283569,-0.03991112485527992,0.06342706829309464,0.04095879942178726,0.9975215196609497
0.9978247284889221,0.005475237499922514,-0.06536002457141876,-0.008068584837019444,0.9992730021476746,-0.03730858862400055,0.0654120147228241,0.03819756954908371,0.997556209564209
0.9977361559867859,0.003718702122569084,-0.06639589369297028,-0.006277990061789751,0.9993260502815247,-0.036224331706762314,0.06626638025045395,0.03698037564754486,0.997585654258728
0.9976456165313721,0.0023978070821613073,-0.06763897836208344,-0.004871421959251165,0.9993905425071716,-0.034536730498075485,0.06732447445392609,0.03516250476241112,0.9975941777229309
0.9974641799926758,0.0009647104889154434,-0.07021952420473099,-0.003152629127725959,0.9995803833007812,-0.02956952527165413,0.06980225443840027,0.030110297724604607,0.9975917935371399
0.9971683025360107,-0.0013879663310945034,-0.07437197118997574,0.00271053658798337,0.9998843669891357,0.017101148143410683,0.07390788942575455,-0.017701726406812668,0.9975994825363159
0.9970912933349609,-0.0026252318639308214,-0.07546277344226837,0.0035277847200632095,0.9999386668205261,0.01153740007430315,0.07496266812086105,-0.012222308665513992,0.9975959658622742
0.997036337852478,-0.0037036424037069082,-0.0761551558971405,0.004140688572078943,0.9999566674232483,0.005372593645006418,0.07567587494850159,-0.006101937033236027,0.9976005554199219
0.9970422983169556,-0.00392202427610755,-0.07636652141809464,0.003911398816853762,0.9999424815177917,-0.0005311641725711524,0.0759284570813179,-0.00013257017417345196,0.9976208806037903
0.9971148371696472,-0.004997942131012678,-0.07599110156297684,0.004576209466904402,0.9998596906661987,-0.006701307371258736,0.07559198886156082,0.006187343504279852,0.9976166486740112
0.9971476793289185,-0.004344793502241373,0.07616531848907471,0.004283499903976917,0.9998550415039062,0.00129447050858289,-0.07579269260168076,-0.0012461746810004115,0.9974635243415833
0.9971276521682739,-0.010411802679300308,-0.07527334988117218,0.009997259825468063,0.9999167323112488,-0.005092644598335028,0.07513074576854706,0.004833954852074385,0.9972530603408813
0.9981449246406555,0.013512738049030304,-0.059937793761491776,-0.010774641297757626,0.9988915324211121,0.04516889899969101,0.060193393379449844,-0.04491843283176422,0.9972214698791504
0.9981144666671753,0.01368686556816101,-0.05991372466087341,-0.010924870148301125,0.9989134073257446,0.04496144875884056,0.0601462721824646,-0.04498298466205597,0.9973116517066956
0.9991695284843445,0.0010473091388121247,0.04228845238685608,0.0016668232856318355,0.9979695081710815,-0.063580721616745,-0.04231544956564903,0.06288126111030579,0.9969785213470459
0.9989108443260193,0.0013067275285720825,-0.049424219876527786,0.0015169627731665969,0.9982871413230896,0.057938702404499054,0.04948665201663971,-0.05742424353957176,0.996882438659668
0.9987786412239075,-0.007361744064837694,-0.05222932994365692,0.004798468668013811,0.9983773827552795,-0.054535724222660065,0.05312318354845047,0.05392963066697121,0.9969232082366943
0.9986120462417603,-0.011134800501167774,0.05234694108366966,0.00876589585095644,0.9984316229820251,0.053125593811273575,-0.05368940159678459,-0.052850980311632156,0.9971124529838562
0.9984567761421204,-0.011724469251930714,0.05336601287126541,0.009138406254351139,0.9986341595649719,0.051544662564992905,-0.05476690083742142,-0.051680926233530045,0.9972436428070068
0.9982784986495972,-0.011736173182725906,0.056190233677625656,0.009016035124659538,0.9988335371017456,0.048492562025785446,-0.057510752230882645,-0.04862619936466217,0.9973351955413818
0.99784916639328,-0.010781238786876202,-0.06355910748243332,0.008290989324450493,0.9992732405662537,-0.038890108466148376,0.06472951918840408,0.038740698248147964,0.9974057078361511
0.9971385598182678,-0.008690457791090012,-0.07423799484968185,0.008026746101677418,0.9999727606773376,-0.009685582481324673,0.07504699379205704,0.009018531069159508,0.9974674582481384
0.9971427917480469,-0.005809495225548744,-0.07445358484983444,0.00671503646299243,0.9999485611915588,0.01113386731594801,0.07484401017427444,-0.011942708864808083,0.9975181818008423
0.9972811937332153,-0.0033656384330242872,-0.07259628921747208,0.005016972776502371,0.9997844099998474,0.02125895768404007,0.07266495376825333,-0.021998338401317596,0.9975507259368896
0.9973044991493225,-0.0017232925165444613,-0.07232312858104706,0.003499089740216732,0.9997456073760986,0.023133818060159683,0.0721706971526146,-0.02376486547291279,0.9975579380989075
0.9972513318061829,-0.0002918601094279438,-0.0731196478009224,0.0019243317656219006,0.9998049736022949,0.02124229446053505,0.0728316456079483,-0.021789615973830223,0.9975630044937134
0.9971402287483215,-0.0005538405966944993,-0.07483479380607605,0.0016778004355728626,0.9999172687530518,0.014641507528722286,0.07447239756584167,-0.01519318763166666,0.9975693225860596
0.9970942139625549,-0.0006135649746283889,-0.0755656287074089,0.0014237405266612768,0.9999420046806335,0.010582242161035538,0.0751940980553627,-0.011119809001684189,0.9975526928901672
0.9970458149909973,-0.0020921872928738594,-0.07616784423589706,0.0024563204497098923,0.9999484419822693,0.00462169386446476,0.07581133395433426,-0.005210942588746548,0.997562050819397
0.9970390200614929,-0.0029573184438049793,-0.07631167769432068,0.0029189216438680887,0.9999131560325623,-0.0007947515696287155,0.07596777379512787,0.0002651760296430439,0.9975857138633728
0.9971189498901367,-0.004254787229001522,-0.07563166320323944,0.003568207612261176,0.9998107552528381,-0.009797020815312862,0.07531403005123138,0.009405463002622128,0.997585654258728
0.9971684813499451,-0.003987365867942572,-0.07582249492406845,0.0034870451781898737,0.999794602394104,-0.006981068290770054,0.0754711925983429,0.007069227285683155,0.9973953366279602
0.9972018599510193,-0.01054040901362896,-0.07451063394546509,0.009619975462555885,0.9998664855957031,-0.011438152752816677,0.07445202767848969,0.011236798018217087,0.9971082210540771
0.9985486268997192,0.014656481333076954,0.05351758375763893,-0.011821328662335873,0.9985430240631104,-0.05215958505868912,-0.05398610979318619,0.05191555619239807,0.997058093547821
0.9985198974609375,0.014720875769853592,0.053427938371896744,-0.011858166195452213,0.9985787868499756,-0.051957935094833374,-0.05397820472717285,0.05193215608596802,0.9970948696136475
0.9988835453987122,0.0021967580541968346,0.04719935357570648,0.0005886728758923709,0.9980953335762024,-0.06026199832558632,-0.04705416411161423,0.059187375009059906,0.9981470704078674
0.9988180994987488,0.0022952172439545393,0.047616880387067795,0.0005260194884613156,0.998187243938446,-0.05951782315969467,-0.04774283990263939,0.05886482447385788,0.9973626136779785
0.9990515112876892,0.005589952692389488,-0.04391494020819664,-0.0029663871973752975,0.9980270862579346,0.06204071640968323,0.04422970488667488,-0.06143703684210777,0.9971539974212646
0.9985017776489258,-0.011164280585944653,0.057433586567640305,0.008681855164468288,0.9986851811408997,0.04839141666889191,-0.058246925473213196,-0.047734323889017105,0.9971475005149841
0.9983366131782532,-0.011575906537473202,0.05815623700618744,0.009096781723201275,0.9988267421722412,0.04659394547343254,-0.05928831174969673,-0.046369217336177826,0.9971978068351746
0.9981666207313538,-0.011583313345909119,-0.05939595028758049,0.009047226049005985,0.9989984631538391,-0.04459357634186745,0.06069336086511612,0.04457874223589897,0.9972504377365112
0.9979619383811951,-0.01099985558539629,-0.06191464513540268,0.00845422688871622,0.999174177646637,-0.04118303582072258,0.06316177546977997,0.04114464297890663,0.9973165988922119
0.9978025555610657,-0.009876606054604053,-0.0643964633345604,0.007398959714919329,0.9993044137954712,-0.037764325737953186,0.0654975026845932,0.03759282827377319,0.9973710179328918
0.9974246621131897,-0.007913508452475071,-0.07037170231342316,0.0060501303523778915,0.9996790289878845,-0.025964772328734398,0.07126487046480179,0.025560330599546432,0.997418224811554
0.9971078634262085,-0.005225576926022768,-0.07476692646741867,0.004507828503847122,0.999981701374054,-0.009401737712323666,0.07537107914686203,0.008825680240988731,0.9974718689918518
0.9970378875732422,-0.0031805543694645166,-0.07553958892822266,0.003501682775095105,1.0000121593475342,0.003877139650285244,0.07582074403762817,-0.004500257782638073,0.9975078105926514
0.9970772862434387,-0.0014469607267528772,-0.07514362037181854,0.002275003818795085,0.9999573230743408,0.010585471987724304,0.07518555968999863,-0.011152105405926704,0.9975094795227051
0.9970804452896118,-0.00034733657957985997,-0.07521414756774902,0.001210391870699823,0.9999507665634155,0.01130275521427393,0.07511494308710098,-0.011806879192590714,0.9975167512893677
0.9970621466636658,-0.0009472438250668347,-0.07574917376041412,0.0015345764113590121,0.999962329864502,0.007887574844062328,0.07554340362548828,-0.00840945914387703,0.9975235462188721
0.9970694184303284,-0.0005043968558311462,-0.07591234147548676,0.0009947431972250342,0.9999485611915588,0.0067487480118870735,0.0756668671965599,-0.007212499622255564,0.9975079298019409
0.9970439076423645,-0.0021124565973877907,-0.07618331909179688,0.0019517818000167608,0.9999145269393921,-0.0018876922549679875,0.07598380744457245,0.0014095609076321125,0.9975165724754333
0.9970776438713074,-0.0034514693543314934,-0.0756942480802536,0.0027961675077676773,0.9998224973678589,-0.00868452712893486,0.07551338523626328,0.008287191390991211,0.9975337386131287
0.9973631501197815,-0.004507167264819145,-0.07209207117557526,0.00280561950057745,0.9994901418685913,-0.02451598271727562,0.07191557437181473,0.02434096857905388,0.9975146651268005
0.9973844885826111,-0.0043502566404640675,-0.07240325957536697,0.0027034326922148466,0.9995445609092712,-0.023253927007317543,0.07206851243972778,0.023494966328144073,0.9972849488258362
0.9995812773704529,0.004939251113682985,0.029313726350665092,-0.0029547386802732944,0.9975290298461914,-0.06999826431274414,-0.028973212465643883,0.07007955759763718,0.9969704151153564
0.9990505576133728,0.015043234452605247,0.04417548328638077,-0.012343493290245533,0.9980968236923218,-0.06001093238592148,-0.044835686683654785,0.05988052487373352,0.9968947768211365
0.9990196824073792,0.015095114707946777,0.04402943700551987,-0.012336920015513897,0.9981502294540405,-0.059825148433446884,-0.04485892876982689,0.05986087769269943,0.9968867301940918
0.998519778251648,0.0032177355606108904,0.05076500028371811,-0.0003784076834563166,0.9982485771179199,-0.05662859231233597,-0.05119205638766289,0.0558367483317852,0.9983252882957458
0.9985594749450684,0.003090236335992813,0.05115476995706558,-0.00024114690313581377,0.998327374458313,-0.05627511814236641,-0.051333602517843246,0.05576557666063309,0.9976853728294373
0.997916042804718,-0.006893847603350878,-0.06417734920978546,0.004345304798334837,0.9990834593772888,-0.04050365835428238,0.06424490362405777,0.039922818541526794,0.9973832964897156
0.9981973767280579,-0.010161829181015491,-0.06331750750541687,0.0077741327695548534,0.9990643858909607,-0.040670569986104965,0.06384213268756866,0.04013291001319885,0.9972705841064453
0.998070240020752,-0.010221469216048717,-0.06317060440778732,0.007829788140952587,0.999173641204834,-0.039988406002521515,0.06408901512622833,0.03976062312722206,0.9972399473190308
0.9979234933853149,-0.010306964628398418,-0.06407430022954941,0.007955851033329964,0.9992948174476624,-0.03807502239942551,0.06521522998809814,0.03794367238879204,0.997248649597168
0.9977450370788574,-0.009834744036197662,-0.06584304571151733,0.00756501592695713,0.9994210600852966,-0.03499144688248634,0.0669957846403122,0.03483609855175018,0.9972983002662659
0.9976487159729004,-0.00843061413615942,-0.06706871092319489,0.006182280369102955,0.9994726181030273,-0.03316302224993706,0.06809698790311813,0.0329710878431797,0.9973441958427429
0.9974119067192078,-0.006601483561098576,-0.07073813676834106,0.004778062459081411,0.9996945858001709,-0.025238249450922012,0.07159601897001266,0.02491651102900505,0.9973792433738708
0.9971411824226379,-0.003947948105633259,-0.07449644804000854,0.0030497408006340265,0.9999479651451111,-0.011583635583519936,0.07513027638196945,0.011160071939229965,0.9974152445793152
0.9970389008522034,-0.0021465353202074766,-0.07561715692281723,0.002111998852342367,1.0000107288360596,-0.0003883402678184211,0.07599084824323654,-8.533741493010893e-05,0.9974473714828491
0.997052013874054,-0.0005071889027021825,-0.07551346719264984,0.0010218365350738168,0.9999909400939941,0.006757040973752737,0.07566815614700317,-0.007197909522801638,0.997449517250061
0.997105062007904,0.0005397870554588735,-0.07494756579399109,0.00039835614734329283,0.9999281167984009,0.012356443330645561,0.07493911683559418,-0.012747161090373993,0.997452974319458
0.9971081018447876,0.0003786625456996262,-0.07511058449745178,0.0005166727351024747,0.9999091625213623,0.01200873963534832,0.0749962329864502,-0.012369423173367977,0.9974595308303833
0.997142493724823,0.00018954473489429802,-0.07487160712480545,0.0007911552675068378,0.9998427033424377,0.013676905073225498,0.07471407949924469,-0.013969773426651955,0.9974580407142639
0.9970580339431763,-0.0012543989578261971,-0.07607057690620422,0.0013685928424820304,0.9998653531074524,0.0021770973689854145,0.07596375048160553,-0.002402571262791753,0.9974508285522461
0.9971125721931458,-0.002803771523758769,-0.07528410106897354,0.001966549549251795,0.9997289180755615,-0.010912678204476833,0.07521175593137741,0.010850934311747551,0.9974312782287598
0.9979369640350342,-0.004457836039364338,-0.06334619224071503,0.001987703377380967,0.9988457560539246,-0.04194086045026779,0.06317600607872009,0.042155396193265915,0.9973731637001038
0.9979935884475708,-0.00527774915099144,-0.0632193461060524,0.002612519543617964,0.9989107251167297,-0.041902147233486176,0.0628446564078331,0.04237005114555359,0.9971023797988892
0.9982308745384216,-0.0036690752021968365,0.06113828346133232,0.0008405735716223717,0.998920738697052,0.0448799766600132,-0.06086289882659912,-0.04539366438984871,0.9967811107635498
0.999516487121582,0.015376032330095768,-0.03362387418746948,-0.013099904172122478,0.9977090954780579,0.06620997935533524,0.03451197221875191,-0.06624703109264374,0.9966980218887329
0.999468207359314,0.01581783965229988,-0.032597705721855164,-0.013420747593045235,0.9977296590805054,0.06643224507570267,0.033733610063791275,-0.06655558198690414,0.9966174960136414
0.9981189966201782,0.004081114660948515,-0.05618329718708992,-0.001288962666876614,0.9985468983650208,0.05058169364929199,0.05695173889398575,-0.04998135194182396,0.998558521270752
