0.9997795820236206,-0.009041426703333855,0.044687915593385696,0.004317807499319315,0.9968625903129578,0.08270635455846786,-0.044904936105012894,-0.08369389176368713,0.9836412668228149
1.000000238418579,-0.009048689156770706,0.05439893901348114,0.00450038630515337,0.9974972009658813,0.07614919543266296,-0.05680324509739876,-0.07749290764331818,0.9887655973434448
0.9990660548210144,-0.009060506708920002,-0.06638555973768234,0.004495538305491209,0.9979944825172424,-0.0661497637629509,0.06846512109041214,0.06773877143859863,0.9908972382545471
0.9980631470680237,-0.007646865211427212,0.07559287548065186,0.0034454527776688337,0.9980799555778503,0.056904733180999756,-0.07655028253793716,-0.05884848162531853,0.9922296404838562
0.9968851208686829,-0.005862540565431118,0.08376788347959518,0.002464208984747529,0.9986645579338074,0.046457692980766296,-0.08331025391817093,-0.048591647297143936,0.9933568835258484
1.0016628503799438,-0.007671971805393696,-0.016559429466724396,0.005266220774501562,0.9959083795547485,-0.09381524473428726,0.01926734857261181,0.09338396787643433,0.9835872054100037
1.0014227628707886,-0.00916505791246891,0.03409677371382713,0.005574814975261688,0.9963532090187073,0.08822104334831238,-0.03719198331236839,-0.08815940469503403,0.9886227250099182
0.9993649125099182,0.009789052419364452,-0.06728975474834442,-0.004195849876850843,0.9979751110076904,0.06874479353427887,0.0666811391711235,-0.06762266904115677,0.990185022354126
0.9985277056694031,0.016116909682750702,-0.07120722532272339,-0.020283715799450874,0.9973060488700867,-0.06290721148252487,0.0670059323310852,0.06642231345176697,0.9922968149185181
0.9982157349586487,0.017486559227108955,-0.06935356557369232,-0.02118784748017788,0.9972854256629944,-0.06548337638378143,0.06501593440771103,0.06788011640310287,0.993496298789978
0.9984089136123657,-0.009037724696099758,0.06786060333251953,0.00446782261133194,0.997183084487915,0.07015860825777054,-0.06639023125171661,-0.0691690668463707,0.9935643076896667
0.9980980753898621,0.021763572469353676,-0.062419258058071136,-0.025451498106122017,0.9970749616622925,-0.07157451659440994,0.0593055821955204,0.07303528487682343,0.994477391242981
0.9963933825492859,-0.0024021747522056103,0.08930198103189468,-0.0010061264038085938,0.9989624619483948,0.03980141133069992,-0.08873506635427475,-0.0396387092769146,0.9948257207870483
0.9958465099334717,-4.420401819515973e-05,0.09315738826990128,-0.0026765530928969383,0.9993129372596741,0.03032870776951313,-0.09241674840450287,-0.03004809468984604,0.9957047700881958
1.0020675659179688,-0.005611146800220013,-0.007518771104514599,0.004495883360505104,0.9957590699195862,-0.09592889994382858,0.011013729497790337,0.09492747485637665,0.9860407114028931
1.0017486810684204,-0.007468807976692915,-0.020815173164010048,0.005360792391002178,0.9959043860435486,-0.0933493971824646,0.022150887176394463,0.09325634688138962,0.9890514016151428
0.9980224370956421,-0.005021138582378626,0.07714368402957916,-0.0012175097363069654,0.9988132119178772,0.058541931211948395,-0.07507609575986862,-0.05920303612947464,0.9910396337509155
0.9973110556602478,0.013771968893706799,-0.07510551810264587,-0.01848168857395649,0.9976245164871216,-0.05976815149188042,0.07039568573236465,0.06315850466489792,0.9932270050048828
0.9966340661048889,0.015376344323158264,-0.0738159641623497,-0.019009383395314217,0.9971662163734436,-0.06210729107260704,0.06949284672737122,0.06395766139030457,0.9943063259124756
0.9971746802330017,-0.00449064327403903,-0.07100076228380203,0.008360120467841625,0.9974619150161743,0.06771855801343918,0.06827851384878159,-0.06768336892127991,0.9942329525947571
0.9971925020217896,0.0056338259018957615,-0.07366771996021271,-0.009620162658393383,0.9977814555168152,-0.06505756825208664,0.07080642879009247,0.06456320732831955,0.9942684769630432
0.9980546832084656,-0.00554228900000453,0.06308049708604813,0.001313338172622025,0.9970422983169556,0.07587635517120361,-0.06134064868092537,-0.07398876547813416,0.9943572878837585
0.9985053539276123,-0.008218600414693356,0.05717548355460167,0.00421155383810401,0.9967315793037415,0.07995261251926422,-0.05665849521756172,-0.07802606374025345,0.9945401549339294
0.9985911250114441,0.020484916865825653,-0.049169301986694336,-0.024179577827453613,0.9965730309486389,-0.08192075043916702,0.047025326639413834,0.08195758610963821,0.994975745677948
0.9955501556396484,0.0028730856720358133,0.09586630016565323,-0.004700216930359602,0.999656617641449,0.020246807485818863,-0.09503335505723953,-0.01972646266222,0.9954028725624084
1.002138376235962,-0.004008076153695583,0.00019971745496150106,0.0037879194132983685,0.9956539273262024,-0.0970713347196579,0.0028398889116942883,0.09524437040090561,0.9868539571762085
0.996680498123169,0.00952831283211708,-0.08718026429414749,-0.014559867791831493,1.0003424882888794,-0.03831363096833229,0.08592860400676727,0.04234154149889946,0.98951655626297
0.9967551827430725,-0.0030833017081022263,0.08565985411405563,-0.0022776660043746233,0.9998493194580078,0.04542425274848938,-0.08340461552143097,-0.04733341932296753,0.9913544654846191
0.9963788390159607,0.016515761613845825,-0.07989450544118881,-0.0200062058866024,0.9979086518287659,-0.05220374837517738,0.07574288547039032,0.056356579065322876,0.993899941444397
0.9971638321876526,0.004126260057091713,0.06385164707899094,-0.0074897888116538525,0.9965670704841614,0.07329815626144409,-0.06127212196588516,-0.07431302219629288,0.9943100810050964
0.9971455931663513,0.0045929416082799435,0.0661056712269783,-0.008544771000742912,0.9969562888145447,0.07193908095359802,-0.0645599514245987,-0.07139915227890015,0.9946973323822021
0.9972416162490845,0.004926455672830343,0.06979716569185257,-0.009606394916772842,0.9975684881210327,0.06887393444776535,-0.06821317970752716,-0.0679113045334816,0.9947148561477661
0.9970318675041199,0.005418665707111359,-0.07387889921665192,-0.01012591551989317,0.9978964328765869,-0.06490195542573929,0.0719466581940651,0.06384307146072388,0.9947781562805176
0.9967954754829407,0.00497945724055171,-0.07877544313669205,-0.00944469589740038,0.9982536435127258,-0.05929531529545784,0.07644491642713547,0.05819236859679222,0.9946662783622742
0.9966247081756592,0.007139679975807667,-0.08360923826694489,-0.010953066870570183,0.9987037777900696,-0.051768429577350616,0.0810898020863533,0.051144570112228394,0.9944035410881042
0.9988834261894226,-0.003300090553238988,0.047630809247493744,-0.00033877757959999144,0.9963054656982422,0.08624402433633804,-0.04715042933821678,-0.0841628834605217,0.9945352673530579
0.9992991089820862,-0.00708037568256259,0.036597516387701035,0.004132784437388182,0.9957934617996216,0.09097552299499512,-0.037288423627614975,-0.08920742571353912,0.9948978424072266
0.9954460263252258,0.005233811214566231,0.09711892902851105,-0.0061446670442819595,0.9998793601989746,0.010682651773095131,-0.096408411860466,-0.010235149413347244,0.9951106309890747
0.995323657989502,0.006097173318266869,0.0972462072968483,-0.006879591848701239,0.9999128580093384,0.0074974424205720425,-0.09656135737895966,-0.006572899874299765,0.9956974387168884
1.0019062757492065,-0.0019156098132953048,0.008496883325278759,0.0027922047302126884,0.9955413341522217,-0.09746463596820831,-0.005775703117251396,0.09531913697719574,0.9872309565544128
0.9956305623054504,0.011962195858359337,-0.09503916651010513,-0.013290030881762505,1.001465916633606,-0.011992113664746284,0.09428291022777557,0.015860434621572495,0.9897047877311707
0.9960418343544006,0.0005265126819722354,0.09045472741127014,-0.004580651875585318,1.0005369186401367,0.03437984362244606,-0.08855406939983368,-0.03739836439490318,0.9913023114204407
0.996147871017456,-0.0034804102033376694,0.08648867160081863,-1.0753542483143974e-05,0.9983482956886292,0.04345618560910225,-0.08480475842952728,-0.046140510588884354,0.9928793907165527
0.9971567392349243,0.007477841805666685,0.05693107470870018,-0.010638865642249584,0.9964604377746582,0.07796626538038254,-0.054905571043491364,-0.07895579189062119,0.9944218397140503
0.9974466562271118,0.006590754725039005,0.0609171986579895,-0.01058641355484724,0.996772289276123,0.07528389245271683,-0.06010710448026657,-0.07506512105464935,0.9947564005851746
0.997614324092865,0.0063528455793857574,0.06409446150064468,-0.011259864084422588,0.9972174763679504,0.07296042889356613,-0.06339550763368607,-0.07218668609857559,0.9947934150695801
0.9973442554473877,0.006544039584696293,0.06968694180250168,-0.011545947752892971,0.9976606369018555,0.06814096122980118,-0.06859863549470901,-0.06730197370052338,0.9947983026504517
0.9969708919525146,0.006460706237703562,-0.07559265941381454,-0.011410944163799286,0.998065710067749,-0.0621277317404747,0.07402759790420532,0.06127666309475899,0.9948288798332214
0.9965490102767944,0.006019759923219681,-0.0815017893910408,-0.010669284500181675,0.9985190629959106,-0.05482467636466026,0.07952121645212173,0.05405868962407112,0.9948077201843262
0.9962612986564636,0.007149504963308573,-0.086509570479393,-0.011216981336474419,0.9989297986030579,-0.04675149917602539,0.08414044231176376,0.04620164632797241,0.9947044849395752
0.9961179494857788,-0.007252570241689682,-0.09036851674318314,0.010658890008926392,0.9992583394050598,0.038690418004989624,0.08791635930538177,-0.03827548027038574,0.9944657683372498
0.9958509802818298,-0.009025635197758675,-0.09416563808917999,0.011375121772289276,0.9995860457420349,0.026636872440576553,0.09217245131731033,-0.0266462080180645,0.9942976832389832
0.9995523691177368,0.018239106982946396,-0.02517944760620594,-0.020514095202088356,0.9958445429801941,-0.0925869271159172,0.023583875969052315,0.09195969998836517,0.9945788383483887
0.9954721927642822,0.007618429604917765,0.09714123606681824,-0.007475519552826881,0.9999511241912842,-0.00030607334338128567,-0.09666570276021957,0.0005631092935800552,0.9949253797531128
0.9954734444618225,0.009705030359327793,0.09610570967197418,-0.00892095360904932,0.9998811483383179,-0.009793272241950035,-0.09546937048435211,0.010573342442512512,0.9949111342430115
1.0013469457626343,-0.0014225278282538056,0.0169927179813385,0.0034078045282512903,0.9954675436019897,-0.09736993163824081,-0.014654884114861488,0.09420830756425858,0.9868913292884827
1.0016218423843384,-0.0014732114505022764,0.012274838984012604,0.002349760150536895,0.9955137372016907,-0.09710542857646942,-0.011424751952290535,0.09505976736545563,0.9897156357765198
0.9955160617828369,0.0046106427907943726,0.09376515448093414,-0.006660713814198971,1.001013159751892,0.02350410260260105,-0.09219029545783997,-0.026511970907449722,0.9911969900131226
0.9954453706741333,0.00437635462731123,0.08950581401586533,-0.0068030706606805325,0.9987736344337463,0.03490297123789787,-0.08825124055147171,-0.038730114698410034,0.9926658272743225
0.9972062110900879,0.007687579840421677,-0.049659065902233124,-0.010622081346809864,0.9958289861679077,-0.08194900304079056,0.04812776297330856,0.08330299705266953,0.9940029382705688
0.99781334400177,0.008337740786373615,-0.05509504675865173,-0.012779279612004757,0.9966264367103577,-0.07845818251371384,0.055094990879297256,0.07876379787921906,0.9944655299186707
0.9978997111320496,0.0061719282530248165,-0.059400856494903564,-0.011026979424059391,0.9970142245292664,-0.07570957392454147,0.05961623787879944,0.07557976990938187,0.9946600198745728
0.9977743625640869,0.006386096123605967,0.06406670808792114,-0.011559383012354374,0.9972612857818604,0.0721249133348465,-0.06395227462053299,-0.07179804146289825,0.9947748780250549
0.9973940849304199,0.006615040358155966,-0.0699080303311348,-0.011913754977285862,0.9976776242256165,-0.06707967072725296,0.06919581443071365,0.06667637825012207,0.9947906136512756
0.9967984557151794,0.006397154647856951,-0.07764966785907745,-0.011463538743555546,0.9982495903968811,-0.05873675271868706,0.07637764513492584,0.05835769325494766,0.9948226809501648
0.9961491823196411,0.005759647581726313,-0.08551602810621262,-0.010175489820539951,0.9988837242126465,-0.04750801622867584,0.08379698544740677,0.047216255217790604,0.9948207139968872
0.995708703994751,-0.008024394512176514,-0.09062977880239487,0.01159259770065546,0.9993188381195068,0.03720945864915848,0.08845895528793335,-0.03730081394314766,0.9947943091392517
0.995539665222168,-0.0069247144274413586,-0.09403131157159805,0.009731706231832504,0.9995744824409485,0.028669966384768486,0.09165047109127045,-0.02872111089527607,0.9946938157081604
0.9954989552497864,-0.008998668752610683,-0.09654686599969864,0.010766267776489258,0.9997805953025818,0.017481856048107147,0.09412144869565964,-0.01767209731042385,0.9944201111793518
0.9957253932952881,-0.012163440696895123,0.09608373045921326,0.013525174930691719,0.9998157024383545,-0.015426235273480415,-0.09444864839315414,0.01596711575984955,0.994166910648346
0.9956940412521362,0.00944942981004715,0.0965234637260437,-0.008465088903903961,0.9998958706855774,-0.010186118073761463,-0.09599278122186661,0.010024474002420902,0.9943304061889648
0.9956987500190735,0.01070982776582241,0.09506303817033768,-0.009138899855315685,0.999819815158844,-0.015826324000954628,-0.09497193992137909,0.015953414142131805,0.9946064949035645
1.0010333061218262,-0.0008763586520217359,0.026587238535284996,0.003535134717822075,0.9957388043403625,-0.09517387300729752,-0.024715492501854897,0.09251163899898529,0.9902029037475586
1.0010323524475098,-0.0010924554662778974,0.02224191650748253,0.002861561020836234,0.9955803155899048,-0.09496984630823135,-0.022687779739499092,0.09305591136217117,0.9914156198501587
1.0000927448272705,-0.008578528650105,0.012933668680489063,0.010429298505187035,0.9957147240638733,-0.09507420659065247,-0.008565997704863548,0.09527374804019928,0.9925919771194458
0.9982885122299194,-0.010975483804941177,0.027128394693136215,0.012157398276031017,0.9956274628639221,-0.09103681892156601,-0.024539215490221977,0.09274408221244812,0.9933757781982422
0.9984455704689026,0.008832275867462158,-0.04552379623055458,-0.012535685673356056,0.995969831943512,-0.08313467353582382,0.04593602195382118,0.08442198485136032,0.9937820434570312
0.9984527826309204,0.00922222901135683,-0.05389780178666115,-0.013904839754104614,0.9967008829116821,-0.07823136448860168,0.054383695125579834,0.07913389801979065,0.9940994381904602
0.9982748031616211,0.006973548326641321,-0.059117428958415985,-0.011934553273022175,0.9970377683639526,-0.07503341883420944,0.05950196459889412,0.0755254328250885,0.9944199919700623
0.9979528188705444,0.006024655885994434,-0.06397893279790878,-0.011186216957867146,0.9973199367523193,-0.07148284465074539,0.0640130564570427,0.07177724689245224,0.9945976734161377
0.9974194169044495,0.005745701491832733,-0.0705130323767662,-0.011012458242475986,0.9977254271507263,-0.06570404022932053,0.07002875208854675,0.06590760499238968,0.994714617729187
0.9967894554138184,0.005188657436519861,-0.07791014015674591,-0.01024451944977045,0.9982710480690002,-0.057656072080135345,0.07690586149692535,0.057766254991292953,0.9947987198829651
0.9960325360298157,0.004424918442964554,-0.08651784807443619,-0.008731882087886333,0.9989855289459229,-0.044827651232481,0.08513394743204117,0.04492151364684105,0.9948240518569946
0.9955390095710754,-0.006910604890435934,-0.0917692482471466,0.010240570642054081,0.9994403719902039,0.03336148336529732,0.08996772021055222,-0.03379252552986145,0.9948393702507019
0.9952678680419922,-0.006135393399745226,-0.09507108479738235,0.008628230541944504,0.999683141708374,0.024011505767703056,0.09303611516952515,-0.024374239146709442,0.9948045015335083
0.9951621890068054,-0.004907906986773014,-0.09754524379968643,0.006405299063771963,0.9998219609260559,0.013082828372716904,0.09518406540155411,-0.013210228644311428,0.9945918917655945
0.9954041242599487,-0.010103210806846619,-0.0975017100572586,0.011016668751835823,0.9997888207435608,0.009243560023605824,0.09516841918230057,-0.009635108523070812,0.994248628616333
0.9956957697868347,-0.011520910076797009,0.09667638689279556,0.012164836749434471,0.999919056892395,-0.00902335625141859,-0.0954795554280281,0.009576769545674324,0.9940465092658997
0.9960282444953918,0.012144271284341812,0.09309341013431549,-0.009853746742010117,0.9996239542961121,-0.024550113826990128,-0.09302224963903427,0.024253034964203835,0.9942048788070679
0.9959920048713684,0.012710269540548325,0.0918494388461113,-0.010350247845053673,0.9996396899223328,-0.02509607933461666,-0.09247011691331863,0.02553749643266201,0.9940140247344971
1.000373125076294,-0.0006220682989805937,-0.037211958318948746,0.004857022315263748,0.9959869384765625,0.0920337364077568,0.034091487526893616,-0.08948423713445663,0.9905797839164734
1.0005502700805664,-0.0006887742783874273,-0.03392203152179718,0.0037213361356407404,0.99577796459198,0.0924685075879097,0.03318854421377182,-0.09002047032117844,0.9917716979980469
1.000186562538147,-0.012125116772949696,0.02460256591439247,0.01025171484798193,0.9957687258720398,0.09325361251831055,-0.027846112847328186,-0.09150771051645279,0.9928967952728271
0.9993089437484741,-0.010675025172531605,-0.009333587251603603,0.010457406751811504,0.9955369830131531,-0.09514836221933365,0.012703882530331612,0.09496498107910156,0.9933791756629944
0.9986869692802429,-0.012017615139484406,0.007797048427164555,0.01233887579292059,0.9957260489463806,-0.09432941675186157,-0.005964255891740322,0.09534429758787155,0.9935141205787659
0.9993215799331665,0.010035970248281956,-0.040396809577941895,-0.01316192839294672,0.9960200190544128,-0.08532482385635376,0.04031569883227348,0.08677885681390762,0.9936292171478271
0.9987199306488037,0.009458519518375397,-0.05481132119894028,-0.013969127088785172,0.9968210458755493,-0.07726139575242996,0.05491034314036369,0.0784917026758194,0.9939889311790466
0.9982805848121643,0.007248579524457455,-0.06130838021636009,-0.012022718787193298,0.9972432255744934,-0.07292407751083374,0.06137486919760704,0.07383539527654648,0.9943170547485352
0.9978474378585815,-0.0057355063036084175,0.06715518981218338,0.010653502307832241,0.9975833892822266,-0.0681944265961647,-0.06703399121761322,0.0688939169049263,0.9944958090782166
0.9973324537277222,0.004861107561737299,-0.07300154864788055,-0.009836554527282715,0.9979619979858398,-0.06254619359970093,0.07260195165872574,0.06316883862018585,0.9946451187133789
0.9966241717338562,0.003264949657022953,-0.08069035410881042,-0.007990697398781776,0.9985314607620239,-0.053232576698064804,0.08001367747783661,0.053652290254831314,0.994770348072052
0.995734691619873,-0.003170247422531247,-0.0900171548128128,0.00678724329918623,0.9993343949317932,0.036451321095228195,0.08901723474264145,-0.03688684478402138,0.9948294162750244
0.995315670967102,-0.005046369973570108,-0.0942470133304596,0.0075972857885062695,0.9996852874755859,0.024578897282481194,0.09291832149028778,-0.02523336000740528,0.994869589805603
0.9950875043869019,-0.005421442445367575,-0.09650593250989914,0.007111182902008295,0.9998403191566467,0.015479269437491894,0.09489493817090988,-0.016107453033328056,0.9948511123657227
0.9949411153793335,-0.0051955957897007465,-0.09797719866037369,0.006032076198607683,0.9998580813407898,0.005967394914478064,0.09602442383766174,-0.006430619861930609,0.9947423338890076
0.9951656460762024,-0.005538996774703264,-0.09836780279874802,0.005912233609706163,0.999847948551178,0.0015697241760790348,0.09600664675235748,-0.0016126787522807717,0.9943623542785645
0.9955574870109558,-0.010004686191678047,-0.09758573770523071,0.010309051722288132,0.9999352097511292,0.004462576936930418,0.0957668349146843,-0.004841241054236889,0.9940423965454102
0.9964334964752197,0.013556858524680138,0.09002500772476196,-0.010644564405083656,0.9993095397949219,-0.034386057406663895,-0.08978689461946487,0.03382639214396477,0.9938563704490662
0.9964861869812012,0.013872267678380013,0.08864369243383408,-0.010814509354531765,0.9993756413459778,-0.0346982404589653,-0.08933259546756744,0.03461870178580284,0.9936439394950867
0.9962396025657654,0.014721846207976341,0.08670911937952042,-0.012023499235510826,0.9993528127670288,-0.03571616858243942,-0.08673150092363358,0.03633542358875275,0.9916890263557434
0.999239981174469,-0.0005853923503309488,-0.044777192175388336,0.004859097767621279,0.9954339861869812,0.08966325968503952,0.043984029442071915,-0.08436790853738785,0.9882063865661621
1.0001248121261597,-3.337342423037626e-05,-0.04152209311723709,0.0039665065705776215,0.995995819568634,0.09009406715631485,0.03972839564085007,-0.08730202913284302,0.992040753364563
0.997329592704773,0.0025597140192985535,-0.08083499222993851,0.002718745032325387,0.9986397624015808,0.05557642877101898,0.07969050854444504,-0.05359892174601555,0.9929261207580566
0.9992045164108276,-0.008832075633108616,-0.04593546688556671,0.0053789447993040085,0.9963304400444031,-0.08504544198513031,0.047971460968256,0.08331825584173203,0.9933498501777649
0.9984855651855469,-0.014397026039659977,-0.04057244956493378,0.011854907497763634,0.9962366819381714,-0.0861394926905632,0.0430205836892128,0.08517903089523315,0.9936875700950623
0.9990354776382446,-0.014133036136627197,-0.0313943475484848,0.01142511423677206,0.9961240291595459,-0.08928900212049484,0.03309394046664238,0.08948119729757309,0.9937452077865601
0.9992440342903137,-0.010219750925898552,-0.04303690418601036,0.013556882739067078,0.9962910413742065,0.08436691761016846,0.042524389922618866,-0.0855841413140297,0.9938734769821167
0.9981258511543274,0.008414896205067635,-0.06470872461795807,-0.013081341981887817,0.9974583387374878,-0.06958481669425964,0.06458833068609238,0.07074788957834244,0.9941088557243347
0.9975943565368652,-0.006139632314443588,-0.07141111046075821,0.010869660414755344,0.9979510307312012,0.06339076161384583,0.07135340571403503,-0.06429360806941986,0.994335412979126
0.9972251653671265,-0.004319049417972565,-0.07554689049720764,0.008986840024590492,0.9982298016548157,0.059023622423410416,0.07539685815572739,-0.059754181653261185,0.9944688677787781
0.9968424439430237,0.0029957336373627186,-0.07954082638025284,-0.007553341798484325,0.9985276460647583,-0.054120663553476334,0.07924889028072357,0.05477095767855644,0.994592547416687
0.9963069558143616,0.0010879236506298184,-0.08512265235185623,-0.005275333765894175,0.9989550709724426,-0.04568985849618912,0.08468559384346008,0.04614224284887314,0.9946911334991455
0.9955430030822754,-0.0019649816676974297,-0.09284205734729767,0.004813259467482567,0.9996215105056763,0.027929704636335373,0.09215276688337326,-0.02848910726606846,0.9947638511657715
0.9952777624130249,-0.0037868330255150795,-0.09541923552751541,0.0057726758532226086,0.9998003244400024,0.01864459738135338,0.09443049132823944,-0.019360311329364777,0.994829535484314
0.9951078295707703,-0.004967971704900265,-0.0969635546207428,0.006126221735030413,0.9998946189880371,0.010112419724464417,0.09571167081594467,-0.010856280103325844,0.9948369860649109
0.9949467778205872,-0.004792673513293266,-0.09787686169147491,0.005259071011096239,0.9998842477798462,0.0018642923096194863,0.09628307074308395,-0.002367088571190834,0.9947335124015808
0.9950041770935059,-0.006023619323968887,-0.09811863303184509,0.005810117349028587,0.999856173992157,-0.004577974323183298,0.09603596478700638,0.004264704883098602,0.994448721408844
0.9953181743621826,-0.010360853746533394,-0.09780804812908173,0.010334016755223274,0.9997550845146179,0.000871144759003073,0.09569370001554489,-0.0010804247576743364,0.9940360188484192
0.9957036972045898,-0.011588620021939278,-0.09688463807106018,0.010933829471468925,0.9998895525932312,-0.003011026419699192,0.09575901925563812,0.0027703330852091312,0.9935945272445679
0.9968891739845276,0.014885609969496727,0.0851021334528923,-0.01118516270071268,0.9990937113761902,-0.04304827004671097,-0.08575329929590225,0.04256633669137955,0.9933741688728333
0.9969161748886108,0.015773596242070198,0.08204878866672516,-0.012172414921224117,0.9991604089736938,-0.04549310728907585,-0.08353852480649948,0.045537251979112625,0.9926590323448181
0.9992907643318176,5.110515849082731e-05,-0.0495300255715847,0.004895363934338093,0.9964333772659302,0.08614085614681244,0.04700271040201187,-0.08359973877668381,0.9926004409790039
0.9981518387794495,0.0006787329912185669,-0.07008076459169388,0.004774025641381741,0.9976223111152649,0.06944236904382706,0.0683073103427887,-0.06746901571750641,0.9933121204376221
0.9987971782684326,-0.008624888025224209,-0.058223169296979904,0.004089644644409418,0.9968936443328857,-0.07812163978815079,0.0588904432952404,0.07582948356866837,0.9935811758041382
0.99831622838974,-0.009435398504137993,-0.05695310980081558,0.005793728865683079,0.9967990517616272,-0.07777537405490875,0.05848240852355957,0.07631523162126541,0.9936192631721497
0.998067319393158,-0.01496948953717947,-0.05550099536776543,0.011488720774650574,0.9968603253364563,-0.07726156711578369,0.05731993541121483,0.07632828503847122,0.9938602447509766
0.9982365369796753,-0.015107164159417152,-0.05506812036037445,0.011012716218829155,0.9971033334732056,-0.07719298452138901,0.05653611198067665,0.07690010964870453,0.9939542412757874
0.9968675374984741,-0.014095062389969826,0.07772091776132584,0.00995646882802248,0.9986077547073364,0.05452980473637581,-0.07893106341362,-0.0540148951113224,0.9940463900566101
0.9968173503875732,0.008605387061834335,-0.08071456849575043,-0.012868091464042664,0.998656153678894,-0.05047591030597687,0.08071146160364151,0.05168236792087555,0.9942097067832947
0.9965745210647583,0.005751911085098982,-0.08324334770441055,-0.00985640101134777,0.9988736510276794,-0.0471525564789772,0.08324997127056122,0.048050303012132645,0.9943505525588989
0.9964584708213806,0.0035446477122604847,-0.08442888408899307,-0.007561780977994204,0.9989722371101379,-0.04573124274611473,0.08434085547924042,0.04644864797592163,0.9944534301757812
0.9962899684906006,0.0018600610783323646,-0.08589859306812286,-0.0057616946287453175,0.9990876317024231,-0.04350204020738602,0.08570478856563568,0.044115033000707626,0.9945514798164368
0.9959380030632019,4.198012175038457e-05,-0.08914405852556229,-0.0035448526032269,0.9993403553962708,-0.037152957171201706,0.08881685882806778,0.037596579641103745,0.9946234226226807
0.9953851699829102,-0.0006782033597119153,-0.09449275583028793,0.002857043407857418,0.9997712969779968,0.021319303661584854,0.09396898001432419,-0.02184419147670269,0.9946888089179993
0.9952211976051331,-0.0023287388030439615,-0.09607401490211487,0.0038283951580524445,0.9998522996902466,0.014269852079451084,0.0952906683087349,-0.014891603961586952,0.9947642087936401
0.9951002597808838,-0.0037899729795753956,-0.09714312106370926,0.004535579588264227,0.9999100565910339,0.0064360396936535835,0.09613346308469772,-0.007074884604662657,0.9947741031646729
0.9949859976768494,-0.004125656094402075,-0.0976688414812088,0.004219390917569399,0.9999034404754639,-0.001050304272212088,0.09633586555719376,0.0005979866837151349,0.9946455359458923
0.9949824810028076,-0.005593385547399521,-0.09759313613176346,0.004971262998878956,0.9998155236244202,-0.00893726758658886,0.09588166326284409,0.008639099076390266,0.994363009929657
0.9952363967895508,-0.004742870572954416,0.09813304245471954,0.004754846449941397,0.9997323751449585,0.0018258023774251342,-0.096126027405262,-0.00238876068033278,0.99388188123703
0.9956315755844116,-0.012801113538444042,-0.0967082679271698,0.011760283261537552,1.0000340938568115,-0.006984836887568235,0.09534583240747452,0.0065332804806530476,0.9934252500534058
0.9977144598960876,0.016983885318040848,-0.0753796175122261,-0.012554984539747238,0.9983130693435669,0.058328136801719666,0.07620380073785782,-0.0574379488825798,0.9931837320327759
0.9977378845214844,0.017185399308800697,-0.07377389073371887,-0.012878317385911942,0.9984672665596008,0.057969849556684494,0.07588928192853928,-0.05742216482758522,0.9927116632461548
0.9989405274391174,0.0012556745205074549,0.05510180816054344,0.0035376534797251225,0.9966244697570801,-0.08241724967956543,-0.05346053093671799,0.07997963577508926,0.9936839938163757
0.9984153509140015,0.0015190523117780685,-0.0634375736117363,0.003428282216191292,0.9971335530281067,0.07502095401287079,0.062421105802059174,-0.07315687835216522,0.994136393070221
0.9980213046073914,-0.009072007611393929,-0.06648816168308258,0.004768820945173502,0.9973118901252747,-0.07091405242681503,0.06677812337875366,0.06886972486972809,0.9939910173416138
0.9977114796638489,-0.013790369965136051,0.066693514585495,0.01002341415733099,0.9973548054695129,0.06912131607532501,-0.06780126690864563,-0.06736089289188385,0.9939783811569214
0.9975232481956482,-0.014566157944500446,0.06807229667901993,0.010457807220518589,0.9977136254310608,0.06680846214294434,-0.06917127966880798,-0.06585608422756195,0.9940064549446106
0.9973539113998413,-0.014579704962670803,0.07164853811264038,0.010293434374034405,0.9980692267417908,0.06264752149581909,-0.07274135202169418,-0.061994411051273346,0.9940351843833923
0.9966726899147034,-0.013348040170967579,-0.08094567805528641,0.009382994845509529,0.9988110065460205,-0.05016447603702545,0.08194759488105774,0.04946061223745346,0.9941386580467224
0.995490550994873,-0.01038587000221014,-0.09458216279745102,0.009310037828981876,0.9999640583992004,-0.012812819331884384,0.09517485648393631,0.01185463648289442,0.9942516088485718
0.9954857230186462,-0.006451428402215242,-0.09481620043516159,0.007888754829764366,0.9999369382858276,0.013797391206026077,0.09504764527082443,-0.014637548476457596,0.9943384528160095
0.9957090020179749,-0.0032671596854925156,-0.09233123809099197,0.005814134608954191,0.9996790885925293,0.026703018695116043,0.092387855052948,-0.027364598587155342,0.9944239258766174
0.9957291483879089,-0.0011563230073079467,-0.09183946251869202,0.0038818141911178827,0.9996200203895569,0.029038339853286743,0.09179332852363586,-0.02955685742199421,0.9945128560066223
0.9955992102622986,0.0006861769361421466,-0.09278682619333267,0.0018701491644605994,0.9996705651283264,0.026604829356074333,0.09262757003307343,-0.026958158239722252,0.994569718837738
0.9953560829162598,0.00033108764910139143,-0.09503758698701859,0.0015134402783587575,0.9998084902763367,0.018232222646474838,0.09468825906515121,-0.01862267032265663,0.9946339726448059
0.9952490925788879,0.00021034521341789514,-0.09613747894763947,0.0011521916603669524,0.9998447895050049,0.013146493583917618,0.09555269032716751,-0.013426749967038631,0.9947006702423096
0.9951386451721191,-0.001767752575688064,-0.09707813709974289,0.0023721836041659117,0.9998928904533386,0.005567288026213646,0.09626324474811554,-0.005868465173989534,0.9946805238723755
0.99505215883255,-0.002969736233353615,-0.09743424504995346,0.002900197170674801,0.9998984336853027,-0.0013824489433318377,0.09636924415826797,0.0011683425400406122,0.9945031404495239
0.9950177073478699,-0.004737765062600374,-0.09684707969427109,0.003653298132121563,0.9997769594192505,-0.012959453277289867,0.09543106704950333,0.012819565832614899,0.9941390156745911
0.9951073527336121,-0.00429799547418952,-0.09755411744117737,0.0037030379753559828,0.9996080994606018,-0.009171203710138798,0.09576469659805298,0.009738180786371231,0.993661105632782
0.9957268238067627,-0.013072269968688488,-0.09574093669652939,0.011123212985694408,0.9999127984046936,-0.015193333849310875,0.09452202916145325,0.014727489091455936,0.9932260513305664
0.9983463287353516,0.018432237207889557,0.06711334735155106,-0.013892089948058128,0.9977139830589294,-0.06741877645254135,-0.06830872595310211,0.06629343330860138,0.992999792098999
0.9983993768692017,0.018511025235056877,0.06537794321775436,-0.013993613421916962,0.9978827834129333,-0.0671360120177269,-0.06811105459928513,0.06628260016441345,0.9925339221954346
0.9982725977897644,0.0027354478370398283,0.06175446882843971,0.002282123314216733,0.9967107772827148,-0.07830742746591568,-0.05976216122508049,0.07496269047260284,0.9943875074386597
0.9983547329902649,0.0028029659297317266,0.06150278449058533,0.0020660841837525368,0.9969626665115356,-0.07719589024782181,-0.0604262538254261,0.0749717578291893,0.9944976568222046
0.9986297488212585,0.006855718791484833,-0.05598150193691254,-0.0024480989668518305,0.9966852068901062,0.080328069627285,0.05583098903298378,-0.07827312499284744,0.9947211742401123
0.9973577260971069,-0.013921733014285564,0.07340821623802185,0.009675707668066025,0.9977272152900696,0.06306753307580948,-0.073392353951931,-0.06093490123748779,0.9945610165596008
0.9973030686378479,-0.014394458383321762,0.07449910789728165,0.010348417796194553,0.9979455471038818,0.06073250621557236,-0.07498063892126083,-0.05916303023695946,0.9942662715911865
0.9970450401306152,-0.014401359483599663,-0.0760836973786354,0.010318899527192116,0.998286783695221,-0.05797828361392021,0.07669326663017273,0.05692092329263687,0.9941569566726685
0.9968618154525757,-0.013660294935107231,-0.07922070473432541,0.009561825543642044,0.9986355304718018,-0.05341285094618797,0.07997316867113113,0.052550941705703735,0.9941323399543762
0.9966158866882324,-0.012186960317194462,-0.08216208219528198,0.008267796598374844,0.9988834857940674,-0.04884665086865425,0.08293343335390091,0.04811658710241318,0.9942249059677124
0.9959600567817688,-0.009569979272782803,-0.08968056738376617,0.006621644366532564,0.9994986653327942,-0.03362410515546799,0.09027525782585144,0.03293290734291077,0.9942869544029236
0.9954512715339661,-0.00595830800011754,-0.09523198008537292,0.004843841772526503,0.9999592304229736,-0.012381619773805141,0.09556309878826141,0.011793022975325584,0.9943299293518066
0.995372474193573,-0.0032207397744059563,-0.09609880298376083,0.003700939007103443,1.0000224113464355,0.0045896973460912704,0.09628091752529144,-0.005116590298712254,0.9944051504135132
0.9954213500022888,-0.0009274284238927066,-0.09545674920082092,0.00221305713057518,0.9999487996101379,0.01311409566551447,0.09550657868385315,-0.013507019728422165,0.9944950342178345
0.9953831434249878,0.0005222414038144052,-0.09548817574977875,0.0008778233313933015,0.9999122023582458,0.014010672457516193,0.09539736807346344,-0.014290145598351955,0.994542121887207
0.995279848575592,-0.00025394762633368373,-0.0962248295545578,0.0012666124384850264,0.9999083876609802,0.009666018187999725,0.09597506374120712,-0.010000081732869148,0.9945876598358154
0.9952347278594971,0.00030448875622823834,-0.09657585620880127,0.0005802136147394776,0.9998573660850525,0.008302814327180386,0.0961368978023529,-0.008406047709286213,0.9946174621582031
0.9951877593994141,-0.0018707240233197808,-0.0970660150051117,0.0016539766220375896,0.9998584389686584,-0.002676308387890458,0.09641610831022263,0.002565058646723628,0.9945623278617859
0.9952348470687866,-0.0037411933299154043,-0.0965048223733902,0.002596241421997547,0.9997415542602539,-0.011419128626585007,0.095672108232975,0.0113420644775033,0.9943398833274841
0.9955529570579529,-0.005345975048840046,-0.09194320440292358,0.0024208559188991785,0.9990711808204651,-0.0316469632089138,0.09088003635406494,0.03170618414878845,0.9938953518867493
0.995282769203186,-0.004950985312461853,-0.09286755323410034,0.0023317281156778336,0.999190628528595,-0.029982449486851692,0.09136828035116196,0.03036496229469776,0.9934965968132019
0.9997091889381409,0.005821472965180874,0.037550028413534164,-0.002586731221526861,0.9959288835525513,-0.09023983776569366,-0.03603249415755272,0.08889561891555786,0.9932877421379089
0.9991815090179443,0.018879462033510208,0.05491625517606735,-0.014634943567216396,0.9969858527183533,-0.07752788811922073,-0.05657949671149254,0.07633095234632492,0.9927202463150024
0.999210000038147,0.018900517374277115,0.053030215203762054,-0.014512963593006134,0.9972280859947205,-0.07735743373632431,-0.05634413659572601,0.0763387531042099,0.9920157194137573
0.9978268146514893,0.003998247440904379,0.06600402295589447,0.001037388457916677,0.9971522688865662,-0.07356060296297073,-0.06478611379861832,0.07108397781848907,0.9953261613845825
0.9978992342948914,0.003778022015467286,0.06576995551586151,0.001107990276068449,0.9972029328346252,-0.07300939410924911,-0.06500793248414993,0.07107438892126083,0.9951885342597961
0.9966893792152405,-0.008558174595236778,-0.0821462944149971,0.004214164800941944,0.9984628558158875,-0.052805401384830475,0.08140799403190613,0.051099371165037155,0.9952018857002258
0.9967583417892456,-0.01264068391174078,-0.08109171688556671,0.008616698905825615,0.9984005093574524,-0.053071729838848114,0.08056087046861649,0.05146140977740288,0.9948593974113464
0.996830940246582,-0.012740022502839565,-0.08112654834985733,0.008723861537873745,0.9985584020614624,-0.05215669050812721,0.0811040997505188,0.05087664723396301,0.9944671988487244
0.9966415166854858,-0.012829306535422802,-0.0822642371058464,0.008922269567847252,0.9987724423408508,-0.049607716500759125,0.08246897906064987,0.048542577773332596,0.9943328499794006
0.9964589476585388,-0.012194708921015263,-0.08442666381597519,0.008439595811069012,0.9990115761756897,-0.045540280640125275,0.0848197340965271,0.04461975023150444,0.9942564368247986
0.996349036693573,-0.010348381474614143,-0.08576946705579758,0.006730399560183287,0.9991292953491211,-0.043056733906269073,0.0862322449684143,0.042335204780101776,0.9942663311958313
0.9959333539009094,-0.007899737916886806,-0.09031973034143448,0.005013556219637394,0.9995211362838745,-0.0327850803732872,0.0907023698091507,0.03217325732111931,0.9942994713783264
0.995502233505249,-0.0043595763854682446,-0.09504701942205429,0.0029822399374097586,0.9999356865882874,-0.015220139175653458,0.09523337334394455,0.01479282695800066,0.9943311810493469
0.9953699707984924,-0.0019489357946440578,-0.09634564816951752,0.0019179547671228647,1.0000522136688232,-0.0008891539764590561,0.09647098183631897,0.0005663785268552601,0.9943767786026001
0.9953859448432922,0.00024330164887942374,-0.09609523415565491,0.0006056952988728881,0.9999852180480957,0.008233238011598587,0.09614288806915283,-0.008405539207160473,0.9944412112236023
0.9954352974891663,0.0016630273312330246,-0.09533059597015381,-0.00013973237946629524,0.9998682141304016,0.015368022955954075,0.09525831788778305,-0.015405120328068733,0.9944818019866943
0.9953932762145996,0.0014707559021189809,-0.095551036298275,3.127627860521898e-05,0.9997965097427368,0.01494333241134882,0.09535357356071472,-0.014927150681614876,0.9944958090782166
0.9953967928886414,0.0012537920847535133,-0.09534105658531189,0.0004040433850605041,0.9996658563613892,0.017169971019029617,0.09500177204608917,-0.016941262409090996,0.9944846630096436
0.9952149391174316,-0.0007238963735289872,-0.09697065502405167,0.0009621832286939025,0.999735414981842,0.0025967920664697886,0.0964416116476059,-0.0022250539623200893,0.9943889379501343
0.9953697919845581,-0.002899824408814311,-0.09598807245492935,0.0015242983354255557,0.9995149970054626,-0.014093499630689621,0.09527681767940521,0.014593236148357391,0.9941521286964417
0.996646523475647,-0.005260942969471216,-0.08070305734872818,0.0013984555844217539,0.9980415105819702,-0.053518153727054596,0.07960865646600723,0.054075948894023895,0.9937475323677063
0.9963609576225281,-0.006366641726344824,-0.08090150356292725,0.001767552923411131,0.9982079267501831,-0.05363313853740692,0.0795656219124794,0.05430617928504944,0.9933744072914124
0.9974291920661926,-0.004619463346898556,0.07834024727344513,-0.0005845140549354255,0.9983270168304443,0.05799984559416771,-0.07644235342741013,-0.05826401710510254,0.992992103099823
0.9999885559082031,0.01921243779361248,-0.0408315472304821,-0.01578744873404503,0.9963474869728088,0.08543932437896729,0.04331762343645096,-0.08432881534099579,0.9922571182250977
0.9998015761375427,0.019665386527776718,-0.03775428235530853,-0.015618989244103432,0.9964820742607117,0.08611200749874115,0.04180788993835449,-0.08476653695106506,0.9909621477127075
0.9972273111343384,0.005102349910885096,-0.0727791041135788,-0.0001917221088660881,0.9976144433021545,0.06581120938062668,0.0721769854426384,-0.06374625861644745,0.9959105849266052
0.9972455501556396,0.00491890124976635,-0.07283458858728409,-0.00011637018178589642,0.997706949710846,0.06533988565206528,0.07221339643001556,-0.06380472332239151,0.9957451820373535
