19.139399528503418,9.261000156402588,0.6173999905586243,0.9996799826622009,-0.005683790892362595,0.0347537137567997,0.003310402622446418,0.9982263445854187,0.06036734580993652,-0.0340893492102623,-0.06156325712800026,0.9944663047790527
20.374199867248535,9.261000156402588,0.6173999905586243,0.9994611144065857,-0.00566054368391633,0.04174201935529709,0.003253314644098282,0.9984045028686523,0.05616825819015503,-0.0415552519261837,-0.05727870762348175,0.9964982271194458
21.609000205993652,9.261000156402588,0.6173999905586243,0.99886155128479,-0.005498257931321859,-0.05040944740176201,0.0029616053216159344,0.9986283183097839,-0.04940802976489067,0.04998309165239334,0.05027683824300766,0.9976195693016052
22.84380054473877,9.261000156402588,0.6173999905586243,0.9983230233192444,-0.004368831869214773,0.057023294270038605,0.001872646389529109,0.9987802505493164,0.04304330423474312,-0.05616213008761406,-0.04384562745690346,0.998683750629425
24.07859992980957,9.261000156402588,0.6173999905586243,0.9979966878890991,-0.0030171123798936605,0.06284533441066742,0.0005958810797892511,0.9990118145942688,0.0359996072947979,-0.061821579933166504,-0.03637617453932762,1.0001592636108398
16.669800758361816,10.495800018310547,0.6173999905586243,1.000598430633545,-0.004903099965304136,-0.014448663219809532,0.0036007226444780827,0.9977531433105469,-0.06818850338459015,0.014680063351988792,0.06884079426527023,0.9934195876121521
17.904600143432617,10.495800018310547,0.6173999905586243,1.0002795457839966,-0.005691025871783495,0.026328936219215393,0.0037749395705759525,0.9978996515274048,0.06458818167448044,-0.02681271731853485,-0.06522393226623535,0.9956897497177124
19.139399528503418,10.495800018310547,0.6173999905586243,0.9991081953048706,0.0056527769193053246,-0.04943425580859184,-0.0029406268149614334,0.9987948536872864,0.0501648485660553,0.04909414425492287,-0.05044988915324211,0.996533215045929
20.374199867248535,10.495800018310547,0.6173999905586243,0.9987146258354187,0.01303278561681509,-0.05109217017889023,-0.01520032063126564,0.9985275268554688,-0.047068946063518524,0.04965946823358536,0.048351678997278214,0.9974849224090576
21.609000205993652,10.495800018310547,0.6173999905586243,0.9986205697059631,0.01386153046041727,-0.049569711089134216,-0.016015516594052315,0.9985179305076599,-0.04884034022688866,0.04828397184610367,0.04959573969244957,0.9978882074356079
22.84380054473877,10.495800018310547,0.6173999905586243,0.9986376166343689,-0.005361953750252724,0.049100715667009354,0.0029355594888329506,0.9985319972038269,0.05158470943570137,-0.0488661527633667,-0.05156097933650017,0.9981133341789246
24.07859992980957,10.495800018310547,0.6173999905586243,0.9985249638557434,0.016623925417661667,-0.04466290771961212,-0.019087642431259155,0.9983460307121277,-0.05334801599383354,0.043670207262039185,0.053304072469472885,0.9987044930458069
25.31339931488037,10.495800018310547,0.6173999905586243,0.9975246787071228,-0.0009313321206718683,0.06613195687532425,-0.0010558246867731214,0.9993552565574646,0.02999730594456196,-0.06474386900663376,-0.029628697782754898,0.9991864562034607
26.54819965362549,10.495800018310547,0.6173999905586243,0.9974135756492615,0.000923139275982976,0.06949588656425476,-0.0027094141114503145,0.999576210975647,0.023321958258748055,-0.06801365315914154,-0.022694747895002365,1.0004336833953857
15.4350004196167,11.730599880218506,0.6173999905586243,1.000770926475525,-0.0033956491388380527,-0.007277060765773058,0.0026716836728155613,0.9976727366447449,-0.06969313323497772,0.007830308750271797,0.07001788914203644,0.994286060333252
16.669800758361816,11.730599880218506,0.6173999905586243,1.000490665435791,-0.004511561710387468,-0.015808725729584694,0.0033369646407663822,0.9976944327354431,-0.06814008206129074,0.01575690694153309,0.06874162703752518,0.9957261681556702
17.904600143432617,11.730599880218506,0.6173999905586243,0.9986212849617004,-0.0020445329137146473,0.055781424045562744,-0.0007953170570544899,0.9991316795349121,0.04305562749505043,-0.055153749883174896,-0.04401159659028053,0.9967482686042786
19.139399528503418,11.730599880218506,0.6173999905586243,0.9984188675880432,0.01129508763551712,-0.05341882258653641,-0.013587549328804016,0.9986065626144409,-0.044857148081064224,0.051869794726371765,0.04608156532049179,0.9977892637252808
20.374199867248535,11.730599880218506,0.6173999905586243,0.9983645677566528,0.012206606566905975,-0.05248513072729111,-0.014263023622334003,0.998570442199707,-0.04628114029765129,0.05098825693130493,0.04679001495242119,0.9981427192687988
21.609000205993652,11.730599880218506,0.6173999905586243,0.9987480044364929,-0.00433613546192646,-0.05080926790833473,0.006458168383687735,0.9986492395401001,0.050082892179489136,0.04958244413137436,-0.04973620921373367,0.998005211353302
22.84380054473877,11.730599880218506,0.6173999905586243,0.9987190961837769,0.005260523874312639,-0.052716389298439026,-0.007391198538243771,0.9988324046134949,-0.048087239265441895,0.05161191523075104,0.04767436906695366,0.9980093836784363
24.07859992980957,11.730599880218506,0.6173999905586243,0.9989910125732422,-0.0028915833681821823,0.045151058584451675,0.000441645213868469,0.9984214305877686,0.05546479672193527,-0.044830333441495895,-0.05480271577835083,0.998176634311676
25.31339931488037,11.730599880218506,0.6173999905586243,0.9989684224128723,-0.005045648664236069,0.04118909686803818,0.002424376318231225,0.998166561126709,0.05836781859397888,-0.041270166635513306,-0.057886749505996704,0.9984444379806519
26.54819965362549,11.730599880218506,0.6173999905586243,0.9990506172180176,0.015667244791984558,-0.035141587257385254,-0.01834797114133835,0.9979015588760376,-0.06041598692536354,0.034504976123571396,0.05997944250702858,0.9988471269607544
27.782999992370605,11.730599880218506,0.6173999905586243,0.9971414804458618,0.002883099252358079,0.07102035731077194,-0.004080695100128651,0.9998656511306763,0.015361210331320763,-0.06955087929964066,-0.014996158890426159,0.9993897676467896
14.200200080871582,12.965399742126465,0.6173999905586243,1.0008039474487305,-0.002265232615172863,-0.0014340417692437768,0.0020006385166198015,0.9976334571838379,-0.07029318064451218,0.0017825805116444826,0.07032405585050583,0.9945845603942871
15.4350004196167,12.965399742126465,0.6173999905586243,0.9980513453483582,0.008366409689188004,-0.06325317174196243,-0.010763797909021378,0.9997798800468445,-0.028367945924401283,0.0630572959780693,0.03072393499314785,0.9959885478019714
16.669800758361816,12.965399742126465,0.6173999905586243,0.9981014728546143,-0.000719727948307991,0.06165045127272606,-0.001712597906589508,0.9996208548545837,0.03367427736520767,-0.061261799186468124,-0.0351996049284935,0.996816873550415
17.904600143432617,12.965399742126465,0.6173999905586243,0.9981030225753784,0.013097056187689304,-0.056697990745306015,-0.015057265758514404,0.9986807703971863,-0.03942609950900078,0.05561986193060875,0.04124712571501732,0.9982070326805115
19.139399528503418,12.965399742126465,0.6173999905586243,0.9987149238586426,0.003893301822245121,0.04535302147269249,-0.005932876840233803,0.9981449246406555,0.05439358577132225,-0.04440032318234444,-0.05451861023902893,0.9985361695289612
20.374199867248535,12.965399742126465,0.6173999905586243,0.9987069964408875,0.004278004169464111,0.047481562942266464,-0.006612198892980814,0.9984309673309326,0.05310777574777603,-0.04677337780594826,-0.05246875062584877,0.9985582828521729
21.609000205993652,12.965399742126465,0.6173999905586243,0.9986146688461304,0.004739794414490461,0.0503900945186615,-0.007223607040941715,0.9987070560455322,0.0507081039249897,-0.04960175231099129,-0.04989665374159813,0.9983736872673035
22.84380054473877,12.965399742126465,0.6173999905586243,0.9985314607620239,0.005181835498660803,-0.053266189992427826,-0.007612443063408136,0.9989324808120728,-0.0477287657558918,0.05236412212252617,0.046983152627944946,0.9982321262359619
24.07859992980957,12.965399742126465,0.6173999905586243,0.9984888434410095,0.004843993578106165,-0.056660864502191544,-0.007123237941414118,0.9991726875305176,-0.04348484054207802,0.05574481189250946,0.04297542944550514,0.9981070756912231
25.31339931488037,12.965399742126465,0.6173999905586243,0.9983448386192322,0.006286238320171833,-0.06003604829311371,-0.008398115634918213,0.9993683099746704,-0.037957724183797836,0.059261683374643326,0.037862807512283325,0.9980685114860535
26.54819965362549,12.965399742126465,0.6173999905586243,0.9994795918464661,-0.0014591789804399014,0.03424420207738876,-0.0008765535312704742,0.9979216456413269,0.062456145882606506,-0.034188639372587204,-0.062144920229911804,0.9982130527496338
27.782999992370605,12.965399742126465,0.6173999905586243,0.9996259808540344,-0.004414495546370745,0.02676457352936268,0.0023085270076990128,0.9974761009216309,0.06608178466558456,-0.02686021290719509,-0.0660126805305481,0.9985772967338562
29.017800331115723,12.965399742126465,0.6173999905586243,0.9971407055854797,0.00450266944244504,0.07169432938098907,-0.005130444653332233,0.9998999834060669,0.008037854917347431,-0.07048673182725906,-0.008036056533455849,0.9991109371185303
30.25260066986084,12.965399742126465,0.6173999905586243,0.9974309802055359,0.005089218262583017,0.0722789466381073,-0.0055962614715099335,0.9999341368675232,0.00568893039599061,-0.07165217399597168,-0.005382027942687273,1.0006157159805298
12.965399742126465,14.200200080871582,0.6173999905586243,1.000719428062439,-0.0007440008921548724,0.004509890452027321,0.0010362135944887996,0.9975991249084473,-0.07036858797073364,-0.004435580689460039,0.07025621086359024,0.9947711229324341
14.200200080871582,14.200200080871582,0.6173999905586243,0.9976015090942383,0.009598229080438614,-0.06878577917814255,-0.01032810378819704,1.0003435611724854,-0.009087483398616314,0.06911038607358932,0.011335204355418682,0.9959489107131958
15.4350004196167,14.200200080871582,0.6173999905586243,0.9978579878807068,0.0017755443695932627,0.06504974514245987,-0.00362032582052052,0.9999690055847168,0.02578740008175373,-0.0650029331445694,-0.02783181704580784,0.996648907661438
16.669800758361816,14.200200080871582,0.6173999905586243,0.9979045391082764,-0.0014676976716145873,0.06198709458112717,-0.0004823989002034068,0.9991603493690491,0.0325605608522892,-0.061850596219301224,-0.03455527126789093,0.9978600144386292
17.904600143432617,14.200200080871582,0.6173999905586243,0.9987209439277649,0.006350697949528694,0.0402497835457325,-0.008333064615726471,0.9978846907615662,0.05738430097699165,-0.03967922553420067,-0.05777695029973984,0.998871922492981
19.139399528503418,14.200200080871582,0.6173999905586243,0.998747706413269,0.005667973309755325,0.0437152124941349,-0.008077692240476608,0.9981939196586609,0.05543731898069382,-0.04374363645911217,-0.055088747292757034,0.9988643527030945
20.374199867248535,14.200200080871582,0.6173999905586243,0.9987346529960632,0.00575995584949851,0.0463501438498497,-0.008396876975893974,0.9984902739524841,0.053710952401161194,-0.046218786388635635,-0.05295899882912636,0.9986441135406494
21.609000205993652,14.200200080871582,0.6173999905586243,0.9985978007316589,0.005961747840046883,0.050455059856176376,-0.008598893880844116,0.9987578988075256,0.05020418390631676,-0.049927979707717896,-0.049446310847997665,0.9984105825424194
22.84380054473877,14.200200080871582,0.6173999905586243,0.9984322786331177,0.005912719760090113,-0.054710034281015396,-0.00849980115890503,0.9990203380584717,-0.04573813080787659,0.053905509412288666,0.04510306566953659,0.9982770085334778
24.07859992980957,14.200200080871582,0.6173999905586243,0.998246431350708,0.005594638641923666,-0.05891953408718109,-0.007962697185575962,0.9992698431015015,-0.04029664024710655,0.05795172229409218,0.03989258408546448,0.9981744885444641
25.31339931488037,14.200200080871582,0.6173999905586243,0.9981498122215271,0.006407893728464842,-0.06234508380293846,-0.008345568552613258,0.9995166659355164,-0.03427344933152199,0.06143466755747795,0.03419084846973419,0.9981065988540649
26.54819965362549,14.200200080871582,0.6173999905586243,0.9980090260505676,-0.006332996767014265,-0.06499098241329193,0.008007609285414219,0.9996229410171509,0.02826141007244587,0.06432580202817917,-0.02848852053284645,0.9981034994125366
27.782999992370605,14.200200080871582,0.6173999905586243,0.9975911974906921,-0.007389793638139963,-0.06794390827417374,0.008767054416239262,0.9997873306274414,0.019504349678754807,0.06748207658529282,-0.0198782030493021,0.998190701007843
29.017800331115723,14.200200080871582,0.6173999905586243,0.9997394680976868,0.014172708615660667,-0.017894983291625977,-0.015507406555116177,0.9973376393318176,-0.06753300130367279,0.017178328707814217,0.06734942644834518,0.9985265135765076
30.25260066986084,14.200200080871582,0.6173999905586243,0.9971308708190918,0.00614419300109148,0.07178229838609695,-0.006159471347928047,0.9999260902404785,1.78116333700018e-05,-0.07075265049934387,-8.970471390057355e-05,0.9989410042762756
31.487401008605957,14.200200080871582,0.6173999905586243,0.997247040271759,0.007581719662994146,0.07184522598981857,-0.007045237813144922,0.999995231628418,-0.00727773318067193,-0.07127805799245834,0.007418590132147074,1.0003501176834106
11.730599880218506,15.4350004196167,0.6173999905586243,1.0005000829696655,-0.0005797599442303181,0.010401001200079918,0.0013899692567065358,0.9976134896278381,-0.07000076025724411,-0.010628238320350647,0.06954406946897507,0.9947372078895569
12.965399742126465,15.4350004196167,0.6173999905586243,1.0005351305007935,-0.00048631097888574004,0.008204301819205284,0.0008676410070620477,0.9976128935813904,-0.06999345868825912,-0.008674788288772106,0.0699467584490776,0.9957914352416992
14.200200080871582,15.4350004196167,0.6173999905586243,0.9977020621299744,0.004274219740182161,0.06765523552894592,-0.005381475202739239,1.000160574913025,0.017732255160808563,-0.06770478934049606,-0.019627351313829422,0.9964076280593872
15.4350004196167,15.4350004196167,0.6173999905586243,0.9978417754173279,0.004081348888576031,0.06448022276163101,-0.00550964567810297,0.999399721622467,0.026429947465658188,-0.06464637070894241,-0.02890169247984886,0.9974361062049866
16.669800758361816,15.4350004196167,0.6173999905586243,0.9989883303642273,0.0065451571717858315,-0.035358838737010956,-0.00810241512954235,0.9977936148643494,-0.05984955653548241,0.03498614951968193,0.06132805719971657,0.9986311793327332
17.904600143432617,15.4350004196167,0.6173999905586243,0.9991618990898132,0.0072144754230976105,-0.03972524404525757,-0.009480326436460018,0.9979953169822693,-0.057364173233509064,0.04025507718324661,0.05764452740550041,0.9988589882850647
19.139399528503418,15.4350004196167,0.6173999905586243,0.9990990161895752,0.005636866204440594,-0.04305233061313629,-0.008230112493038177,0.9982338547706604,-0.05560184642672539,0.043458111584186554,0.055463287979364395,0.9986374974250793
20.374199867248535,15.4350004196167,0.6173999905586243,0.998936653137207,0.005841081961989403,0.04651818796992302,-0.008630880154669285,0.9984791874885559,0.053164076060056686,-0.04660031199455261,-0.05275711417198181,0.9985004663467407
21.609000205993652,15.4350004196167,0.6173999905586243,0.9987106919288635,0.006037852261215448,-0.05076809972524643,-0.008880702778697014,0.9987758994102478,-0.049498699605464935,0.050446368753910065,0.049034424126148224,0.9983697533607483
22.84380054473877,15.4350004196167,0.6173999905586243,0.9983891248703003,0.00585889583453536,-0.05638638511300087,-0.008592733182013035,0.9991032481193542,-0.04331982135772705,0.05572526529431343,0.04299379885196686,0.9982870221138
24.07859992980957,15.4350004196167,0.6173999905586243,0.9980689883232117,0.0053587486036121845,-0.06207601726055145,-0.0076964981853961945,0.9994498491287231,-0.03504734858870506,0.061158571392297745,0.03492105379700661,0.9982284307479858
25.31339931488037,15.4350004196167,0.6173999905586243,0.9978893399238586,-0.006969126407057047,-0.0655926913022995,0.008791249245405197,0.9996915459632874,0.027496136724948883,0.06457839161157608,-0.027625689283013344,0.9981595277786255
26.54819965362549,15.4350004196167,0.6173999905586243,0.9978165626525879,-0.006102484185248613,-0.06780479103326797,0.007479824125766754,0.9998134970664978,0.02116258256137371,0.06707238405942917,-0.02146797627210617,0.9981265664100647
27.782999992370605,15.4350004196167,0.6173999905586243,0.997654139995575,-0.007498092483729124,-0.06940960884094238,0.008276397362351418,0.999921441078186,0.012942353263497353,0.0689845159649849,-0.01336683053523302,0.9981141090393066
29.017800331115723,15.4350004196167,0.6173999905586243,0.9974072575569153,-0.009561222977936268,0.0693536326289177,0.010428883135318756,0.9998556971549988,-0.011455375701189041,-0.06906628608703613,0.012028028257191181,0.9981555342674255
30.25260066986084,15.4350004196167,0.6173999905586243,0.997248649597168,0.007410904858261347,0.0706678107380867,-0.006966812536120415,0.9999161958694458,-0.00716240843757987,-0.07023340463638306,0.0068310583010315895,0.9984228014945984
31.487401008605957,15.4350004196167,0.6173999905586243,0.9972246885299683,0.00823861826211214,0.07056427747011185,-0.0073285228572785854,0.9998366832733154,-0.011433208361268044,-0.06960470229387283,0.011231789365410805,0.9988526701927185
11.730599880218506,16.669800758361816,0.6173999905586243,1.0002920627593994,-0.0002854596241377294,0.018171530216932297,0.0014871960738673806,0.997726559638977,-0.06837796419858932,-0.018389219418168068,0.068018838763237,0.9960552453994751
12.965399742126465,16.669800758361816,0.6173999905586243,1.0002623796463013,-0.0003021604206878692,0.016129959374666214,0.0012004183372482657,0.9976909756660461,-0.06847333163022995,-0.016976188868284225,0.06842855364084244,0.9963864088058472
14.200200080871582,16.669800758361816,0.6173999905586243,0.9998839497566223,-0.007328983396291733,0.008159722201526165,0.007990099489688873,0.9976521730422974,-0.06911522150039673,-0.006051623262465,0.07001469284296036,0.997046947479248
15.4350004196167,16.669800758361816,0.6173999905586243,0.9994279146194458,-0.008448322303593159,0.01897752657532692,0.009170545265078545,0.9977009296417236,-0.0666726604104042,-0.017565544694662094,0.06828620284795761,0.9979232549667358
16.669800758361816,16.669800758361816,0.6173999905586243,0.9994599223136902,0.007548469118773937,-0.03335753455758095,-0.009279831312596798,0.9978771209716797,-0.06089084595441818,0.033350713551044464,0.061974234879016876,0.9984816312789917
17.904600143432617,16.669800758361816,0.6173999905586243,0.9994029998779297,0.00798729993402958,-0.0395120345056057,-0.010273155756294727,0.9980892539024353,-0.0573759526014328,0.03961114585399628,0.05793146789073944,0.9984804391860962
19.139399528503418,16.669800758361816,0.6173999905586243,0.9992685914039612,0.006326564587652683,-0.04328227788209915,-0.008888455107808113,0.9982826113700867,-0.055218834429979324,0.04336630553007126,0.05545874312520027,0.9983963966369629
20.374199867248535,16.669800758361816,0.6173999905586243,0.9990864396095276,0.005612859036773443,-0.046788956969976425,-0.008382458239793777,0.9984831213951111,-0.052755631506443024,0.04668249562382698,0.05278771370649338,0.9983491897583008
21.609000205993652,16.669800758361816,0.6173999905586243,0.9987859725952148,0.005420877132564783,-0.05152708664536476,-0.008268152363598347,0.9987993836402893,-0.04854875057935715,0.05109163373708725,0.04847940057516098,0.9982778429985046
22.84380054473877,16.669800758361816,0.6173999905586243,0.998424232006073,0.004992212168872356,-0.05686931684613228,-0.0077270632609725,0.9991046190261841,-0.042552798986434937,0.05617981776595116,0.042598240077495575,0.9982168674468994
24.07859992980957,16.669800758361816,0.6173999905586243,0.9980015158653259,0.004367793910205364,-0.06308741122484207,-0.0066854930482804775,0.9994896650314331,-0.03309108689427376,0.062240492552518845,0.03327642008662224,0.9982114434242249
25.31339931488037,16.669800758361816,0.6173999905586243,0.9977750778198242,-0.006129238288849592,-0.06672080606222153,0.007850836962461472,0.9997281432151794,0.024702513590455055,0.06577015668153763,-0.02505616471171379,0.9981929063796997
26.54819965362549,16.669800758361816,0.6173999905586243,0.9976997375488281,-0.005487222224473953,-0.06885766983032227,0.00674572354182601,0.9998599886894226,0.017807329073548317,0.06806034594774246,-0.01827148348093033,0.9981493949890137
27.782999992370605,16.669800758361816,0.6173999905586243,0.9977185726165771,-0.004538914188742638,-0.07028042525053024,0.005214879289269447,0.9999648332595825,0.00974886305630207,0.06978962570428848,-0.010228668339550495,0.9981520175933838
29.017800331115723,16.669800758361816,0.6173999905586243,0.9975669384002686,-0.008090782910585403,-0.0700252503156662,0.008619057014584541,0.9999482035636902,0.006885204929858446,0.06979061663150787,-0.0074522667564451694,0.9981397390365601
30.25260066986084,16.669800758361816,0.6173999905586243,0.9973641633987427,-0.008987982757389545,0.07002613693475723,0.009602474980056286,0.9998765587806702,-0.006826132070273161,-0.06983973830938339,0.0072866263799369335,0.9981653690338135
31.487401008605957,16.669800758361816,0.6173999905586243,0.9973807334899902,0.009220890700817108,0.06862301379442215,-0.008036901243031025,0.999771237373352,-0.017615383490920067,-0.06821934133768082,0.01736690290272236,0.9984017610549927
32.72220039367676,16.669800758361816,0.6173999905586243,0.997410237789154,0.00956004299223423,0.06889862567186356,-0.008135874755680561,0.999736487865448,-0.018382478505373,-0.06794087588787079,0.018170366063714027,0.9987629055976868
10.495800018310547,17.904600143432617,0.6173999905586243,1.0000171661376953,-0.0001991002936847508,-0.0253793653100729,0.002067337278276682,0.9978610873222351,0.06613645702600479,0.025390274822711945,-0.065745510160923,0.9963284730911255
11.730599880218506,17.904600143432617,0.6173999905586243,1.0000447034835815,-0.0001688905613264069,-0.02410237118601799,0.0016567700076848269,0.9978035688400269,0.066388800740242,0.02459918148815632,-0.06608883291482925,0.996611475944519
12.965399742126465,17.904600143432617,0.6173999905586243,0.9998300671577454,-0.00939550343900919,0.018675506114959717,0.00827215239405632,0.9977502226829529,0.06712920218706131,-0.020540408790111542,-0.06702139973640442,0.9970491528511047
14.200200080871582,17.904600143432617,0.6173999905586243,0.9996424317359924,-0.008543554693460464,-0.00793747790157795,0.008178026415407658,0.9976041913032532,-0.06902983039617538,0.009848490357398987,0.06964734196662903,0.9975451827049255
15.4350004196167,17.904600143432617,0.6173999905586243,0.9995747208595276,-0.009254150092601776,0.005146051291376352,0.009472301229834557,0.9975221157073975,-0.06904895603656769,-0.004032286815345287,0.07008960843086243,0.9980449676513672
16.669800758361816,17.904600143432617,0.6173999905586243,0.9995341300964355,0.008279544301331043,-0.029760127887129784,-0.010037444531917572,0.9978205561637878,-0.06272592395544052,0.029497237876057625,0.06376475095748901,0.998279869556427
17.904600143432617,17.904600143432617,0.6173999905586243,0.9992433190345764,0.008119689300656319,-0.04034709557890892,-0.010473832488059998,0.9981889128684998,-0.056827932596206665,0.04019752889871597,0.05752483010292053,0.9983243346214294
19.139399528503418,17.904600143432617,0.6173999905586243,0.9990664720535278,0.006499866023659706,-0.04505661129951477,-0.009065215475857258,0.9984040260314941,-0.05376845970749855,0.044833190739154816,0.05423327535390854,0.9982593059539795
20.374199867248535,17.904600143432617,0.6173999905586243,0.9988549947738647,-0.005369813181459904,0.04932215437293053,0.008084665983915329,0.9986380934715271,-0.050380099564790726,-0.048955827951431274,0.05072557181119919,0.9982362985610962
21.609000205993652,17.904600143432617,0.6173999905586243,0.9985975623130798,0.004750862717628479,-0.05359376594424248,-0.007471848279237747,0.9988932609558105,-0.04625324904918671,0.05299915373325348,0.0464959479868412,0.9982075095176697
22.84380054473877,17.904600143432617,0.6173999905586243,0.9982374310493469,0.0035814077127724886,-0.05917423591017723,-0.006109551060944796,0.9992303252220154,-0.039332419633865356,0.05844268575310707,0.039634592831134796,0.99815833568573
24.07859992980957,17.904600143432617,0.6173999905586243,0.9977799654006958,-0.003415835788473487,-0.06589186191558838,0.005321682896465063,0.9996535181999207,0.026971543207764626,0.06512441486120224,-0.027417831122875214,0.9981507062911987
25.31339931488037,17.904600143432617,0.6173999905586243,0.997588574886322,-0.004699255805462599,-0.06878742575645447,0.006016588304191828,0.9998416900634766,0.01828249730169773,0.06800752133131027,-0.01884215883910656,0.9981518983840942
26.54819965362549,17.904600143432617,0.6173999905586243,0.9975239634513855,-0.004889354575425386,-0.07019597291946411,0.005733264610171318,0.9999383687973022,0.011597628705203533,0.069508858025074,-0.012225528247654438,0.9981462955474854
27.782999992370605,17.904600143432617,0.6173999905586243,0.997571587562561,-0.004680617246776819,-0.07089369744062424,0.005023795645684004,0.9999904036521912,0.004560820758342743,0.07044094800949097,-0.00518103176727891,0.9981868267059326
29.017800331115723,17.904600143432617,0.6173999905586243,0.9976336359977722,-0.004883816000074148,-0.07074031978845596,0.004968804772943258,0.9999473690986633,0.001251778332516551,0.0705089196562767,-0.001718939864076674,0.998168408870697
30.25260066986084,17.904600143432617,0.6173999905586243,0.9974398612976074,-0.00789475254714489,-0.07022731751203537,0.008228423073887825,0.9998809099197388,0.003424501745030284,0.07013233751058578,-0.0038632377982139587,0.9980877041816711
31.487401008605957,17.904600143432617,0.6173999905586243,0.9976190328598022,0.010229714214801788,0.06594271957874298,-0.008610147051513195,0.9996245503425598,-0.024693232029676437,-0.0658159926533699,0.024311387911438942,0.9981176853179932
32.72220039367676,17.904600143432617,0.6173999905586243,0.9975786805152893,0.010461798869073391,0.06612205505371094,-0.008764958940446377,0.9995874762535095,-0.02513067238032818,-0.06571213155984879,0.024935919791460037,0.9984124898910522
33.957000732421875,17.904600143432617,0.6173999905586243,0.99771648645401,0.011088146828114986,0.06581100076436996,-0.00931006483733654,0.9996153116226196,-0.026491332799196243,-0.06549394875764847,0.026852184906601906,0.9992518424987793
9.261000156402588,19.139399528503418,0.6173999905586243,0.9995976686477661,-0.00027789754676632583,-0.03056970238685608,0.00232812762260437,0.9978480339050293,0.06403534859418869,0.03138845041394234,-0.06294962018728256,0.9959222078323364
10.495800018310547,19.139399528503418,0.6173999905586243,0.9998340010643005,0.00015317939687520266,-0.02908957377076149,0.0017024000408127904,0.9979158639907837,0.06455053389072418,0.029345406219363213,-0.06412230432033539,0.9968533515930176
11.730599880218506,19.139399528503418,0.6173999905586243,0.9985089898109436,0.0018964363262057304,-0.05825304239988327,0.0005601334269158542,0.9992048144340515,0.03975323587656021,0.058723390102386475,-0.03915592283010483,0.9969749450683594
12.965399742126465,19.139399528503418,0.6173999905586243,0.999409019947052,-0.006772564724087715,-0.034114234149456024,0.004899418912827969,0.9980489015579224,-0.061054252088069916,0.03562717139720917,0.06082959845662117,0.9973382949829102
14.200200080871582,19.139399528503418,0.6173999905586243,0.999243438243866,-0.010938401333987713,-0.030301408842206,0.009400585666298866,0.9979789853096008,-0.062138207256793976,0.03192510828375816,0.062395837157964706,0.997783899307251
15.4350004196167,19.139399528503418,0.6173999905586243,0.9995160698890686,-0.010737739503383636,-0.02334502525627613,0.009180954657495022,0.9977985620498657,-0.06500795483589172,0.02444971166551113,0.0657089427113533,0.998033881187439
16.669800758361816,19.139399528503418,0.6173999905586243,0.9994707107543945,-0.008410400710999966,-0.031351812183856964,0.010312528349459171,0.9979175329208374,0.0618944875895977,0.031139560043811798,-0.06291688233613968,0.9981417655944824
17.904600143432617,19.139399528503418,0.6173999905586243,0.998856782913208,0.007308474741876125,-0.04739424213767052,-0.009838365018367767,0.9985640645027161,-0.05117567256093025,0.04731433093547821,0.05196680501103401,0.9981739521026611
19.139399528503418,19.139399528503418,0.6173999905586243,0.9986111521720886,-0.005648605525493622,-0.052385978400707245,0.008245302364230156,0.9988206624984741,0.0467178151011467,0.05217941105365753,-0.04734482988715172,0.9981565475463867
20.374199867248535,19.139399528503418,0.6173999905586243,0.9984398484230042,-0.004290572367608547,-0.05548381060361862,0.006896100472658873,0.9990055561065674,0.04357210546731949,0.055121712386608124,-0.04409428685903549,0.9981581568717957
21.609000205993652,19.139399528503418,0.6173999905586243,0.9982513785362244,0.00333767500706017,-0.05845557898283005,-0.005840708967298269,0.9991675019264221,-0.04001966863870621,0.05791415646672249,0.040439754724502563,0.9981474280357361
22.84380054473877,19.139399528503418,0.6173999905586243,0.9979885220527649,0.0019431525142863393,-0.0625264048576355,-0.004172114655375481,0.9994339942932129,-0.03381699323654175,0.06188952922821045,0.034216176718473434,0.9981158375740051
24.07859992980957,19.139399528503418,0.6173999905586243,0.997622549533844,-0.002491396153345704,-0.06806790083646774,0.003943600691854954,0.999798059463501,0.0207686685025692,0.06741054356098175,-0.02129504643380642,0.998100996017456
25.31339931488037,19.139399528503418,0.6173999905586243,0.9975113868713379,-0.00374247576110065,-0.06975295394659042,0.0047251274809241295,0.9999077916145325,0.013954496942460537,0.06911710649728775,-0.014597903937101364,0.9980897307395935
26.54819965362549,19.139399528503418,0.6173999905586243,0.9974649548530579,-0.004512898623943329,-0.07067518681287766,0.005070048850029707,0.9999560713768005,0.0076837060041725636,0.07011149078607559,-0.008394994772970676,0.9980998635292053
27.782999992370605,19.139399528503418,0.6173999905586243,0.9974880218505859,-0.004352216608822346,-0.07103616744279861,0.004459321033209562,0.9999809265136719,0.001558763673529029,0.07060888409614563,-0.0022527938708662987,0.9981375932693481
29.017800331115723,19.139399528503418,0.6173999905586243,0.9976267218589783,-0.005149886943399906,-0.07074525207281113,0.004990283865481615,0.9998955726623535,-0.0031680678948760033,0.07051990926265717,0.002611835254356265,0.9981646537780762
30.25260066986084,19.139399528503418,0.6173999905586243,0.9975622892379761,-0.008097642101347446,-0.07032337784767151,0.008278967812657356,0.9998881816864014,0.0007904763915576041,0.07020881026983261,-0.0012031570076942444,0.998102068901062
31.487401008605957,19.139399528503418,0.6173999905586243,0.9974300861358643,-0.008881257846951485,-0.07026322931051254,0.00883578509092331,0.9999247193336487,-0.0019257147796452045,0.07017170637845993,0.0016360554145649076,0.9980049729347229
32.72220039367676,19.139399528503418,0.6173999905586243,0.9978240132331848,0.011147445999085903,0.06310416758060455,-0.009183409623801708,0.999422550201416,-0.031050579622387886,-0.06299083679914474,0.03082975558936596,0.9981091022491455
33.957000732421875,19.139399528503418,0.6173999905586243,0.9979147911071777,0.011736204847693443,0.06216347590088844,-0.009550843387842178,0.9993090629577637,-0.033182501792907715,-0.06176120787858963,0.03315650671720505,0.9983755350112915
9.261000156402588,20.374199867248535,0.6173999905586243,0.9994900226593018,0.00010638330422807485,-0.034562885761260986,0.002098354045301676,0.9981096386909485,0.061806946992874146,0.03474034368991852,-0.06139132380485535,0.9972108602523804
10.495800018310547,20.374199867248535,0.6173999905586243,0.9989036917686462,0.0004526004777289927,-0.050159554928541183,0.002094423398375511,0.9987297654151917,0.04981989786028862,0.05033200979232788,-0.049435093998909,0.9971923828125
11.730599880218506,20.374199867248535,0.6173999905586243,0.9991979598999023,-0.006466391030699015,-0.042539335787296295,0.004219049122184515,0.9983683228492737,-0.05586104467511177,0.043557245284318924,0.05539264157414436,0.9972837567329407
12.965399742126465,20.374199867248535,0.6173999905586243,0.9990738034248352,-0.007224340457469225,-0.04197396710515022,0.005181388929486275,0.9982917308807373,-0.05571762099862099,0.0433378592133522,0.05564035102725029,0.9975985288619995
14.200200080871582,20.374199867248535,0.6173999905586243,0.9989629983901978,-0.01134929247200489,-0.04085159674286842,0.009300748817622662,0.9983468651771545,-0.05555838719010353,0.042220260947942734,0.05586527660489082,0.9978736042976379
15.4350004196167,20.374199867248535,0.6173999905586243,0.9990010261535645,-0.01138225570321083,-0.04049855098128319,0.009054332971572876,0.9984073638916016,-0.05588113144040108,0.04165947809815407,0.05631362646818161,0.9979968667030334
16.669800758361816,20.374199867248535,0.6173999905586243,0.9982225298881531,-0.010623694397509098,0.05700136721134186,0.008321521803736687,0.9992213249206543,0.03952006250619888,-0.0579996258020401,-0.03946211189031601,0.9980756640434265
17.904600143432617,20.374199867248535,0.6173999905586243,0.9982243180274963,0.007372457999736071,-0.05896132439374924,-0.00973716750741005,0.9992371797561646,-0.03724072873592377,0.05905698612332344,0.038065314292907715,0.9981040954589844
19.139399528503418,20.374199867248535,0.6173999905586243,0.9980964064598083,0.005289401393383741,-0.06097155809402466,-0.00756576843559742,0.9993647933006287,-0.034807782620191574,0.06089675426483154,0.035513345152139664,0.9981069564819336
20.374199867248535,20.374199867248535,0.6173999905586243,0.9980201125144958,0.003652060404419899,-0.06195055693387985,-0.005898454692214727,0.9994099140167236,-0.03379039466381073,0.0616895966231823,0.0343896709382534,0.9981125593185425
21.609000205993652,20.374199867248535,0.6173999905586243,0.9979483485221863,0.002425526035949588,-0.06311138719320297,-0.004589204676449299,0.9994656443595886,-0.03221137449145317,0.06266926229000092,0.03270319849252701,0.9980996251106262
22.84380054473877,20.374199867248535,0.6173999905586243,0.9978015422821045,0.0010890854755416512,-0.06550223380327225,-0.002995052607730031,0.9996383190155029,-0.027566013857722282,0.06497228145599365,0.028011398389935493,0.9980810880661011
24.07859992980957,20.374199867248535,0.6173999905586243,0.9975578784942627,-0.0014669146621599793,-0.06933271884918213,0.0026063311379402876,0.9999135136604309,0.01592230051755905,0.06878665834665298,-0.01646062545478344,0.998073935508728
25.31339931488037,20.374199867248535,0.6173999905586243,0.9974979162216187,-0.0026072668842971325,-0.07029568403959274,0.003378756809979677,0.9999634623527527,0.010717016644775867,0.06976612657308578,-0.011361878365278244,0.9980597496032715
26.54819965362549,20.374199867248535,0.6173999905586243,0.9974541068077087,-0.003594235284253955,-0.07089050114154816,0.003964112605899572,0.9999750852584839,0.004957044497132301,0.07043126225471497,-0.005671279970556498,0.9980675578117371
27.782999992370605,20.374199867248535,0.6173999905586243,0.9974741339683533,-0.0037844046019017696,-0.07103435695171356,0.0037600689101964235,0.9999601244926453,-0.0005574969691224396,0.07067469507455826,-0.00012765095743816346,0.9981116652488708
29.017800331115723,20.374199867248535,0.6173999905586243,0.9975517392158508,-0.004769457969814539,-0.07061581313610077,0.004397835582494736,0.9998803734779358,-0.006306875497102737,0.07035800814628601,0.005750027950853109,0.9981503486633301
30.25260066986084,20.374199867248535,0.6173999905586243,0.9975498914718628,-0.004167452454566956,0.0707453042268753,0.004100407473742962,0.999885618686676,0.0013143812539055943,-0.07055450230836868,-0.0011444644769653678,0.99805748462677
31.487401008605957,20.374199867248535,0.6173999905586243,0.9974700808525085,-0.00976627878844738,-0.06995595991611481,0.009450701996684074,0.9999068975448608,-0.0048129321075975895,0.06992146372795105,0.004542152862995863,0.9979039430618286
32.72220039367676,20.374199867248535,0.6173999905586243,0.9983015656471252,0.012604132294654846,-0.05585385859012604,-0.010233142413198948,0.9990226030349731,0.042069364339113235,0.05598823353648186,-0.041824933141469955,0.9979057908058167
33.957000732421875,20.374199867248535,0.6173999905586243,0.9982686042785645,0.01276608370244503,-0.05605325475335121,-0.010353141464293003,0.9990211129188538,0.04191581904888153,0.05597822368144989,-0.04189731553196907,0.9980767369270325
9.261000156402588,21.609000205993652,0.6173999905586243,0.9992498159408569,0.0009762890986166894,0.03909630328416824,0.0013229143805801868,0.9982450008392334,-0.05899970233440399,-0.03934355452656746,0.058564409613609314,0.9975627660751343
10.495800018310547,21.609000205993652,0.6173999905586243,0.9990364909172058,0.0012281497474759817,-0.04583623260259628,0.0011693720007315278,0.998521625995636,0.05378982424736023,0.046049997210502625,-0.053481511771678925,0.9974112510681152
11.730599880218506,21.609000205993652,0.6173999905586243,0.9989352822303772,-0.006890745367854834,-0.048538338392972946,0.004692509770393372,0.9985955357551575,-0.050594180822372437,0.04947502911090851,0.05021193251013756,0.9974980354309082
12.965399742126465,21.609000205993652,0.6173999905586243,0.998782753944397,-0.010411432944238186,0.048679158091545105,0.008340844884514809,0.9986497163772583,0.049288831651210785,-0.049949824810028076,-0.04923349246382713,0.9977237582206726
14.200200080871582,21.609000205993652,0.6173999905586243,0.9986400008201599,-0.01096260640770197,0.04966302216053009,0.008686601184308529,0.9988217949867249,0.047881435602903366,-0.05094639211893082,-0.048147864639759064,0.9978663325309753
15.4350004196167,21.609000205993652,0.6173999905586243,0.9984732866287231,-0.010978077538311481,0.05233440175652504,0.00857488065958023,0.9989893436431885,0.04510150104761124,-0.05348951369524002,-0.04530341178178787,0.9979559779167175
16.669800758361816,21.609000205993652,0.6173999905586243,0.9981012940406799,-0.010094649158418179,-0.05924270302057266,0.007900958880782127,0.9993696212768555,-0.036205194890499115,0.06021428853273392,0.03610870614647865,0.998007595539093
17.904600143432617,21.609000205993652,0.6173999905586243,0.9974844455718994,-0.008195043541491032,-0.0692242980003357,0.007611491717398167,0.9999813437461853,-0.00900803878903389,0.06983771175146103,0.008444634266197681,0.9980450868606567
19.139399528503418,21.609000205993652,0.6173999905586243,0.9974940419197083,-0.0055538066662848,-0.06945067644119263,0.006349066272377968,0.999958336353302,0.010389318689703941,0.06965938210487366,-0.011080576106905937,0.9980729222297668
20.374199867248535,21.609000205993652,0.6173999905586243,0.9976224899291992,-0.0032955568749457598,-0.06773843616247177,0.004751213826239109,0.999813973903656,0.01982337050139904,0.06763124465942383,-0.02044960856437683,0.9980823993682861
21.609000205993652,21.609000205993652,0.6173999905586243,0.997650682926178,-0.0017714188434183598,-0.06749186664819717,0.0033361827954649925,0.9997797012329102,0.021566001698374748,0.06717123091220856,-0.022103656083345413,0.9980685710906982
22.84380054473877,21.609000205993652,0.6173999905586243,0.9976149797439575,-0.0004415297298692167,-0.06822539865970612,0.001871874905191362,0.9998379349708557,0.019790515303611755,0.06778470426797867,-0.020275600254535675,0.998059093952179
24.07859992980957,21.609000205993652,0.6173999905586243,0.9975309371948242,-0.0006830744096077979,-0.06978779286146164,0.0016518111806362867,0.9999445080757141,0.01361667737364769,0.0693078339099884,-0.014132286421954632,0.9980505704879761
25.31339931488037,21.609000205993652,0.6173999905586243,0.9974957704544067,-0.000730218249373138,-0.07042033225297928,0.0014226795174181461,0.9999690055847168,0.009805198758840561,0.06998328864574432,-0.01034605409950018,0.9980238676071167
26.54819965362549,21.609000205993652,0.6173999905586243,0.9974570870399475,-0.0020887895952910185,-0.07093404233455658,0.0024004385340958834,0.9999701976776123,0.004233208950608969,0.07056041061878204,-0.004853491205722094,0.998040497303009
